,300MHz_ppm,300MHz_intensity,60MHz_ppm,60MHz_intensity
0,-0.5,1.7232852966468924e-05,-0.5,0.000447958348670651
1,-0.49799963629750865,1.7311026958964755e-05,-0.49799963629750865,0.0004500541030529415
2,-0.49599927259501725,1.7389907507825017e-05,-0.49599927259501725,0.00045216902024910826
3,-0.4939989088925259,1.746950456494744e-05,-0.4939989088925259,0.00045430336848538964
4,-0.4919985451900345,1.754982827197966e-05,-0.49199854519003455,0.0004564574210278565
5,-0.48999818148754315,1.763088896483598e-05,-0.4899981814875432,0.0004586314563004292
6,-0.48799781778505186,1.7712697178342176e-05,-0.48799781778505186,0.00046082575800619145
7,-0.4859974540825605,1.779526365101251e-05,-0.48599745408256045,0.0004630406152521026
8,-0.48399709038006916,1.787859932996331e-05,-0.4839970903800691,0.0004652763226772255
9,-0.48199672667757776,1.7962715375967647e-05,-0.4819967266775777,0.00046753318058457665
10,-0.4799963629750864,1.80476231686558e-05,-0.47999636297508635,0.00046981149507672326
11,-0.477995999272595,1.8133334311866294e-05,-0.47799599927259506,0.00047211157819524786
12,-0.47599563557010366,1.8219860639152687e-05,-0.47599563557010366,0.00047443374806421
13,-0.4739952718676123,1.8307214219451195e-05,-0.4739952718676123,0.0004767783290377338
14,-0.4719949081651209,1.8395407362914694e-05,-0.47199490816512096,0.0004791456518518644
15,-0.46999454446262956,1.84844526269187e-05,-0.46999454446262956,0.0004815360537808322
16,-0.46799418076013816,1.857436282224518e-05,-0.4679941807601382,0.0004839498787978732
17,-0.4659938170576468,1.8665151019450324e-05,-0.4659938170576468,0.00048638747774076184
18,-0.4639934533551555,1.875683055542248e-05,-0.46399345335515546,0.0004888492084822141
19,-0.46199308965266417,1.8849415040136992e-05,-0.46199308965266417,0.0004913354361053268
20,-0.45999272595017276,1.8942918363614636e-05,-0.45999272595017276,0.0004938465330842268
21,-0.4579923622476814,1.9037354703090793e-05,-0.4579923622476814,0.0004963828794701065
22,-0.45599199854519007,1.91327385304027e-05,-0.45599199854519,0.0004989448630828361
23,-0.45399163484269867,1.9229084619602495e-05,-0.45399163484269867,0.0005015328797083407
24,-0.4519912711402073,1.9326408054803974e-05,-0.4519912711402073,0.0005041473333019481
25,-0.4499909074377159,1.9424724238271408e-05,-0.4499909074377159,0.0005067886361979106
26,-0.44799054373522457,1.9524048898758962e-05,-0.4479905437352246,0.0005094572093253243
27,-0.4459901800327332,1.9624398100109702e-05,-0.4459901800327332,0.0005121534824306678
28,-0.4439898163302418,1.9725788250123633e-05,-0.44398981633024187,0.0005148778943071941
29,-0.4419894526277506,1.9828236109704332e-05,-0.4419894526277505,0.0005176308930314241
30,-0.4399890889252592,1.9931758802294354e-05,-0.4399890889252591,0.000520412936206994
31,-0.4379887252227678,2.0036373823609897e-05,-0.43798872522276777,0.0005232244912161177
32,-0.4359883615202764,2.014209905168585e-05,-0.43598836152027637,0.000526066035478947
33,-0.4339879978177851,2.0248952757242323e-05,-0.433987997817785,0.0005289380567211093
34,-0.43198763411529373,2.035695361438487e-05,-0.43198763411529373,0.0005318410532497247
35,-0.4299872704128023,2.046612071165061e-05,-0.4299872704128023,0.0005347755342382135
36,-0.427986906710311,2.057647356341325e-05,-0.427986906710311,0.0005377420200202151
37,-0.4259865430078196,2.06880321216603e-05,-0.42598654300781963,0.0005407410423929603
38,-0.4239861793053282,2.08008167881568e-05,-0.4239861793053282,0.0005437731449304437
39,-0.4219858156028369,2.0914848427009868e-05,-0.4219858156028369,0.0005468388833067642
40,-0.41998545190034553,2.103014837764956e-05,-0.41998545190034553,0.000549938825630018
41,-0.4179850881978542,2.1146738468241788e-05,-0.4179850881978542,0.000553073552787138
42,-0.4159847244953628,2.1264641029550044e-05,-0.41598472449536283,0.0005562436588000967
43,-0.4139843607928715,2.1383878909263113e-05,-0.41398436079287143,0.000559449751193908
44,-0.4119839970903801,2.150447548680695e-05,-0.4119839970903801,0.0005626924513768738
45,-0.40998363338788874,2.1626454688659563e-05,-0.4099836333878887,0.0005659723950335534
46,-0.40798326968539733,2.174984100418858e-05,-0.40798326968539733,0.0005692902325309423
47,-0.405982905982906,2.1874659502032146e-05,-0.405982905982906,0.0005726466293383772
48,-0.40398254228041464,2.2000935847044596e-05,-0.4039825422804146,0.0005760422664617024
49,-0.40198217857792323,2.2128696317829363e-05,-0.4019821785779233,0.000579477840892257
50,-0.3999818148754319,2.2257967824882713e-05,-0.3999818148754319,0.0005829540660712685
51,-0.39798145117294054,2.2388777929372595e-05,-0.39798145117294054,0.0005864716723702626
52,-0.3959810874704492,2.2521154862578595e-05,-0.3959810874704492,0.0005900314075881318
53,-0.3939807237679578,2.2655127546019457e-05,-0.3939807237679578,0.0005936340374655222
54,-0.3919803600654665,2.2790725612296614e-05,-0.3919803600654665,0.0005972803462172473
55,-0.38997999636297515,2.2927979426682775e-05,-0.38997999636297515,0.0006009711370834473
56,-0.38797963266048374,2.3066920109486417e-05,-0.38797963266048374,0.0006047072329002645
57,-0.3859792689579924,2.3207579559224393e-05,-0.3859792689579924,0.0006084894766908329
58,-0.383978905255501,2.3349990476636198e-05,-0.383978905255501,0.000612318732277411
59,-0.38197854155300964,2.3494186389575306e-05,-0.38197854155300964,0.000616195884915541
60,-0.3799781778505183,2.3640201678814295e-05,-0.3799781778505183,0.0006201218419511437
61,-0.3779778141480269,2.3788071604802698e-05,-0.3779778141480269,0.0006240975335015104
62,-0.37597745044553554,2.3937832335417892e-05,-0.37597745044553554,0.000628123913161195
63,-0.3739770867430442,2.4089520974751724e-05,-0.37397708674304414,0.0006322019587338581
64,-0.37197672304055285,2.4243175592977246e-05,-0.37197672304055285,0.0006363326729911666
65,-0.36997635933806144,2.4398835257342477e-05,-0.3699763593380615,0.0006405170844599033
66,-0.36797599563557015,2.4556540064340068e-05,-0.3679759956355701,0.0006447562482384977
67,-0.36597563193307875,2.4716331173104363e-05,-0.36597563193307875,0.0006490512468442477
68,-0.3639752682305874,2.4878250840089847e-05,-0.3639752682305874,0.0006534031910925705
69,-0.36197490452809605,2.5042342455087625e-05,-0.36197490452809605,0.000657813221009669
70,-0.35997454082560465,2.5208650578639504e-05,-0.3599745408256047,0.0006622825067800957
71,-0.3579741771231133,2.5377220980912078e-05,-0.3579741771231133,0.0006668122497307427
72,-0.3559738134206219,2.5548100682096656e-05,-0.35597381342062195,0.0006714036833528828
73,-0.35397344971813055,2.5721337994403854e-05,-0.35397344971813055,0.0006760580743639583
74,-0.3519730860156392,2.5896982565725618e-05,-0.3519730860156392,0.0006807767238109
75,-0.34997272231314785,2.607508542504078e-05,-0.34997272231314785,0.0006855609682168606
76,-0.3479723586106565,2.625569902964462e-05,-0.34797235861065645,0.0006904121807733236
77,-0.3459719949081651,2.6438877314286668e-05,-0.3459719949081651,0.0006953317725796731
78,-0.3439716312056738,2.662467574230567e-05,-0.3439716312056737,0.0007003211939323955
79,-0.3419712675031824,2.6813151358855437e-05,-0.3419712675031824,0.000705381935666216
80,-0.33997090380069106,2.7004362846319784e-05,-0.33997090380069106,0.0007105155305495809
81,-0.3379705400981997,2.7198370582020643e-05,-0.33797054009819966,0.0007157235547370311
82,-0.3359701763957083,2.7395236698328507e-05,-0.3359701763957083,0.0007210076292811402
83,-0.33396981269321696,2.75950251452905e-05,-0.333969812693217,0.0007263694217068441
84,-0.33196944899072556,2.7797801755897677e-05,-0.3319694489907256,0.00073181064765113
85,-0.3299690852882342,2.800363431411955e-05,-0.32996908528823427,0.0007373330725712166
86,-0.32796872158574286,2.8212592625841274e-05,-0.32796872158574286,0.0007429385135245309
87,-0.3259683578832515,2.8424748592845967e-05,-0.3259683578832515,0.0007486288410239654
88,-0.32396799418076017,2.8640176289992943e-05,-0.32396799418076017,0.0007544059809720867
89,-0.3219676304782688,2.8858952045750965e-05,-0.32196763047826876,0.0007602719166781797
90,-0.31996726677577747,2.9081154526254455e-05,-0.3199672667757774,0.000766228690962217
91,-0.31796690307328607,2.9306864823060367e-05,-0.317966903073286,0.000772278408350079
92,-0.3159665393707947,2.953616654479345e-05,-0.31596653937079466,0.0007784232373645966
93,-0.3139661756683033,2.976914591287834e-05,-0.3139661756683033,0.000784665412917236
94,-0.31196581196581197,3.0005891861568635e-05,-0.31196581196581197,0.0007910072388055342
95,-0.3099654482633206,3.0246496142495097e-05,-0.3099654482633206,0.0007974510903216828
96,-0.3079650845608292,3.049105343396827e-05,-0.3079650845608292,0.0008039994169779611
97,-0.30596472085833787,3.0739661455284654e-05,-0.3059647208583379,0.0008106547453550666
98,-0.3039643571558465,3.0992421086300395e-05,-0.3039643571558466,0.0008174196820797379
99,-0.3019639934533552,3.124943649255225e-05,-0.3019639934533552,0.0008242969169384335
100,-0.2999636297508638,3.1510815256222185e-05,-0.2999636297508638,0.0008312892261342553
101,-0.2979632660483725,3.1776668513260335e-05,-0.2979632660483725,0.0008383994756947054
102,-0.29596290234588113,3.204711109699994e-05,-0.2959629023458811,0.0008456306250383493
103,-0.2939625386433897,3.2322261688618346e-05,-0.2939625386433897,0.0008529857307089276
104,-0.2919621749408984,3.260224297482027e-05,-0.2919621749408983,0.0008604679502859907
105,-0.289961811238407,3.2887181813142794e-05,-0.289961811238407,0.0008680805464816835
106,-0.2879614475359156,3.317720940530659e-05,-0.2879614475359156,0.0008758268914339055
107,-0.2859610838334243,3.3472461479064706e-05,-0.2859610838334242,0.000883710471206703
108,-0.28396072013093293,3.377307847902899e-05,-0.28396072013093293,0.0008917348905094394
109,-0.2819603564284416,3.4079205766985004e-05,-0.2819603564284415,0.0008999038776470115
110,-0.2799599927259502,3.439099383223882e-05,-0.2799599927259502,0.0009082212897141599
111,-0.27795962902345883,3.470859851257517e-05,-0.27795962902345883,0.0009166911180477636
112,-0.27595926532096743,3.503218122644343e-05,-0.2759592653209675,0.0009253174939519015
113,-0.2739589016184761,3.5361909217029454e-05,-0.27395890161847614,0.0009341046947114146
114,-0.27195853791598473,3.5697955808913943e-05,-0.27195853791598473,0.0009430571499107539
115,-0.2699581742134934,3.604050067806609e-05,-0.2699581742134934,0.0009521794480759801
116,-0.26795781051100204,3.6389730135970435e-05,-0.26795781051100204,0.0009614763436589859
117,-0.26595744680851063,3.67458374287403e-05,-0.26595744680851063,0.0009709527643842847
118,-0.2639570831060193,3.710902305212837e-05,-0.2639570831060193,0.0009806138189800658
119,-0.2619567194035279,3.747949508340867e-05,-0.26195671940352794,0.0009904648053167136
120,-0.2599563557010366,3.7857469531171566e-05,-0.2599563557010366,0.0010005112189775522
121,-0.25795599199854524,3.824317070414592e-05,-0.2579559919985452,0.0010107587622882985
122,-0.25595562829605384,3.8636831600241937e-05,-0.25595562829605384,0.0010212133538335477
123,-0.2539552645935625,3.903869431709251e-05,-0.2539552645935625,0.0010318811384905755
124,-0.2519549008910711,3.94490104854627e-05,-0.25195490089107114,0.0010427684980129147
125,-0.24995453718857974,3.986804172699587e-05,-0.24995453718857974,0.0010538820621984345
126,-0.24795417348608842,4.029606013787218e-05,-0.24795417348608836,0.0010652287206791647
127,-0.24595380978359704,4.073334880007068e-05,-0.24595380978359704,0.0010768156353727883
128,-0.24395344608110567,4.11802023220512e-05,-0.24395344608110567,0.0010886502536386286
129,-0.2419530823786143,4.163692741080865e-05,-0.2419530823786143,0.001100740322184107
130,-0.23995271867612294,4.2103843477398414e-05,-0.23995271867612294,0.0011130939017710544
131,-0.2379523549736316,4.25812832781915e-05,-0.2379523549736316,0.0011257193827749216
132,-0.23595199127114025,4.306959359429057e-05,-0.23595199127114022,0.0011386255016539578
133,-0.23395162756864887,4.356913595172625e-05,-0.23395162756864885,0.0011518213583897236
134,-0.2319512638661575,4.408028738525647e-05,-0.23195126386615747,0.001165316434965018
135,-0.22995090016366612,4.460344124881418e-05,-0.2299509001636661,0.0011791206149503936
136,-0.22795053646117475,4.5139008075889196e-05,-0.2279505364611748,0.0011932442042759614
137,-0.22595017275868343,4.568741649339362e-05,-0.22595017275868343,0.001207697953271221
138,-0.22394980905619208,4.6249114192846074e-05,-0.22394980905619205,0.0012224930800621842
139,-0.2219494453537007,4.6824568963022256e-05,-0.22194944535370068,0.001237641295422205
140,-0.21994908165120933,4.7414269788560406e-05,-0.21994908165120933,0.0012531548291806786
141,-0.21794871794871795,4.8018728019381996e-05,-0.21794871794871795,0.0012690464583022473
142,-0.21594835424622658,4.863847861619501e-05,-0.21594835424622658,0.0012853295367583905
143,-0.21394799054373526,4.927408147779186e-05,-0.21394799054373526,0.0013020180273233422
144,-0.21194762684124388,4.992612285634132e-05,-0.21194762684124388,0.0013191265354373202
145,-0.20994726313875253,5.059521686740693e-05,-0.20994726313875253,0.001336670345292087
146,-0.20794689943626116,5.1282007102010306e-05,-0.20794689943626116,0.0013546654583070368
147,-0.20594653573376978,5.198716834869928e-05,-0.20594653573376978,0.0013731286341784757
148,-0.2039461720312784,5.2711408434286674e-05,-0.2039461720312784,0.0013920774347005462
149,-0.20194580832878709,5.34554701927008e-05,-0.20194580832878703,0.001411530270573653
150,-0.1999454446262957,5.422013357224297e-05,-0.19994544462629574,0.0014315064514352817
151,-0.19794508092380436,5.5006217892486045e-05,-0.19794508092380436,0.001452026239369071
152,-0.195944717221313,5.5814584263086274e-05,-0.195944717221313,0.0014731109061710279
153,-0.1939443535188216,5.66461381779232e-05,-0.1939443535188216,0.001494782794677161
154,-0.19194398981633023,5.750183229924597e-05,-0.19194398981633026,0.0015170653844847348
155,-0.18994362611383891,5.838266944790247e-05,-0.1899436261138389,0.0015399833624301974
156,-0.18794326241134754,5.92897058172727e-05,-0.1879432624113475,0.0015635626982208354
157,-0.18594289870885616,6.022405443024241e-05,-0.18594289870885614,0.0015878307256548495
158,-0.18394253500636482,6.118688886045314e-05,-0.18394253500636484,0.001612816229906087
159,-0.18194217130387344,6.217944724117502e-05,-0.18194217130387347,0.0016385495413957657
160,-0.17994180760138212,6.320303658749504e-05,-0.1799418076013821,0.0016650626368244856
161,-0.17794144389889074,6.425903746012457e-05,-0.17794144389889072,0.0016923892479945352
162,-0.17594108019639937,6.534890900203792e-05,-0.17594108019639934,0.0017205649791152764
163,-0.173940716493908,6.647419438240042e-05,-0.173940716493908,0.0017496274333543692
164,-0.17194035279141665,6.763652668586704e-05,-0.17194035279141662,0.0017796163494753726
165,-0.16993998908892527,6.883763528938629e-05,-0.1699399890889253,0.0018105737494889694
166,-0.16793962538643395,7.00793527731817e-05,-0.16793962538643392,0.0018425440983417618
167,-0.16593926168394257,7.13636224176698e-05,-0.16593926168394255,0.0018755744767745997
168,-0.1639388979814512,7.269250634378408e-05,-0.1639388979814512,0.001909714768603192
169,-0.16193853427895982,7.406819436059488e-05,-0.16193853427895982,0.001945017863808941
170,-0.15993817057646845,7.549301359133872e-05,-0.15993817057646845,0.0019815398789794956
171,-0.1579378068739771,7.696943895711878e-05,-0.15793780687397707,0.0020193403968086126
172,-0.15593744317148578,7.850010460673015e-05,-0.15593744317148578,0.002058482726556059
173,-0.1539370794689944,8.008781639146221e-05,-0.1539370794689944,0.002099034187583353
174,-0.15193671576650303,8.173556549549803e-05,-0.15193671576650303,0.002141066418323473
175,-0.14993635206401165,8.34465433458833e-05,-0.14993635206401165,0.0021846557133161186
176,-0.14793598836152028,8.52241579411958e-05,-0.14793598836152028,0.0022298833912490156
177,-0.14593562465902893,8.707205175530072e-05,-0.14593562465902893,0.002276836197295323
178,-0.1439352609565376,8.899412139223601e-05,-0.14393526095653755,0.002325606743433337
179,-0.14193489725404623,9.09945391907172e-05,-0.14193489725404618,0.00237629399088416
180,-0.13993453355155486,9.307777700242185e-05,-0.13993453355155486,0.0024290037793139527
181,-0.13793416984906348,9.524863239762349e-05,-0.1379341698490635,0.0024838494080289993
182,-0.1359338061465721,9.751225758550884e-05,-0.13593380614657213,0.002540952275054906
183,-0.13393344244408076,9.987419137534043e-05,-0.13393344244408076,0.0026004425807486437
184,-0.1319330787415894,0.00010234039454937562,-0.13193307874158938,0.002662460103458428
185,-0.12993271503909806,0.0001049172890701271,-0.129932715039098,0.0027271550557392108
186,-0.1279323513366067,0.00010761180160434547,-0.12793235133660666,0.0027946890307711
187,-0.1259319876341153,0.00011043141191544963,-0.12593198763411534,0.002865236049938504
188,-0.12393162393162394,0.00011338420675673063,-0.12393162393162396,0.0029389837240374954
189,-0.12193126022913257,0.0001164789399915445,-0.1219312602291326,0.0030161345423213967
190,-0.11993089652664125,0.00011972509977635333,-0.11993089652664123,0.003096907305609689
191,-0.11793053282414988,0.00012313298377080977,-0.11793053282414985,0.003181538722020139
192,-0.1159301691216585,0.00012671378348968928,-0.11593016912165849,0.003270285186594711
193,-0.11392980541916714,0.00013047967908867635,-0.11392980541916711,0.0033634247692433503
194,-0.11192944171667576,0.00013444394608505517,-0.1119294417166758,0.0034612594391060115
195,-0.10992907801418444,0.00013862107576166424,-0.10992907801418443,0.003564117557728287
196,-0.10792871431169307,0.00014302691129587666,-0.10792871431169307,0.003672356678474597
197,-0.10592835060920171,0.00014767880200450278,-0.1059283506092017,0.003786366695503769
198,-0.10392798690671033,0.00015259577851223777,-0.10392798690671032,0.003906573392571665
199,-0.10192762320421897,0.00015779875215026715,-0.10192762320421896,0.0040334424501066515
200,-0.0999272595017276,0.00016331074249111658,-0.09992725950172758,0.004167483978670509
201,-0.09792689579923627,0.00016915713764849194,-0.09792689579923622,0.004309257658367579
202,-0.0959265320967449,0.00017536599284511696,-0.0959265320967449,0.0044593785773605265
203,-0.09392616839425354,0.00018196837381315425,-0.09392616839425354,0.00461852387883455
204,-0.09192580469176216,0.00018899875288579397,-0.09192580469176216,0.004787440345064151
205,-0.08992544098927079,0.00019649546722218868,-0.08992544098927079,0.004966953070342322
206,-0.08792507728677942,0.00020450125055400967,-0.08792507728677942,0.005157975402246957
207,-0.0859247135842881,0.0002130638522438509,-0.08592471358428805,0.005361520364050859
208,-0.08392434988179673,0.00022223676042372042,-0.08392434988179669,0.0055787138112719445
209,-0.08192398617930535,0.00023208004969153324,-0.08192398617930537,0.005810809623948338
210,-0.07992362247681399,0.00024266137848746652,-0.079923622476814,0.006059207295115853
211,-0.07792325877432262,0.00025405716711553904,-0.07792325877432263,0.006325472347531494
212,-0.07592289507183125,0.00026635399476848714,-0.07592289507183127,0.006611360097871519
213,-0.07392253136933992,0.0002796502633196535,-0.07392253136933989,0.00691884339409986
214,-0.0719221676668485,0.0002940581876834339,-0.07192216766684852,0.007250145082013848
215,-0.06992180396435714,0.0003097061880487545,-0.06992180396435715,0.007607776116801918
216,-0.06792144026186586,0.00032674177938672586,-0.06792144026186583,0.007994580431837574
217,-0.0659210765593745,0.000345335079865509,-0.06592107655937447,0.008413787918608888
218,-0.06392071285688312,0.0003656830942955294,-0.0639207128568831,0.008869077169389073
219,-0.061920349154391756,0.00038801497442592824,-0.06192034915439173,0.009364650001128271
220,-0.05991998545190038,0.0004125985189541852,-0.05991998545190036,0.009905320230952272
221,-0.05791962174940901,0.00043974825835139155,-0.05791962174940899,0.010496619729399387
222,-0.05591925804691764,0.0004698355814241691,-0.05591925804691762,0.011144925458762497
223,-0.053918894344426274,0.0005033015140506533,-0.053918894344426246,0.011857612034360436
224,-0.051918530641934905,0.0005406729734804035,-0.05191853064193494,0.012643235349982426
225,-0.04991816693944353,0.0005825836202622273,-0.04991816693944357,0.01351175400436442
226,-0.04791780323695216,0.0006298008537326767,-0.047917803236952196,0.014474796659109366
227,-0.04591743953446089,0.0006832611061854311,-0.04591743953446083,0.01554598502521542
228,-0.043917075831969514,0.0007441164783321289,-0.04391707583196946,0.016741323828931738
229,-0.041916712129478145,0.000813797070633474,-0.04191671212947809,0.018079670643979934
230,-0.03991634842698678,0.0008940953354039913,-0.03991634842698672,0.019583299475428317
231,-0.03791598472449541,0.0009872817846654875,-0.03791598472449541,0.02127857162979207
232,-0.03591562102200404,0.0010962660734406518,-0.03591562102200404,0.023196724206118843
233,-0.033915257319512664,0.00122482491838217,-0.033915257319512664,0.02537477779539953
234,-0.031914893617021295,0.0013779303928107695,-0.031914893617021295,0.02785654593420578
235,-0.029914529914529926,0.001562232239537951,-0.029914529914529926,0.030693691352175794
236,-0.027914166212038558,0.0017867821947407667,-0.027914166212038558,0.033946704361218175
237,-0.025913802509547185,0.0020641487952604205,-0.025913802509547185,0.03768555457894275
238,-0.023913438807055817,0.0024121811980072645,-0.023913438807055876,0.041989554207113124
239,-0.02191307510456454,0.002856888346209023,-0.021913075104564507,0.046945620871212596
240,-0.01991271140207317,0.003437308774836365,-0.019912711402073135,0.05264358402282954
241,-0.0179123476995818,0.00421408949948636,-0.017912347699581766,0.05916640685826406
242,-0.015911983997090432,0.005285324075566099,-0.015911983997090394,0.06657227399216764
243,-0.01391162029459906,0.0068174179327346665,-0.013911620294599025,0.07486482422394858
244,-0.011911256592107691,0.009109099203908871,-0.011911256592107655,0.08394848734839758
245,-0.00991089288961632,0.012733764384721158,-0.009910892889616284,0.093570124553971
246,-0.00791052918712495,0.01887945105804269,-0.007910529187124975,0.10325898425265238
247,-0.005910165484633581,0.030197528648953965,-0.005910165484633604,0.11229529553340599
248,-0.0039098017821422104,0.05264556110701693,-0.003909801782142234,0.11975536896303106
249,-0.0019094380796508402,0.09414853616172493,-0.001909438079650864,0.12467411235164992
250,9.092562284052974e-05,0.12493890445526379,9.092562284050606e-05,0.1263084385531392
251,0.002091289325331805,0.08972687175225252,0.002091289325331876,0.12439383772750899
252,0.004091653027823175,0.0498976631999359,0.004091653027823246,0.11924581557862128
253,0.006092016730314545,0.028833330625739447,0.006092016730314557,0.11163951375140162
254,0.008092380432805916,0.018164857514916855,0.008092380432805928,0.10254619562268899
255,0.010092744135297286,0.012326624897588734,0.010092744135297297,0.0928758928544509
256,0.012093107837788655,0.00885951141254406,0.012093107837788667,0.0833261432218983
257,0.014093471540280025,0.006655257284630246,0.014093471540280037,0.07434595006970034
258,0.016093835242771394,0.005175109544882586,0.016093835242771408,0.06617158931930221
259,0.018094198945262766,0.004136551534379473,0.018094198945262777,0.05888743853659304
260,0.020094562647754135,0.003381331312942551,0.02009456264775409,0.052483367287921925
261,0.022094926350245507,0.002815724399947984,0.02209492635024546,0.0468979944601684
262,0.024095290052736782,0.002381555912529548,0.024095290052736827,0.0420472253601208
263,0.02609565375522815,0.0020412528405911352,0.0260956537552282,0.03784127650895366
264,0.028096017457719523,0.0017697105492838377,0.028096017457719568,0.0341938801002862
265,0.03009638116021089,0.0015496575804300205,0.03009638116021094,0.031026634808244608
266,0.03209674486270226,0.001368905777010994,0.03209674486270231,0.028270552002556657
267,0.03409710856519363,0.001218660599465022,0.03409710856519368,0.025866094609230905
268,0.036097472267685005,0.001092450342132686,0.036097472267685046,0.023762481616806115
269,0.03809783597017637,0.0009854287757912954,0.03809783597017642,0.021916695815413164
270,0.04009819967266774,0.0008939098162070608,0.04009819967266779,0.020292429254333354
271,0.04209856337515911,0.000815050191062801,0.04209856337515904,0.018859082916641613
272,0.04409892707765048,0.000746628757354404,0.04409892707765041,0.01759087111436666
273,0.046099290780141855,0.0006868902920955322,0.04609929078014178,0.016466045748980248
274,0.04809965448263313,0.0006344331282959677,0.048099654482633154,0.01546623775515938
275,0.050100018185124495,0.0005881271356695334,0.05010001818512452,0.014575904966358993
276,0.05210038188761587,0.0005470530419514676,0.05210038188761589,0.013781872796156119
277,0.05410074559010724,0.0005104569848673717,0.05410074559010726,0.013072953959129812
278,0.05610110929259861,0.00047771608230625,0.05610110929259863,0.01243963453919277
279,0.05810147299508998,0.0004483120736139967,0.058101472995090005,0.011873815286770574
280,0.060101836697581346,0.0004218109420658382,0.06010183669758137,0.0113685986941922
281,0.06210220040007272,0.0003978470176828719,0.06210220040007274,0.010918113971693864
282,0.06410256410256408,0.00037611046994075366,0.06410256410256411,0.010517373446418846
283,0.06610292780505546,0.00035633738940980396,0.06610292780505549,0.010162155113783761
284,0.06810329150754683,0.0003383018639841259,0.06810329150754685,0.009848907093362783
285,0.0701036552100382,0.00032180960445158746,0.07010365521003822,0.00957467060152155
286,0.07210401891252947,0.0003066927828525636,0.07210401891252947,0.009337018776246535
287,0.07410438261502085,0.0002928058270875353,0.07410438261502085,0.009134009301983657
288,0.07610474631751221,0.00028002197466852144,0.07610474631751221,0.008964149308200428
289,0.07810511002000359,0.00026823043303827565,0.07810511002000359,0.00882637147696515
290,0.08010547372249495,0.0002573340275132769,0.08010547372249495,0.008720020712024214
291,0.08210583742498632,0.0002472472435031704,0.08210583742498632,0.008644851112617988
292,0.0841062011274777,0.0002378945892819111,0.0841062011274777,0.008601033375862934
293,0.08610656482996906,0.00022920922073229233,0.08610656482996906,0.008589173136526896
294,0.08810692853246044,0.00022113178125339795,0.08810692853246044,0.008610341154921698
295,0.0901072922349518,0.00021360941922025865,0.0901072922349518,0.008666116691526327
296,0.09210765593744318,0.00020659495261968297,0.09210765593744318,0.008758645863705698
297,0.09410801963993445,0.00020004615620769313,0.09410801963993455,0.008890717256627234
298,0.09610838334242582,0.00019392515108311803,0.09610838334242591,0.00906585752633799
299,0.09810874704491719,0.0001881978802074993,0.09810874704491729,0.009288450116680584
300,0.10010911074740857,0.000182833656321278,0.10010911074740854,0.009563880369092163
301,0.10210947444989993,0.00017780477106224123,0.1021094744498999,0.009898709961568056
302,0.1041098381523913,0.00017308615600183623,0.10410983815239128,0.01030088226960953
303,0.10611020185488267,0.00016865508786948825,0.10611020185488265,0.010779957006394988
304,0.10811056555737404,0.00016449093150576965,0.10811056555737401,0.011347365819119068
305,0.11011092925986542,0.00016057491512811798,0.11011092925986539,0.012016667750507297
306,0.11211129296235678,0.0001568899333519271,0.11211129296235675,0.012803760246242146
307,0.11411165666484815,0.0001534203741202286,0.11411165666484813,0.013726960756264608
308,0.11611202036733952,0.00015015196628465129,0.1161120203673395,0.014806805623096518
309,0.1181123840698308,0.00014707164507117936,0.11811238406983086,0.016065303345001402
310,0.12011274777232217,0.00014416743307424615,0.12011274777232224,0.01752421544379082
311,0.12211311147481353,0.00014142833476632995,0.1221131114748136,0.019201721043501863
312,0.12411347517730491,0.00013884424279905926,0.12411347517730498,0.021106600938567387
313,0.12611383887979627,0.00013640585461537568,0.12611383887979635,0.02322902512088561
314,0.12811420258228765,0.0001341045980982095,0.12811420258228773,0.02552754667355702
315,0.13011456628477902,0.0001319325651557127,0.13011456628477897,0.02791368101000906
316,0.1321149299872704,0.00012988245229151736,0.13211492998727034,0.03023913307608979
317,0.13411529368976174,0.00012794750733499452,0.13411529368976172,0.032295706747525695
318,0.13611565739225312,0.0001261214816145927,0.1361156573922531,0.03384026440935721
319,0.1381160210947445,0.00012439858694993013,0.13811602109474444,0.034649644743077794
320,0.14011638479723576,0.00012277345691781992,0.14011638479723582,0.03459028160199208
321,0.14211674849972714,0.00012124111191582695,0.1421167484997272,0.03366741837740481
322,0.1441171122022185,0.00011979692760596783,0.14411711220221857,0.03202303697623686
323,0.1461174759047099,0.00011843660637216835,0.14611747590470994,0.02988388001335474
324,0.14811783960720126,0.000117156151469279,0.1481178396072013,0.027491867862313935
325,0.1501182033096926,0.0001159518435797914,0.15011820330969267,0.025051130368898663
326,0.152118567012184,0.00011482021952775062,0.15211856701218404,0.022705193480323953
327,0.15411893071467536,0.00011375805292841639,0.15411893071467542,0.020538411698308452
328,0.15611929441716674,0.00011276233657759483,0.1561192944171668,0.018589208940375114
329,0.1581196581196581,0.00011183026640675126,0.15811965811965814,0.01686543690774357
330,0.16012002182214946,0.00011095922684945431,0.1601200218221494,0.015357119790330647
331,0.16212038552464084,0.00011014677748176507,0.16212038552464078,0.014045394073962844
332,0.16412074922713213,0.00010939064081418813,0.16412074922713213,0.0129081107093977
333,0.16612111292962348,0.00010868869112601357,0.1661211129296235,0.011923024518192863
334,0.16812147663211485,0.00010803894424453401,0.16812147663211488,0.011069421622006023
335,0.17012184033460623,0.00010743954818192016,0.17012184033460626,0.01032881185080491
336,0.1721222040370976,0.00010688877455165034,0.17212220403709763,0.00968509903238225
337,0.17412256773958898,0.00010638501069446919,0.17412256773958898,0.009124482395342106
338,0.17612293144208033,0.00010592675245101912,0.17612293144208035,0.008635236177131812
339,0.1781232951445717,0.00010551259752466442,0.17812329514457173,0.008207448594972175
340,0.18012365884706308,0.00010514123938370337,0.1801236588470631,0.007832762256087835
341,0.18212402254955445,0.00010481146165722529,0.18212402254955448,0.007504135796216588
342,0.18412438625204583,0.00010452213298338884,0.18412438625204583,0.00721563431381465
343,0.18612474995453718,0.00010427220227294048,0.1861247499545372,0.006962249789990392
344,0.18812511365702847,0.00010406069435441342,0.18812511365702847,0.006739749605055292
345,0.19012547735951985,0.00010388670597069307,0.19012547735951985,0.00654454998829878
346,0.1921258410620112,0.00010374940209955587,0.1921258410620112,0.006373610911569747
347,0.19412620476450257,0.00010364801257341111,0.19412620476450257,0.006224349078607121
348,0.19612656846699394,0.00010358182897584295,0.19612656846699394,0.006094566007534442
349,0.19812693216948532,0.00010355020179468598,0.19812693216948532,0.0059823886142363536
350,0.2001272958719767,0.00010355253781329822,0.2001272958719767,0.005886220109654638
351,0.20212765957446804,0.00010358829772344645,0.20212765957446804,0.005804699392678462
352,0.20412802327695942,0.00010365699394480598,0.20412802327695942,0.005736667440866024
353,0.2061283869794508,0.00010375818863752154,0.2061283869794508,0.005681139472662921
354,0.20812875068194217,0.00010389149189559351,0.20812875068194217,0.005637281880854097
355,0.21012911438443344,0.00010405656011005413,0.21012911438443355,0.005604393123374353
356,0.2121294780869248,0.00010425309449200196,0.2121294780869249,0.0055818879103555815
357,0.2141298417894162,0.00010448083974657309,0.21412984178941627,0.0055692841511052445
358,0.21613020549190756,0.00010473958288985947,0.21613020549190765,0.005566192226634461
359,0.2181305691943989,0.00010502915220164559,0.2181305691943989,0.005572306236698178
360,0.22013093289689029,0.00010534941630763378,0.22013093289689026,0.005587396938683935
361,0.22213129659938166,0.0001057002833855705,0.22213129659938163,0.0056113061520744216
362,0.22413166030187304,0.00010608170049038228,0.224131660301873,0.005643942449064532
363,0.2261320240043644,0.00010649365299408189,0.22613202400436438,0.005685277991247197
364,0.22813238770685576,0.00010693616413682273,0.22813238770685576,0.005735346405748489
365,0.23013275140934714,0.00010740929468606349,0.2301327514093471,0.005794241623162192
366,0.2321331151118385,0.00010791314270136568,0.23213311511183848,0.00586211762525753
367,0.23413347881432978,0.0001084478434028818,0.23413347881432986,0.005939189073694416
368,0.23613384251682115,0.00010901356914211416,0.23613384251682124,0.00602573281274086
369,0.23813420621931253,0.00010961052947402863,0.2381342062193126,0.006122090260027958
370,0.2401345699218039,0.00011023897133010603,0.24013456992180396,0.00622867072043556
371,0.24213493362429528,0.00011089917929240565,0.24213493362429533,0.006345955679999664
372,0.24413529732678663,0.00011159147596920418,0.2441352973267867,0.00647450416001537
373,0.246135661029278,0.00011231622247326672,0.24613566102927809,0.0066149592370742145
374,0.24813602473176938,0.00011307381900430356,0.24813602473176932,0.006768055863508767
375,0.2501363884342607,0.00011386470553767389,0.2501363884342607,0.006934630155636324
376,0.25213675213675213,0.00011468936262191894,0.2521367521367521,0.007115630355488384
377,0.2541371158392435,0.00011554831228824564,0.2541371158392434,0.007312129716806109
378,0.2561374795417349,0.00011644211907564252,0.2561374795417348,0.007525341619692702
379,0.2581378432442261,0.00011737139117589598,0.2581378432442262,0.007756637282542486
380,0.2601382069467175,0.00011833678170339513,0.2601382069467176,0.008007566517292656
381,0.26213857064920887,0.00011933899009526512,0.2621385706492089,0.008279882067854629
382,0.2641389343517002,0.00012037876364806886,0.26413893435170027,0.00857556818572376
383,0.2661392980541916,0.00012145689919805972,0.2661392980541917,0.008896874236135296
384,0.26813966175668297,0.00012257424495276708,0.268139661756683,0.009246354298806303
385,0.27014002545917437,0.0001237317024825599,0.2701400254591744,0.009626913936806585
386,0.2721403891616657,0.00012493022888176333,0.2721403891616658,0.01004186556473841
387,0.27414075286415707,0.0001261708391099145,0.2741407528641571,0.010494994164604523
388,0.27614111656664847,0.00012745460852484403,0.2761411165666484,0.010990635488429502
389,0.2781414802691398,0.00012878267562046837,0.27814148026913976,0.011533769367602722
390,0.2801418439716311,0.0001301562449834911,0.2801418439716311,0.01213013133971962
391,0.28214220767412246,0.00013157659048464987,0.2821422076741225,0.012786346526810441
392,0.28414257137661386,0.0001330450587217265,0.28414257137661386,0.013510090578295619
393,0.2861429350791052,0.00013456307273327804,0.28614293507910527,0.014310283550835627
394,0.2881432987815966,0.00013613213600396833,0.2881432987815966,0.015197323851907382
395,0.29014366248408796,0.00013775383678450105,0.29014366248408796,0.016183370823436596
396,0.2921440261865793,0.00013942985275150726,0.29214402618657936,0.01728268614729112
397,0.2941443898890707,0.00014116195603534852,0.2941443898890707,0.0185120459020655
398,0.29614475359156206,0.00014295201864669558,0.2961447535915621,0.019891236535163465
399,0.29814511729405346,0.00014480201833596946,0.29814511729405346,0.02144364872207913
400,0.3001454809965448,0.00014671404492333178,0.3001454809965448,0.02319698209001585
401,0.30214584469903616,0.00014869030714093103,0.3021458446990362,0.025184069296581922
402,0.30414620840152745,0.00015073314003361045,0.30414620840152756,0.02744381678056991
403,0.3061465721040188,0.00015284501296932774,0.3061465721040188,0.03002223605496005
404,0.3081469358065102,0.0001550285383161982,0.3081469358065102,0.032973494141561414
405,0.31014729950900155,0.00015728648084944462,0.31014729950900155,0.036360828753468875
406,0.31214766321149295,0.00015962176795871418,0.31214766321149295,0.0402570276294336
407,0.3141480269139843,0.00016203750073432805,0.3141480269139843,0.04474392353424281
408,0.31614839061647565,0.00016453696602019104,0.31614839061647565,0.04990995475873382
409,0.31814875431896705,0.00016712364953147882,0.31814875431896705,0.055844230557749015
410,0.3201491180214584,0.00016980125014700478,0.3201491180214584,0.06262470744162038
411,0.3221494817239498,0.0001725736954995867,0.3221494817239498,0.07029717022852275
412,0.32414984542644115,0.0001754451590030163,0.32414984542644115,0.07884128191351826
413,0.3261502091289325,0.00017842007847170216,0.3261502091289325,0.08812141331279798
414,0.3281505728314238,0.00018150317650904342,0.3281505728314239,0.09782583666147608
415,0.3301509365339152,0.00018469948286352727,0.33015093653391525,0.10741104053170167
416,0.33215130023640654,0.00018801435897790932,0.33215130023640665,0.11608751571824834
417,0.3341516639388979,0.0001914535249872339,0.3341516639388979,0.12289678627432532
418,0.3361520276413893,0.00019502308945655686,0.33615202764138924,0.12690942706897596
419,0.33815239134388064,0.00019872958218990807,0.33815239134388064,0.1275014135854325
420,0.34015275504637205,0.00020257999048925104,0.340152755046372,0.12457907429947264
421,0.3421531187488634,0.00020658179929718243,0.3421531187488634,0.1186153686879269
422,0.34415348245135474,0.00021074303572130837,0.34415348245135474,0.11047337041036627
423,0.34615384615384615,0.00021507231851339322,0.3461538461538461,0.10112933687811848
424,0.3481542098563375,0.0002195789131646415,0.3481542098563375,0.09144053927409852
425,0.3501545735588288,0.00022427279338243646,0.35015457355882884,0.08203056145189407
426,0.35215493726132013,0.0002291647098367034,0.35215493726132024,0.0732799087112379
427,0.35415530096381154,0.0002342662672097067,0.3541553009638116,0.06537341387451713
428,0.356155664666303,0.00023959001075633243,0.35615566466630294,0.058362087667225275
429,0.35815602836879423,0.0002451495237887226,0.35815602836879434,0.05221683912448177
430,0.36015639207128575,0.00025095953774693474,0.3601563920712857,0.04686717950252769
431,0.362156755773777,0.00025703605681532635,0.3621567557737771,0.0422259610071692
432,0.3641571194762683,0.000263396499404285,0.36415711947626833,0.03820372761170807
433,0.36615748317875974,0.0002700598592532847,0.3661574831787597,0.03471621831320398
434,0.368157846881251,0.00027704688944267856,0.3681578468812511,0.031687713496879676
435,0.3701582105837425,0.00028438031325168526,0.37015821058374243,0.029052027862559733
436,0.3721585742862338,0.000292085066598876,0.3721585742862338,0.02675226937946828
437,0.37415893798872524,0.0003001885777880958,0.3741589379887252,0.024740021047719173
438,0.3761593016912165,0.00030872109150733565,0.37615930169121653,0.022974311630896888
439,0.37815966539370793,0.00031771604555634364,0.37815966539370793,0.021420567848009026
440,0.3801600290961992,0.0003272105106964273,0.3801600290961993,0.020049640740760263
441,0.3821603927986907,0.0003372457064365379,0.38216039279869063,0.018836943774889592
442,0.384160756501182,0.0003478676086436946,0.38416075650118203,0.01776171112966455
443,0.38616112020367327,0.00035912766879485656,0.3861611202036734,0.016806370309762883
444,0.38816148390616473,0.00037108366974300284,0.3881614839061648,0.015956017037330114
445,0.39016184760865597,0.0003838007494219626,0.39016184760865613,0.01519797852355502
446,0.3921622113111475,0.0003973526324686208,0.3921622113111475,0.014521451521820104
447,0.3941625750136387,0.0004118231209975724,0.39416257501363877,0.013917202841122682
448,0.3961629387161302,0.0004273079106994713,0.3961629387161301,0.01337732161600033
449,0.39816330241862147,0.00044391681842744434,0.39816330241862147,0.012895014266195576
450,0.4001636661211129,0.0004617765344483358,0.40016366612111287,0.012464434586061722
451,0.4021640298236042,0.00048103404939251756,0.4021640298236042,0.012080542722676101
452,0.4041643935260957,0.0005018609567550671,0.4041643935260956,0.011738987922586284
453,0.40616475722858697,0.0005244589026561758,0.40616475722858697,0.011436010862528627
454,0.4081651209310782,0.0005490665545411503,0.4081651209310783,0.01116836215109488
455,0.41016548463356967,0.0005759686033596015,0.4101654846335697,0.010933234220322018
456,0.41216584833606096,0.0006055075207072664,0.41216584833606107,0.010728204341670043
457,0.4141662120385524,0.0006380990966083842,0.4141662120385525,0.010551186920478675
458,0.4161665757410437,0.0006742532378681724,0.4161665757410438,0.010400393564475897
459,0.41816693944353517,0.0007146021969093839,0.41816693944353517,0.010274299700096953
460,0.42016730314602646,0.000759939468584758,0.42016730314602657,0.010171616737515123
461,0.4221676668485179,0.0008112742777682365,0.4221676668485178,0.01009126897141082
462,0.4241680305510092,0.0008699092999604347,0.4241680305510092,0.010032374557769529
463,0.42616839425350067,0.0009375537518991284,0.42616839425350056,0.009994230034031385
464,0.4281687579559919,0.0010164916171321585,0.4281687579559919,0.009976297956104264
465,0.43016912165848337,0.0011098381003368334,0.4301691216584833,0.009978197315502714
466,0.43216948536097466,0.0012219414616246045,0.43216948536097466,0.009999696476808243
467,0.43416984906346595,0.0013590324014078068,0.43416984906346606,0.010040708442778499
468,0.4361702127659574,0.0015303108896143698,0.4361702127659574,0.010101288314316226
469,0.4381705764684487,0.0017498392101860962,0.43817057646844876,0.010181632867353324
470,0.44017094017094016,0.0020399938397226013,0.44017094017094016,0.010282082220481261
471,0.4421713038734314,0.0024381008337037518,0.4421713038734315,0.01040312361768936
472,0.4441716675759229,0.0030099885432344855,0.4441716675759229,0.010545397401613175
473,0.44617203127841415,0.003879633198078788,0.44617203127841426,0.010709705306017175
474,0.4481723949809056,0.005298874727133068,0.4481723949809056,0.010897021253703398
475,0.4501727586833969,0.007820767710132947,0.450172758683397,0.011108504909692602
476,0.45217312238588836,0.012703766764088544,0.45217312238588825,0.011345518311681345
477,0.45417348608837965,0.022098954623945306,0.4541734860883796,0.011609645983129677
478,0.45617384979087094,0.032243590353653775,0.456173849790871,0.011902719032079971
479,0.4581742134933624,0.026563292940725403,0.45817421349336235,0.012226843854806222
480,0.46017457719585364,0.015799547406428402,0.46017457719585375,0.012584436202346588
481,0.4621749408983451,0.009804473578256135,0.4621749408983451,0.012978261535655759
482,0.4641753046008364,0.006897980942848911,0.46417530460083645,0.013411482798648034
483,0.46617566830332785,0.005452324303983598,0.46617566830332785,0.013887716986592311
484,0.46817603200581914,0.004737774157473866,0.4681760320058192,0.014411102191054325
485,0.4701763957083106,0.004438336126303336,0.4701763957083106,0.014986377175298885
486,0.4721767594108019,0.004414835385126617,0.47217675941080195,0.015618975992283436
487,0.47417712311329335,0.00461204902406166,0.4741771231132933,0.016315140721238536
488,0.47617748681578465,0.005023711100553264,0.4761774868157847,0.017082056092615715
489,0.4781778505182759,0.005683112800840133,0.47817785051827605,0.017928010623582572
490,0.48017821422076734,0.006669899848850892,0.48017821422076745,0.018862589930155133
491,0.48217857792325863,0.008135378421767293,0.4821785779232587,0.01989690915328659
492,0.4841789416257501,0.010361348616345457,0.48417894162575004,0.021043892970123445
493,0.4861793053282414,0.013894162836825142,0.48617930532824144,0.022318613485785677
494,0.48817966903073284,0.019865911870569856,0.4881796690307328,0.02373869842088805
495,0.49018003273322414,0.030797245837269605,0.49018003273322414,0.02532482438178058
496,0.4921803964357156,0.0523830552365037,0.49218039643571554,0.02710131248146954
497,0.49418076013820683,0.09287498733541318,0.4941807601382069,0.029096845838797326
498,0.49618112384069835,0.12680872925131378,0.4961811238406983,0.031345329845881995
499,0.4981814875431896,0.0945935386586192,0.49818148754318964,0.033886915263242036
500,0.500181851245681,0.05379361429095355,0.500181851245681,0.036769198788988496
501,0.5021822149481724,0.032011397452405645,0.5021822149481724,0.0400486014650603
502,0.5041825786506636,0.02115089867171494,0.5041825786506637,0.043791894603759624
503,0.5061829423531551,0.015396735567815914,0.5061829423531551,0.04807778291545759
504,0.5081833060556463,0.012177246440018791,0.5081833060556465,0.05299834354918729
505,0.5101836697581378,0.01035117968013179,0.5101836697581378,0.05865992282436553
506,0.5121840334606291,0.009384784858530327,0.5121840334606291,0.06518275593264354
507,0.5141843971631206,0.009025544426798527,0.5141843971631205,0.07269802421566209
508,0.5161847608656118,0.009171101380431564,0.5161847608656118,0.08134021530306648
509,0.5181851245681033,0.009820368839486601,0.5181851245681032,0.09123146072615053
510,0.5201854882705945,0.011068653449084111,0.5201854882705946,0.10245314161657006
511,0.5221858519730861,0.013141799351246352,0.522185851973086,0.1149991520803792
512,0.5241862156755773,0.01649147244873576,0.5241862156755773,0.12870658502554083
513,0.5261865793780686,0.022022674792229,0.5261865793780687,0.14316675014602825
514,0.52818694308056,0.03164936735163755,0.52818694308056,0.15763684191163732
515,0.5301873067830514,0.049686308223245296,0.5301873067830515,0.1710008327700815
516,0.5321876704855428,0.0857315444079,0.5321876704855428,0.18185278045588135
517,0.5341880341880341,0.1504036279742137,0.5341880341880342,0.1887590477278802
518,0.5361883978905255,0.1879862375512661,0.5361883978905255,0.19066182329348746
519,0.5381887615930168,0.12923635418447185,0.5381887615930169,0.18725017860114687
520,0.5401891252955082,0.07250973778136031,0.5401891252955082,0.1790798135129549
521,0.5421894889979996,0.043132446000127445,0.5421894889979996,0.16736237012322266
522,0.544189852700491,0.028236793684647033,0.5441898527004909,0.1535609823671273
523,0.5461902164029823,0.020103518728019434,0.5461902164029823,0.13901575096753033
524,0.5481905801054736,0.01534577069566322,0.5481905801054736,0.12473555155661256
525,0.5501909438079651,0.012435799088993945,0.5501909438079651,0.11135828578170692
526,0.5521913075104563,0.01063770391337764,0.5521913075104564,0.09921117982007155
527,0.5541916712129478,0.009581133953660276,0.5541916712129478,0.08840292128517876
528,0.556192034915439,0.009084669479203583,0.5561920349154391,0.07890799559688788
529,0.5581923986179305,0.00908274896148935,0.5581923986179305,0.07062924212285066
530,0.5601927623204218,0.00960384386397719,0.5601927623204219,0.06343867137090967
531,0.5621931260229133,0.010786517570923047,0.5621931260229133,0.05720158527098789
532,0.5641934897254045,0.012946242476858522,0.5641934897254046,0.05178947497389637
533,0.566193853427896,0.016746341066596154,0.566193853427896,0.047086006626314535
534,0.5681942171303873,0.023625132142258802,0.5681942171303873,0.042989040597082105
535,0.5701945808328788,0.03686477979868536,0.5701945808328788,0.03941053605576088
536,0.57219494453537,0.06357631153656534,0.5721949445353701,0.03627543852161992
537,0.5741953082378612,0.108481658045465,0.5741953082378615,0.03352016854471393
538,0.5761956719403527,0.12269990822809922,0.5761956719403528,0.031091040681673923
539,0.578196035642844,0.07909500324471873,0.5781960356428442,0.02894277467971722
540,0.5801963993453355,0.044474286385325676,0.5801963993453356,0.02703716759670486
541,0.5821967630478267,0.026862807512380647,0.582196763047827,0.025341945904870492
542,0.5841971267503182,0.017779640673612457,0.5841971267503181,0.02382979177091746
543,0.5861974904528094,0.012694997476951792,0.5861974904528094,0.02247752660928723
544,0.588197854155301,0.009625545244487771,0.5881978541553008,0.0212654312673592
545,0.5901982178577923,0.007662908316797782,0.5901982178577921,0.020176682196701847
546,0.5921985815602837,0.0063593776722101186,0.5921985815602836,0.01919688468798207
547,0.594198945262775,0.005480466196025326,0.594198945262775,0.01831368662181582
548,0.5961993089652663,0.004899884248880526,0.5961993089652663,0.017516458660523638
549,0.5981996726677578,0.004553145146018273,0.5981996726677576,0.016796029113141705
550,0.600200036370249,0.004418518958128416,0.600200036370249,0.0161444637413049
551,0.6022004000727404,0.0045147447709516135,0.6022004000727404,0.015554882511204323
552,0.6042007637752317,0.004916255081182226,0.6042007637752318,0.015021306750732254
553,0.6062011274777231,0.005800111302407137,0.6062011274777231,0.01453853137210751
554,0.6082014911802145,0.007568479616453024,0.6082014911802145,0.014102017804734112
555,0.610201854882706,0.011154471424806592,0.6102018548827058,0.01370780408597597
556,0.6122022185851972,0.01850027778310229,0.6122022185851973,0.013352429210671906
557,0.6142025822876886,0.029800193538871915,0.6142025822876886,0.013032869370966281
558,0.61620294599018,0.030303195504106196,0.61620294599018,0.012746484149417375
559,0.6182033096926712,0.018838617033986628,0.6182033096926713,0.012490971079399855
560,0.6202036733951627,0.010944466185900597,0.6202036733951627,0.01226432727310264
561,0.6222040370976539,0.0069461979590046685,0.6222040370976542,0.01206481705158226
562,0.6242044008001454,0.004834370403448483,0.6242044008001455,0.011890944703600293
563,0.6262047645026367,0.0036148714289518653,0.6262047645026368,0.01174143165862666
564,0.6282051282051282,0.0028511892915160787,0.6282051282051282,0.011615197491126003
565,0.6302054919076194,0.0023401916462136778,0.6302054919076195,0.011511344283497059
566,0.6322058556101109,0.0019795617920558544,0.632205855610111,0.011429143968241049
567,0.6342062193126022,0.001713861160456811,0.6342062193126023,0.011368028349742421
568,0.6362065830150937,0.0015111093324027657,0.6362065830150937,0.011327581575492511
569,0.6382069467175849,0.0013518534042219281,0.638206946717585,0.01130753488824376
570,0.6402073104200764,0.0012237162052723685,0.6402073104200764,0.011307763546674392
571,0.6422076741225676,0.0011185139269345185,0.6422076741225676,0.011328285854651754
572,0.644208037825059,0.001030653069717488,0.644208037825059,0.01136926428993656
573,0.6462084015275504,0.0009561988012501095,0.6462084015275503,0.011431008773927885
574,0.6482087652300417,0.0008923123205381049,0.6482087652300417,0.011513982176579032
575,0.6502091289325331,0.0008368994144906768,0.650209128932533,0.011618808206773775
576,0.6522094926350245,0.0007883842866303804,0.6522094926350245,0.011746281900272817
577,0.6542098563375159,0.0007455600895056445,0.6542098563375158,0.011897382987120524
578,0.6562102200400072,0.0007074877721493391,0.6562102200400072,0.012073292500817177
579,0.6582105837424986,0.00067342614461654,0.6582105837424985,0.012275413085789812
580,0.6602109474449899,0.0006427825804732879,0.6602109474449899,0.01250539357156692
581,0.6622113111474813,0.0006150776500661992,0.6622113111474813,0.012765158516248059
582,0.6642116748499727,0.0005899193370443537,0.6642116748499727,0.013056943584083708
583,0.6662120385524639,0.0005669839626190019,0.666212038552464,0.013383337819286868
584,0.6682124022549554,0.0005460018801539076,0.6682124022549554,0.013747334119253702
585,0.6702127659574466,0.0005267466123546762,0.6702127659574467,0.014152389505814062
586,0.6722131296599382,0.000509026506761065,0.6722131296599382,0.014602497155942112
587,0.6742134933624294,0.0004926782566900161,0.6742134933624295,0.015102272599196758
588,0.6762138570649209,0.00047756182025080943,0.6762138570649209,0.0156570570366182
589,0.6782142207674121,0.00046355639861427495,0.6782142207674122,0.01627304140633371
590,0.6802145844699036,0.00045055722502623476,0.6802145844699036,0.01695741563836343
591,0.6822149481723949,0.0004384729802887813,0.682214948172395,0.017718548528990043
592,0.6842153118748864,0.00042722369665603463,0.6842153118748864,0.01856620484355621
593,0.6862156755773776,0.00041673904571977975,0.6862156755773777,0.019511807633303544
594,0.6882160392798689,0.0004069569305790881,0.6882160392798691,0.020568755306099563
595,0.6902164029823603,0.0003978223209344683,0.6902164029823604,0.021752804644006724
596,0.6922167666848517,0.00038928628348880277,0.6922167666848519,0.023082532523165472
597,0.6942171303873431,0.0003813051704193822,0.6942171303873432,0.02457989016911879
598,0.6962174940898344,0.00037383993659350755,0.6962174940898346,0.026270863609984953
599,0.6982178577923258,0.00036685556227063714,0.6982178577923259,0.028186251153800586
600,0.7002182214948172,0.0003603205627284663,0.700218221494817,0.030362560659997328
601,0.7022185851973086,0.0003542065699058837,0.7022185851973084,0.03284301159537482
602,0.7042189488997999,0.0003484879740215071,0.7042189488997999,0.03567859159393122
603,0.7062193126022913,0.000343141615387242,0.7062193126022912,0.03892905139868599
604,0.7082196763047826,0.00033814651843071914,0.7082196763047826,0.042663604335828595
605,0.710220040007274,0.00033348366137288715,0.7102200400072739,0.046960893787246764
606,0.7122204037097654,0.00032913577615694236,0.7122204037097652,0.05190745734381028
607,0.7142207674122566,0.00032508717415269845,0.7142207674122567,0.05759339293019515
608,0.716221131114748,0.000321323593913214,0.716221131114748,0.06410318125904343
609,0.7182214948172394,0.0003178320678740026,0.7182214948172394,0.07149870158579671
610,0.7202218585197309,0.000314600805387615,0.7202218585197308,0.0797907502953894
611,0.7222222222222221,0.0003116190898997888,0.7222222222222221,0.08889584786126577
612,0.7242225859247136,0.00030887718841496765,0.7242225859247136,0.09857889617919206
613,0.7262229496272048,0.0003063662716825552,0.7262229496272049,0.10839232530879357
614,0.7282233133296963,0.0003040783437715862,0.7282233133296963,0.11764011038286103
615,0.7302236770321876,0.0003020061798993239,0.7302236770321876,0.1254134350920471
616,0.7322240407346791,0.0003001432715455385,0.732224040734679,0.13074147261113178
617,0.7342244044371703,0.00029848377802454973,0.7342244044371704,0.13284846479830625
618,0.7362247681396616,0.000297022483806035,0.7362247681396618,0.13141751417593006
619,0.7382251318421531,0.0002957547609768459,0.7382251318421531,0.1267117752972956
620,0.7402254955446443,0.0002946765363226312,0.7402254955446445,0.11947385929634337
621,0.7422258592471358,0.0002937842625824264,0.7422258592471358,0.11066960317490161
622,0.744226222949627,0.0002930748934935865,0.7442262229496273,0.10122443445073291
623,0.7462265866521185,0.00029254586230018255,0.7462265866521186,0.09186038694967627
624,0.7482269503546098,0.0002921950634466765,0.74822695035461,0.08305061821719907
625,0.7502273140571013,0.000292020837221511,0.7502273140571013,0.075050637861031
626,0.7522276777595925,0.00029202195715318316,0.7522276777595927,0.06795833680235723
627,0.754228041462084,0.00029219761999526553,0.7542280414620841,0.06177241527921637
628,0.7562284051645753,0.0002925474381674071,0.7562284051645755,0.056437140095583024
629,0.7582287688670666,0.00029307143454721717,0.7582287688670668,0.05187220484216241
630,0.760229132569558,0.00029377003953363765,0.7602291325695579,0.04799072744744394
631,0.7622294962720493,0.000294644090326438,0.7622294962720493,0.044709108132062386
632,0.7642298599745407,0.0002956948323892316,0.7642298599745406,0.0419518027864127
633,0.7662302236770321,0.0002969239230853204,0.7662302236770321,0.0396531453452353
634,0.7682305873795235,0.0002983334374970812,0.7682305873795234,0.037757580287843026
635,0.7702309510820148,0.00029992587646085543,0.7702309510820148,0.03621912210006848
636,0.7722313147845062,0.00030170417687074507,0.7722313147845061,0.035000508371460105
637,0.7742316784869975,0.000303671724326659,0.7742316784869975,0.034072300649510154
638,0.776232042189489,0.00030583236822477014,0.7762320421894889,0.03341206377624596
639,0.7782324058919803,0.00030819043941255296,0.7782324058919803,0.033003685802935716
640,0.7802327695944715,0.00031075077055618005,0.7802327695944716,0.0328368643997927
641,0.782233133296963,0.00031351871939564916,0.782233133296963,0.03290676817005185
642,0.7842334969994543,0.00031650019509304523,0.7842334969994543,0.03321387415403114
643,0.7862338607019458,0.0003197016879123171,0.7862338607019458,0.033763981083065664
644,0.788234224404437,0.0003231303025054017,0.7882342244044371,0.03456839844480541
645,0.7902345881069285,0.00032679379512013133,0.7902345881069285,0.03564431175509191
646,0.7922349518094197,0.0003307006150907951,0.7922349518094198,0.03701532214315327
647,0.7942353155119112,0.0003348599510233826,0.7942353155119112,0.03871215008223392
648,0.7962356792144025,0.0003392817821453326,0.7962356792144026,0.040773473474160896
649,0.798236042916894,0.00034397693535524244,0.798236042916894,0.04324683038765706
650,0.8002364066193852,0.00034895714858271823,0.8002364066193853,0.046189441735761116
651,0.8022367703218767,0.0003542351411540022,0.8022367703218767,0.0496686751904498
652,0.804237134024368,0.0003598246919569617,0.804237134024368,0.053761642257819264
653,0.8062374977268593,0.0003657407263117371,0.8062374977268595,0.058553045325306925
654,0.8082378614293507,0.0003719994125833076,0.8082378614293508,0.06412981458250677
655,0.810238225131842,0.0003786182697226359,0.8102382251318422,0.070570270810327
656,0.8122385888343334,0.0003856162870975269,0.8122385888343335,0.07792462879859086
657,0.8142389525368248,0.00039301405817728755,0.8142389525368249,0.08618309521402824
658,0.8162393162393162,0.0004008339298721417,0.8162393162393163,0.09522885923686364
659,0.8182396799418075,0.00040910016960540033,0.8182396799418075,0.10477831154749355
660,0.8202400436442989,0.00041783915252159706,0.8202400436442988,0.1143228340183941
661,0.8222404073467903,0.00042707957161645395,0.8222404073467902,0.12310557203139527
662,0.8242407710492817,0.0004368526740263732,0.8242407710492815,0.13018234279596275
663,0.826241134751773,0.00044719252725013506,0.826241134751773,0.13460251273249016
664,0.8282414984542642,0.0004581363197111644,0.8282414984542643,0.13568035427179365
665,0.8302418621567557,0.00046972470082639234,0.8302418621567557,0.13323720555013963
666,0.832242225859247,0.00048200216665407345,0.832242225859247,0.12767025366603246
667,0.8342425895617385,0.0004950174982808985,0.8342425895617384,0.11980239525270268
668,0.8362429532642297,0.000508824261419578,0.8362429532642298,0.1106101446585094
669,0.8382433169667212,0.0005234813772737018,0.8382433169667212,0.10097814548661874
670,0.8402436806692125,0.0005390537766521422,0.8402436806692125,0.09156660745861553
671,0.842244044371704,0.0005556131516635368,0.8422440443717039,0.08278939520376195
672,0.8442444080741952,0.0005732388221974436,0.8442444080741952,0.07485624913106567
673,0.8462447717766867,0.0005920187379377047,0.8462447717766867,0.0678344120741978
674,0.8482451354791779,0.0006120506410285193,0.848245135479178,0.061704242170027436
675,0.8502454991816693,0.0006334434199496232,0.8502454991816694,0.056400148508240946
676,0.8522458628841607,0.0006563186919459153,0.8522458628841607,0.051837161665528535
677,0.854246226586652,0.0006808126598824764,0.8542462265866521,0.04792656615549538
678,0.8562465902891434,0.0007070783001637123,0.8562465902891435,0.04458421968435811
679,0.8582469539916346,0.000735287952037067,0.8582469539916349,0.04173438622436063
680,0.8602473176941262,0.0007656363960966459,0.8602473176941262,0.039311004921214546
681,0.8622476813966174,0.000798344532321823,0.8622476813966176,0.03725759939770566
682,0.8642480450991089,0.0008336637971787717,0.8642480450991089,0.03552653976906286
683,0.8662484088016001,0.0008718814974368157,0.8662484088016004,0.0340780578310152
684,0.8682487725040916,0.0009133272885312597,0.8682487725040917,0.03287922839378535
685,0.870249136206583,0.0009583810919009123,0.8702491362065831,0.03190302152142352
686,0.8722494999090744,0.0010074828348934895,0.8722494999090744,0.031127470366481245
687,0.8742498636115656,0.0010611445173305263,0.8742498636115658,0.030534967479333076
688,0.8762502273140569,0.0011199652732895617,0.8762502273140569,0.030111686790399734
689,0.8782505910165483,0.001184650323519079,0.8782505910165483,0.029847121741670972
690,0.8802509547190397,0.001256035030365764,0.8802509547190397,0.029733728144100028
691,0.8822513184215311,0.0013351157139054547,0.882251318421531,0.029766660925775734
692,0.8842516821240224,0.0014230895270101365,0.8842516821240224,0.02994359572782596
693,0.8862520458265138,0.0015214066138079534,0.8862520458265137,0.03026462861415385
694,0.8882524095290052,0.0016318391401038215,0.8882524095290052,0.030732249630064632
695,0.8902527732314967,0.001756573824843416,0.8902527732314965,0.03135138838282493
696,0.8922531369339879,0.001898337707661326,0.8922531369339879,0.03212953209316672
697,0.8942535006364793,0.002060571705532321,0.8942535006364792,0.03307691852454481
698,0.8962538643389706,0.002247674140736135,0.8962538643389706,0.0342068075650537
699,0.8982542280414619,0.0024653487780594914,0.898254228041462,0.035535835504831845
700,0.9002545917439534,0.0027211124198563844,0.9002545917439534,0.03708445427849783
701,0.9022549554464446,0.0030250520943171442,0.9022549554464447,0.03887745244996781
702,0.9042553191489361,0.003390983374153385,0.9042553191489361,0.04094454261324122
703,0.9062556828514274,0.003838273147526356,0.9062556828514274,0.04332097635988275
704,0.9082560465539189,0.004394801055543725,0.9082560465539189,0.04604810541086319
705,0.9102564102564101,0.00510194863563354,0.9102564102564102,0.049173734765907064
706,0.9122567739589016,0.006023360313901337,0.9122567739589016,0.05275199663971633
707,0.9142571376613928,0.007261078258611402,0.9142571376613929,0.05684230044269694
708,0.9162575013638843,0.008986933328010031,0.9162575013638843,0.061506690828331434
709,0.9182578650663756,0.011507583809769038,0.9182578650663757,0.06680473996120717
710,0.9202582287688669,0.015409100398697627,0.9202582287688671,0.07278512060091968
711,0.9222585924713583,0.02190230285906425,0.9222585924713584,0.0794737130823026
712,0.9242589561738496,0.033684347576575804,0.9242589561738498,0.08686020994680568
713,0.9262593198763411,0.05679649485202455,0.9262593198763411,0.09488919678063008
714,0.9282596835788324,0.09907802721332401,0.9282596835788326,0.1034664053074842
715,0.9302600472813238,0.12964912229055633,0.9302600472813239,0.11249138504375472
716,0.9322604109838151,0.09452975299986917,0.9322604109838153,0.12191696285579819
717,0.9342607746863065,0.05599680586497089,0.9342607746863064,0.13181320182382875
718,0.9362611383887979,0.03645806540311453,0.9362611383887978,0.14239590331014904
719,0.9382615020912893,0.027630127566576023,0.9382615020912891,0.15398938350069574
720,0.9402618657937806,0.024236140787764836,0.9402618657937806,0.16692663377205735
721,0.942262229496272,0.02422987108626435,0.9422622294962719,0.1814149237004328
722,0.9442625931987633,0.02720940491793796,0.9442625931987633,0.19739269115532063
723,0.9462629569012546,0.03399340807362486,0.9462629569012546,0.21439221473809522
724,0.9482633206037461,0.04715187760619423,0.948263320603746,0.23143094593423447
725,0.9502636843062373,0.07296457257147843,0.9502636843062374,0.24698928441149653
726,0.9522640480087288,0.12532791255808381,0.9522640480087288,0.25916536263276857
727,0.9542644117112201,0.21472035548040205,0.9542644117112201,0.26606817375731673
728,0.9562647754137116,0.2475054835927718,0.9562647754137115,0.26637472404201806
729,0.9582651391162028,0.16182595513802026,0.9582651391162028,0.25980080866427574
730,0.9602655028186943,0.09181654131437511,0.9602655028186943,0.24720503734733726
731,0.9622658665211855,0.0564759043001544,0.9622658665211856,0.23025970223196204
732,0.964266230223677,0.03880967181504402,0.964266230223677,0.2109008944385513
733,0.9662665939261683,0.029658257229284442,0.9662665939261683,0.1908521728634244
734,0.9682669576286596,0.02516659806587577,0.9682669576286597,0.17137943826268315
735,0.970267321331151,0.0238659122414286,0.9702673213311511,0.15326121125925468
736,0.9722676850336424,0.025618769995028066,0.9722676850336425,0.13687886716625325
737,0.9742680487361338,0.03162095425364616,0.9742680487361338,0.12234000430744262
738,0.976268412438625,0.04543940636913704,0.9762684124386252,0.10958734449027115
739,0.9782687761411165,0.07479828581523593,0.9782687761411165,0.09847788386898845
740,0.9802691398436078,0.1195774074189942,0.980269139843608,0.08883377841988717
741,0.9822695035460992,0.11936331415637831,0.9822695035460993,0.08047199808688944
742,0.9842698672485906,0.07320573391993829,0.9842698672485907,0.07321990515765196
743,0.986270230951082,0.04203038955583775,0.986270230951082,0.06692225416681234
744,0.9882705946535733,0.026235129510676265,0.9882705946535734,0.06144331953470348
745,0.9902709583560646,0.017864285549062987,0.9902709583560648,0.056666460091367124
746,0.9922713220585561,0.013017906518939028,0.9922713220585562,0.052492478980198334
747,0.9942716857610473,0.009980389097998988,0.9942716857610473,0.048837538216101636
748,0.9962720494635388,0.007950312375403158,0.9962720494635386,0.04563102821792578
749,0.99827241316603,0.0065222641423631055,0.99827241316603,0.04281358605261882
750,1.0002727768685216,0.005475606078136132,1.0002727768685213,0.040335341741190765
751,1.0022731405710128,0.004682501035993,1.0022731405710128,0.03815441151709528
752,1.0042735042735043,0.004064858667946701,1.004273504273504,0.03623562711951826
753,1.0062738679759955,0.003572794859060249,1.0062738679759955,0.03454947730951669
754,1.008274231678487,0.003173206744612796,1.008274231678487,0.03307123389592076
755,1.0102745953809782,0.0028433976960573555,1.0102745953809782,0.03178023518259768
756,1.0122749590834696,0.0025673598533171717,1.0122749590834696,0.030659302439748203
757,1.0142753227859609,0.002333521343941685,1.0142753227859609,0.029694268449585892
758,1.0162756864884523,0.002133334213771894,1.0162756864884523,0.028873600718840712
759,1.0182760501909438,0.0019603625298387794,1.0182760501909438,0.028188105283080515
760,1.020276413893435,0.001809677675271737,1.020276413893435,0.0276307000404716
761,1.0222767775959265,0.0016774477456744056,1.0222767775959265,0.027196249236069857
762,1.0242771412984177,0.0015606527525127791,1.0242771412984177,0.026881453112966892
763,1.0262775050009092,0.0014568832611105205,1.0262775050009092,0.02668478891710323
764,1.0282778687034004,0.0013641955236180679,1.0282778687034007,0.02660650145966899
765,1.030278232405892,0.0012810055950479356,1.030278232405892,0.026648643375814823
766,1.0322785961083831,0.0012060108163909847,1.0322785961083834,0.026815167135912484
767,1.0342789598108746,0.0011381308158452405,1.0342789598108746,0.02711207281819273
768,1.036279323513366,0.0010764626337344874,1.036279323513366,0.02754761766800299
769,1.0382796872158573,0.0010202462051974478,1.0382796872158575,0.028132595534270884
770,1.0402800509183487,0.0009688375333429985,1.0402800509183487,0.028880696292684478
771,1.04228041462084,0.0009216876382295013,1.0422804146208402,0.029808957095460834
772,1.0442807783233314,0.0008783258901109033,1.0442807783233314,0.030938318222859036
773,1.0462811420258227,0.0008383467037976961,1.046281142025823,0.03229429547558907
774,1.0482815057283141,0.0008013988336875614,1.0482815057283144,0.03390777664050827
775,1.0502818694308054,0.0007671766985411988,1.0502818694308056,0.035815938362948364
776,1.0522822331332968,0.0007354133032944666,1.0522822331332968,0.03806325613233111
777,1.0542825968357883,0.0007058744270306442,1.054282596835788,0.04070253439703909
778,1.0562829605382797,0.0006783538219849002,1.0562829605382795,0.043795800033666385
779,1.058283324240771,0.000652669225309453,1.058283324240771,0.04741475481657175
780,1.0602836879432622,0.0006286590283679405,1.0602836879432622,0.05164023243434904
781,1.0622840516457537,0.0006061794811717952,1.0622840516457537,0.05655970067832223
782,1.064284415348245,0.0005851023348258269,1.064284415348245,0.0622612349604065
783,1.0662847790507364,0.000565312844409056,1.0662847790507364,0.06882155238699883
784,1.0682851427532276,0.0005467080699682113,1.0682851427532278,0.0762847855491535
785,1.070285506455719,0.0005291954252709107,1.070285506455719,0.08462826351858597
786,1.0722858701582105,0.0005126914334177971,1.0722858701582105,0.0937130679474289
787,1.074286233860702,0.0004971206559207349,1.0742862338607018,0.10322311346518083
788,1.0762865975631932,0.00048241476785123834,1.0762865975631932,0.11260981920075928
789,1.0782869612656847,0.00046851175647883315,1.0782869612656847,0.12107907861146083
790,1.080287324968176,0.0004553552247057983,1.080287324968176,0.12767033131851255
791,1.0822876886706674,0.00044289378375680504,1.0822876886706674,0.1314566414280725
792,1.0842880523731586,0.00043108052215037483,1.0842880523731586,0.13182146486832128
793,1.0862884160756499,0.000419872540080944,1.08628841607565,0.12868124901535938
794,1.0882887797781413,0.000409230540067969,1.0882887797781415,0.12251763973950647
795,1.0902891434806328,0.0003991184661541486,1.0902891434806328,0.11419787314627451
796,1.0922895071831242,0.00038950318511599705,1.0922895071831242,0.10469747302946658
797,1.0942898708856155,0.0003803542041322939,1.0942898708856155,0.09486983835830058
798,1.096290234588107,0.0003716434201756642,1.096290234588107,0.08533372779429976
799,1.0982905982905982,0.0003633448970791894,1.0982905982905984,0.07646533902585238
800,1.1002909619930896,0.0003554346668068191,1.1002909619930896,0.06844629022473302
801,1.1022913256955809,0.0003478905519427786,1.102291325695581,0.06132546365160131
802,1.1042916893980723,0.00034069200682638475,1.1042916893980723,0.05507248164949845
803,1.1062920531005636,0.00033381997510756767,1.1062920531005638,0.049616136150589935
804,1.108292416803055,0.0003272567617950561,1.1082924168030552,0.04486890629839472
805,1.1102927805055465,0.0003209859181223095,1.1102927805055463,0.0407411563115155
806,1.1122931442080377,0.00031499213777270595,1.1122931442080377,0.037148542365556314
807,1.1142935079105292,0.0003092611631911085,1.114293507910529,0.03401530231361802
808,1.1162938716130204,0.0003037797008684927,1.1162938716130204,0.03127521739151244
809,1.1182942353155119,0.0002985353446237877,1.1182942353155119,0.028871355229544107
810,1.120294599018003,0.0002935165060258669,1.120294599018003,0.02675524439341455
811,1.1222949627204946,0.00028871235120140536,1.1222949627204946,0.02488584261965595
812,1.1242953264229858,0.00028411274336355294,1.1242953264229858,0.02322848889491963
813,1.1262956901254773,0.00027970819047390156,1.1262956901254773,0.021753930776249878
814,1.1282960538279687,0.0002754897975178311,1.1282960538279687,0.020437463796098485
815,1.13029641753046,0.0002714492229322887,1.13029641753046,0.019258191038104798
816,1.1322967812329514,0.0002675786387766907,1.1322967812329514,0.018198396843473227
817,1.1342971449354426,0.0002638706942828488,1.1342971449354426,0.01724302253584605
818,1.136297508637934,0.0002603184824595405,1.136297508637934,0.016379230247830966
819,1.1382978723404253,0.0002569155094622877,1.1382978723404256,0.015596041260437295
820,1.1402982360429168,0.0002536556664696684,1.1402982360429168,0.0148840365532932
821,1.142298599745408,0.0002505332038346779,1.1422985997454083,0.014235108882955773
822,1.1442989634478995,0.0002475427073036531,1.1442989634478995,0.013642257341514426
823,1.146299327150391,0.0002446790761165657,1.146299327150391,0.013099416850536887
824,1.1482996908528824,0.00024193750282133466,1.1482996908528824,0.012601316359789318
825,1.1503000545553737,0.00023931345465158407,1.1503000545553737,0.012143360636440087
826,1.1523004182578651,0.00023680265633216425,1.1523004182578651,0.011721531461320104
827,1.1543007819603563,0.00023440107419004925,1.1543007819603563,0.011332304816091085
828,1.1563011456628476,0.00023210490146005863,1.1563011456628478,0.010972581272974801
829,1.158301509365339,0.0002299105446854536,1.1583015093653393,0.010639627310070456
830,1.1603018730678303,0.00022781461112291425,1.1603018730678305,0.010331025690778995
831,1.1623022367703217,0.00022581389706989732,1.162302236770322,0.010044633383069115
832,1.164302600472813,0.0002239053770399842,1.1643026004728132,0.009778545767986061
833,1.1663029641753047,0.00022208619371865993,1.1663029641753047,0.009531066109046693
834,1.168303327877796,0.00022035364863811824,1.1683033278777957,0.00930067943486887
835,1.1703036915802874,0.00021870519351521527,1.1703036915802871,0.009086030134554455
836,1.1723040552827786,0.00021713842220169382,1.1723040552827786,0.008885902685441564
837,1.17430441898527,0.00021565106320029415,1.1743044189852698,0.008699205031054829
838,1.1763047826877613,0.00021424097270444822,1.1763047826877613,0.008524954207591723
839,1.1783051463902525,0.000212906128122929,1.1783051463902525,0.008362263883438832
840,1.180305510092744,0.00021164462205416817,1.180305510092744,0.00821033353071358
841,1.1823058737952352,0.0002104546566779788,1.1823058737952354,0.008068438992843256
842,1.1843062374977267,0.00020933453853516626,1.1843062374977267,0.007935924249472915
843,1.1863066012002181,0.00020828267366801136,1.1863066012002181,0.007812194210947886
844,1.1883069649027096,0.00020729756309687783,1.1883069649027094,0.007696708400386851
845,1.1903073286052008,0.000206377798610273,1.1903073286052008,0.007588975402872305
846,1.1923076923076923,0.00020552205884757368,1.1923076923076923,0.007488547979287793
847,1.1943080560101835,0.00020472910565536235,1.1943080560101835,0.007395018757437413
848,1.196308419712675,0.0002039977806998899,1.196308419712675,0.007308016425791229
849,1.1983087834151662,0.00020332700231963428,1.1983087834151662,0.007227202365918756
850,1.2003091471176575,0.0002027157626032421,1.2003091471176577,0.007152267668736296
851,1.202309510820149,0.00020216312467936568,1.2023095108201491,0.007082930487377391
852,1.2043098745226404,0.00020166822020602107,1.2043098745226404,0.007018933686026114
853,1.2063102382251318,0.00020123024704812596,1.2063102382251318,0.006960042749617344
854,1.208310601927623,0.00020084846713282884,1.208310601927623,0.00690604392406172
855,1.2103109656301145,0.0002005222044731172,1.2103109656301145,0.006856742560724731
856,1.212311329332606,0.00020025084335100734,1.212311329332606,0.006811961642386248
857,1.214311693035097,0.00020003382665237347,1.2143116930350972,0.0067715404709186725
858,1.2163120567375885,0.00019987065434617351,1.2163120567375887,0.006735333499523415
859,1.21831242044008,0.0001997608821014843,1.21831242044008,0.006703209294619853
860,1.2203127841425714,0.00019970412003636744,1.2203127841425714,0.006675049614441058
861,1.2223131478450626,0.00019970003159315775,1.2223131478450628,0.0066507485931013195
862,1.224313511547554,0.00019974833253530482,1.224313511547554,0.006630212020399932
863,1.2263138752500455,0.00019984879006139893,1.2263138752500455,0.006613356708945988
864,1.2283142389525366,0.00020000122203249292,1.2283142389525366,0.006600109941358064
865,1.230314602655028,0.00020020549630928117,1.230314602655028,0.006590408991334284
866,1.2323149663575195,0.00020046153019612716,1.2323149663575195,0.00658420071332322
867,1.234315330060011,0.00020076928998934146,1.2343153300600107,0.006581441196372396
868,1.236315693762502,0.00020112879062750646,1.2363156937625022,0.006582095478504833
869,1.2383160574649934,0.00020154009544202207,1.2383160574649934,0.006586137318689506
870,1.2403164211674849,0.00020200331600641352,1.2403164211674849,0.006593549024141623
871,1.2423167848699763,0.00020251861208330125,1.2423167848699763,0.006604321331325311
872,1.2443171485724676,0.000203086191668279,1.2443171485724676,0.006618453339646091
873,1.246317512274959,0.00020370631113029108,1.246317512274959,0.006635952497424134
874,1.2483178759774505,0.00020437927544843612,1.2483178759774503,0.006656834640342559
875,1.2503182396799415,0.00020510543854546342,1.2503182396799417,0.006681124083179087
876,1.252318603382433,0.00020588520371856144,1.2523186033824332,0.006708853766265191
877,1.2543189670849244,0.00020671902416837486,1.2543189670849244,0.006740065458787008
878,1.2563193307874159,0.00020760740362752843,1.2563193307874159,0.006774810021759435
879,1.258319694489907,0.00020855089709027864,1.258319694489907,0.006813147734283886
880,1.2603200581923986,0.00020955011164526776,1.2603200581923986,0.0068551486875574824
881,1.26232042189489,0.00021060570741371148,1.26232042189489,0.0069008932520557426
882,1.2643207855973815,0.0002117183985957282,1.2643207855973813,0.006950472624383844
883,1.2663211492998725,0.0002128889546278951,1.2663211492998727,0.0070039894615088714
884,1.268321513002364,0.00021411820145551954,1.268321513002364,0.007061558611476702
885,1.2703218767048554,0.00021540702292352374,1.2703218767048554,0.007123307951318075
886,1.2723222404073464,0.0002167563622902819,1.2723222404073469,0.007189379344701163
887,1.2743226041098379,0.00021816722386920075,1.274322604109838,0.007259929734043106
888,1.2763229678123293,0.00021964067480331203,1.2763229678123296,0.007335132384311863
889,1.2783233315148208,0.00022117784697866144,1.2783233315148208,0.0074151782987056224
890,1.280323695217312,0.0002227799390828092,1.2803236952173123,0.007500277829879632
891,1.2823240589198035,0.00022444821881533069,1.2823240589198037,0.007590662514508035
892,1.284324422622295,0.00022618402525781249,1.284324422622295,0.0076865871638539295
893,1.2863247863247864,0.00022798877141149367,1.2863247863247862,0.007788332248836377
894,1.2883251500272774,0.00022986394691138667,1.2883251500272774,0.00789620662502778
895,1.290325513729769,0.0002318111209264647,1.290325513729769,0.008010550651333109
896,1.2923258774322604,0.00023383194525628966,1.2923258774322604,0.008131739766096501
897,1.2943262411347514,0.00023592815763532298,1.2943262411347516,0.008260188596422486
898,1.296326604837243,0.00023810158525707653,1.296326604837243,0.00839635569105101
899,1.2983269685397345,0.00024035414853125226,1.2983269685397343,0.008540748984759443
900,1.300327332242226,0.00024268786508810434,1.3003273322422257,0.00869393212369216
901,1.302327695944717,0.0002451048540454038,1.3023276959447172,0.008856531807122628
902,1.3043280596472084,0.00024760734055465176,1.3043280596472084,0.009029246333034048
903,1.3063284233497,0.00025019766064453324,1.3063284233497,0.009212855573928973
904,1.3083287870521914,0.0002528782663810976,1.3083287870521911,0.009408232657143639
905,1.3103291507546824,0.0002556517313657309,1.3103291507546826,0.009616357682751066
906,1.3123295144571738,0.00025852075659374397,1.312329514457174,0.009838333884480703
907,1.3143298781596653,0.00026148817669827335,1.3143298781596653,0.010075406728134426
908,1.3163302418621565,0.0002645569666062755,1.3163302418621567,0.010328986551582786
909,1.318330605564648,0.00026773024863562645,1.318330605564648,0.01060067548515717
910,1.3203309692671394,0.00027101130006478827,1.3203309692671394,0.010892299556420808
911,1.322331332969631,0.0002744035612092017,1.322331332969631,0.01120594708479647
912,1.324331696672122,0.0002779106440414704,1.3243316966721221,0.011544014715399202
913,1.3263320603746134,0.000281536341395624,1.3263320603746136,0.011909262732900924
914,1.3283324240771048,0.0002852846367992418,1.3283324240771048,0.012304881637803316
915,1.3303327877795963,0.00028915971498109087,1.3303327877795963,0.012734572355073633
916,1.3323331514820873,0.00029316597310613556,1.3323331514820878,0.013202642861276438
917,1.3343335151845788,0.0002973080327944382,1.334333515184579,0.01371412441787667
918,1.3363338788870704,0.0003015907529855559,1.3363338788870704,0.01427491089421315
919,1.338334242589562,0.00030601924371569035,1.3383342425895617,0.014891924676181565
920,1.340334606292053,0.0003105988808810153,1.3403346062920531,0.015573312055001861
921,1.3423349699945444,0.00031533532206746615,1.3423349699945446,0.016328669176111435
922,1.3443353336970358,0.0003202345235348045,1.3443353336970356,0.017169295543781944
923,1.3463356973995269,0.0003253027584511475,1.346335697399527,0.01810846389366589
924,1.3483360611020183,0.0003305466364833733,1.3483360611020183,0.019161679874566562
925,1.3503364248045098,0.00033597312485904903,1.3503364248045098,0.020346877366789983
926,1.3523367885070012,0.00034158957102692014,1.352336788507001,0.02168444751084229
927,1.3543371522094925,0.0003474037270555829,1.3543371522094925,0.023196920230592666
928,1.356337515911984,0.0003534237759240254,1.356337515911984,0.02490799216402022
929,1.3583378796144754,0.00035965835987331686,1.3583378796144752,0.026840413573151985
930,1.3603382433169668,0.0003661166110061844,1.3603382433169666,0.029012019713242406
931,1.3623386070194579,0.0003728081843406228,1.3623386070194579,0.03142899645754019
932,1.3643389707219493,0.000379743293545447,1.3643389707219493,0.03407553502978853
933,1.3663393344244408,0.00038693274960999136,1.3663393344244408,0.03689984721445007
934,1.3683396981269318,0.0003943880027274669,1.368339698126932,0.039798820634521566
935,1.3703400618294233,0.00040212118770205574,1.3703400618294235,0.04260784377833642
936,1.3723404255319147,0.0004101451732242151,1.3723404255319147,0.045107113646696395
937,1.3743407892344062,0.0004184736153974247,1.3743407892344062,0.04705590048292589
938,1.3763411529368974,0.00042712101594321905,1.3763411529368976,0.04825470517820655
939,1.3783415166393889,0.0004361027855606791,1.3783415166393889,0.04861292896851938
940,1.3803418803418803,0.00044543531297227493,1.3803418803418803,0.048184811025644876
941,1.3823422440443718,0.00045513604025117384,1.3823422440443716,0.047150401677762445
942,1.3843426077468628,0.0004652235450967624,1.384342607746863,0.045754211486548395
943,1.3863429714493543,0.00047571763080667747,1.3863429714493545,0.04423789129554432
944,1.3883433351518457,0.0004866394247864216,1.3883433351518457,0.04279620697099248
945,1.390343698854337,0.0004980114865436283,1.3903436988543372,0.04156291926748999
946,1.3923440625568284,0.0005098579262351031,1.3923440625568284,0.04061729559380903
947,1.3943444262593199,0.0005222045349734958,1.3943444262593199,0.03999903351479699
948,1.3963447899618113,0.0005350789282597992,1.3963447899618113,0.03972343021979287
949,1.3983451536643023,0.0005485107040910088,1.3983451536643026,0.03979336197629679
950,1.4003455173667938,0.0005625316175035984,1.400345517366794,0.040207571724210814
951,1.4023458810692853,0.0005771757735575052,1.402345881069285,0.040965976649273594
952,1.4043462447717767,0.0005924798410481629,1.4043462447717765,0.04207294812306119
953,1.4063466084742677,0.0006084832895623508,1.406346608474268,0.04353936985856545
954,1.4083469721767592,0.0006252286528758726,1.4083469721767592,0.04538404782240777
955,1.4103473358792507,0.0006427618221370552,1.4103473358792507,0.047634839676331295
956,1.4123476995817419,0.0006611323728021743,1.4123476995817419,0.05032971344959052
957,1.4143480632842333,0.0006803939299014848,1.4143480632842333,0.053517820336282045
958,1.4163484269867248,0.0007006045769356523,1.4163484269867248,0.05726054802224648
959,1.4183487906892163,0.0007218273145539106,1.418348790689216,0.06163237494586355
960,1.4203491543917073,0.0007441305761736156,1.4203491543917075,0.06672112941856821
961,1.4223495180941987,0.0007675888088994181,1.4223495180941987,0.07262691399904046
962,1.4243498817966902,0.0007922831295293205,1.4243498817966902,0.07945841423864691
963,1.4263502454991817,0.0008183020671455047,1.4263502454991817,0.08732450358478934
964,1.428350609201673,0.0008457424058425458,1.428350609201673,0.0963179801383017
965,1.4303509729041644,0.0008747101436242382,1.4303509729041644,0.1064871568637165
966,1.4323513366066558,0.0009053215865018907,1.4323513366066556,0.1177906909622341
967,1.4343517003091468,0.00093770460047859,1.434351700309147,0.13003342190244313
968,1.4363520640116383,0.0009720000485658672,1.4363520640116385,0.1427894647869668
969,1.4383524277141297,0.0010083634454581066,1.4383524277141297,0.15533673464356698
970,1.4403527914166212,0.0010469668692518615,1.4403527914166212,0.16665190575285127
971,1.4423531551191122,0.001088001177986402,1.4423531551191124,0.17552791116952063
972,1.4443535188216037,0.0011316785892497567,1.444353518821604,0.18084198361486858
973,1.4463538825240951,0.001178235694233551,1.4463538825240954,0.18190382374872294
974,1.4483542462265866,0.001227936994217263,1.4483542462265866,0.17871132533978598
975,1.4503546099290778,0.001281079068568154,1.450354609929078,0.17195451242257773
976,1.4523549736315693,0.001337995510375188,1.4523549736315693,0.16276516794532467
977,1.4543553373340607,0.0013990628007204214,1.4543553373340607,0.152368906109986
978,1.4563557010365518,0.0014647073379789183,1.4563557010365522,0.14181389165996594
979,1.4583560647390432,0.0015354138981023523,1.4583560647390434,0.13184977578586368
980,1.4603564284415347,0.00161173588074045,1.460356428441535,0.12293069324501965
981,1.4623567921440261,0.001694307801611876,1.462356792144026,0.11528035690562778
982,1.4643571558465174,0.0017838606342811102,1.4643571558465174,0.10896963358331505
983,1.4663575195490088,0.001881240799780553,1.4663575195490088,0.10398183836342104
984,1.4683578832515003,0.0019874338730354944,1.4683578832515,0.10025918008267982
985,1.4703582469539918,0.0021035944549086384,1.4703582469539915,0.09773248670954644
986,1.4723586106564828,0.0022310841999901242,1.4723586106564828,0.09633883870705379
987,1.4743589743589742,0.0023715207741269364,1.4743589743589742,0.0960314453309299
988,1.4763593380614657,0.0025268416708830108,1.4763593380614657,0.09678498986300695
989,1.4783597017639571,0.002699388551582418,1.478359701763957,0.09859858000720259
990,1.4803600654664482,0.0028920204363970287,1.4803600654664484,0.10149760344401126
991,1.4823604291689396,0.0031082682557719726,1.4823604291689396,0.10553519531013567
992,1.484360792871431,0.0033525500098639228,1.484360792871431,0.11079358717188123
993,1.4863611565739223,0.0036304769553641585,1.4863611565739225,0.11738522264470419
994,1.4883615202764138,0.0039493003570547115,1.4883615202764138,0.12545308396636895
995,1.4903618839789052,0.004318582234523421,1.4903618839789052,0.1351690532298838
996,1.4923622476813967,0.004751236043807027,1.4923622476813965,0.14672818601131918
997,1.4943626113838877,0.0052652037435707505,1.494362611383888,0.16033534983627204
998,1.4963629750863792,0.005886279868329368,1.4963629750863794,0.176178694772828
999,1.4983633387888706,0.006653116309082546,1.4983633387888706,0.19438211483179052
1000,1.500363702491362,0.007626633563797645,1.500363702491362,0.2149273371241396
1001,1.502364066193853,0.008908968640225534,1.5023640661938533,0.2375385012027673
1002,1.5043644298963448,0.010684651584117402,1.5043644298963448,0.26153385309278143
1003,1.5063647935988362,0.01331728982183056,1.5063647935988362,0.2856779737599036
1004,1.5083651573013273,0.017587123072516146,1.5083651573013275,0.3081149240946772
1005,1.5103655210038187,0.025182962982362892,1.510365521003819,0.3265040593044678
1006,1.5123658847063102,0.03806282811139156,1.5123658847063102,0.33845363611027074
1007,1.5143662484088016,0.04741169490311249,1.5143662484088016,0.342191932504805
1008,1.5163666121112926,0.04187736918155915,1.516366612111293,0.3371884396873796
1009,1.518366975813784,0.03866263205241793,1.5183669758137843,0.3243595496913213
1010,1.5203673395162756,0.04400316894801389,1.5203673395162756,0.305722945940037
1011,1.522367703218767,0.0598573464150258,1.5223677032187668,0.2837251624382505
1012,1.5243680669212583,0.0937860273988629,1.5243680669212583,0.26061533986023394
1013,1.5263684306237497,0.15238998879504526,1.5263684306237495,0.23809505652645546
1014,1.5283687943262412,0.1786158446660935,1.528368794326241,0.2172498335514948
1015,1.5303691580287322,0.13257058689706966,1.5303691580287324,0.19864888488891444
1016,1.5323695217312236,0.0999585922490446,1.5323695217312236,0.182499048689148
1017,1.534369885433715,0.09742281650791215,1.534369885433715,0.16878629541145818
1018,1.5363702491362066,0.12323650074237089,1.5363702491362063,0.1573811665645644
1019,1.5383706128386976,0.19046133890624595,1.5383706128386978,0.14810807760567668
1020,1.540370976541189,0.30389589941632417,1.5403709765411893,0.14078688068930545
1021,1.5423713402436805,0.3262378556729197,1.5423713402436805,0.13525585824780154
1022,1.5443717039461722,0.2198650098233903,1.544371703946172,0.13138339164641402
1023,1.5463720676486632,0.14883783753949537,1.5463720676486632,0.1290732661266605
1024,1.5483724313511547,0.12765428253136382,1.5483724313511547,0.12826672700946248
1025,1.5503727950536461,0.14545830220508343,1.5503727950536461,0.1289430998973046
1026,1.5523731587561371,0.21173866354703597,1.5523731587561374,0.13111990527910783
1027,1.5543735224586286,0.31948831238260494,1.5543735224586288,0.13485276476969413
1028,1.55637388616112,0.31241833688436205,1.55637388616112,0.14023484807466288
1029,1.5583742498636115,0.19850912011239258,1.5583742498636115,0.14739498966923023
1030,1.5603746135661027,0.1269241803878353,1.560374613566103,0.15649274892647438
1031,1.5623749772685942,0.09841206844624291,1.5623749772685942,0.1677074259124029
1032,1.5643753409710857,0.09869381864976194,1.5643753409710857,0.18121624485863966
1033,1.5663757046735771,0.12866977194698817,1.566375704673577,0.19715465413704644
1034,1.5683760683760681,0.17643677596266197,1.5683760683760684,0.21554967511241435
1035,1.5703764320785596,0.15737094499309612,1.5703764320785598,0.23621763756212158
1036,1.572376795781051,0.09776112022091303,1.572376795781051,0.25862520456972654
1037,1.574377159483542,0.06181642274516539,1.5743771594835425,0.28173464373104257
1038,1.5763775231860335,0.04485347371224837,1.5763775231860337,0.30389581620835526
1039,1.578377886888525,0.03876867800673064,1.578377886888525,0.32289586204470017
1040,1.5803782505910164,0.041322192120392315,1.5803782505910164,0.3362837538319257
1041,1.5823786142935077,0.04737571432840559,1.5823786142935077,0.3419791926463836
1042,1.5843789779959991,0.039252953865663125,1.5843789779959991,0.33895496956770016
1043,1.5863793416984906,0.026033995599283374,1.5863793416984904,0.32762224013109026
1044,1.588379705400982,0.018051084502324764,1.5883797054009818,0.30967027131182445
1045,1.590380069103473,0.013587056182905325,1.5903800691034733,0.2874668002460128
1046,1.5923804328059645,0.010856967086125298,1.5923804328059645,0.2633773704620654
1047,1.594380796508456,0.009027601016635339,1.594380796508456,0.23930676880938606
1048,1.5963811602109472,0.007712842835175561,1.5963811602109472,0.21654102607947062
1049,1.5983815239134387,0.0067181982856774946,1.5983815239134387,0.1958024488066797
1050,1.6003818876159301,0.0059367409366457005,1.6003818876159301,0.17739447477597592
1051,1.6023822513184216,0.005305053864570109,1.6023822513184214,0.16135174176639283
1052,1.6043826150209126,0.004783087780446984,1.6043826150209128,0.14755866136589066
1053,1.606382978723404,0.00434421693893613,1.606382978723404,0.13583023489776735
1054,1.6083833424258955,0.003969978916815993,1.6083833424258955,0.12596173948384268
1055,1.610383706128387,0.003647119936911268,1.610383706128387,0.11775666432862318
1056,1.612384069830878,0.0033658471308526485,1.6123840698308782,0.1110409191305254
1057,1.6143844335333695,0.0031187476711975115,1.6143844335333697,0.1056690330565419
1058,1.616384797235861,0.002900094160070447,1.616384797235861,0.10152603470167891
1059,1.6183851609383522,0.002705383156477103,1.6183851609383524,0.09852723287391954
1060,1.6203855246408436,0.0025310196001244213,1.6203855246408438,0.09661713814024928
1061,1.622385888343335,0.0023740954842243283,1.622385888343335,0.09576812342597588
1062,1.6243862520458265,0.00223223114544512,1.6243862520458265,0.0959789712178151
1063,1.6263866157483176,0.002103459203070422,1.6263866157483178,0.09727307009982952
1064,1.628386979450809,0.0019861381971933005,1.6283869794508092,0.09969559449158313
1065,1.6303873431533005,0.0018788873212381375,1.6303873431533007,0.10330842482861467
1066,1.632387706855792,0.0017805364055078915,1.632387706855792,0.10818075140933335
1067,1.6343880705582832,0.0016900871048743864,1.6343880705582834,0.11437223248477589
1068,1.6363884342607746,0.0016066824375108306,1.6363884342607746,0.12190444958688199
1069,1.638388797963266,0.0015295826303846317,1.638388797963266,0.1307159870910712
1070,1.6403891616657575,0.0014581457849924318,1.6403891616657575,0.14059862051440533
1071,1.6423895253682486,0.0013918122677269893,1.6423895253682488,0.15112013234463
1072,1.64438988907074,0.0013300920073266544,1.6443898890707402,0.16155664645973494
1073,1.6463902527732315,0.001272554082369453,1.6463902527732315,0.17088211588237898
1074,1.6483906164757225,0.0012188181281947705,1.648390616475723,0.17787721202078607
1075,1.650390980178214,0.0011685472008115462,1.6503909801782144,0.1813893146981182
1076,1.6523913438807054,0.0011214418161389283,1.6523913438807056,0.18067980035779307
1077,1.6543917075831969,0.0010772349438662322,1.654391707583197,0.17568976280528315
1078,1.656392071285688,0.0010356877816212547,1.6563920712856883,0.16705968451265837
1079,1.6583924349881796,0.000996586170776315,1.6583924349881798,0.15588985973523387
1080,1.660392798690671,0.0009597375428206592,1.6603927986906712,0.14339244116678976
1081,1.6623931623931625,0.0009249683067632486,1.6623931623931625,0.1306124386017079
1082,1.6643935260956535,0.0008921216049555385,1.664393526095654,0.11829789332649258
1083,1.666393889798145,0.0008610553781155216,1.6663938897981447,0.10689710211982442
1084,1.6683942535006364,0.0008316406909981375,1.6683942535006362,0.09662129601744608
1085,1.6703946172031274,0.0008037602786991548,1.6703946172031274,0.08752183615142149
1086,1.6723949809056189,0.0007773072804615664,1.6723949809056189,0.07955584168641389
1087,1.6743953446081106,0.000752184133427344,1.6743953446081103,0.07263290908449815
1088,1.676395708310602,0.0007283016033147748,1.6763957083106016,0.06664473850572068
1089,1.678396072013093,0.0007055779327135379,1.678396072013093,0.06148222481548977
1090,1.6803964357155845,0.0006839380907397661,1.6803964357155843,0.05704436635796719
1091,1.682396799418076,0.0006633131103110455,1.6823967994180757,0.05324225239433729
1092,1.6843971631205674,0.0006436395013877731,1.6843971631205672,0.05000029704955843
1093,1.6863975268230584,0.0006248587302637665,1.6863975268230584,0.047256056493360954
1094,1.68839789052555,0.000606916756439214,1.68839789052555,0.0449594051304708
1095,1.6903982542280414,0.0005897636198250055,1.6903982542280411,0.04307148954280799
1096,1.6923986179305326,0.0005733530720501588,1.6923986179305326,0.04156365431207208
1097,1.694398981633024,0.0005576422465074702,1.694398981633024,0.04041638381623868
1098,1.6963993453355155,0.0005425913625035065,1.6963993453355153,0.039618184711495856
1099,1.698399709038007,0.0005281634594998541,1.6983997090380067,0.03916421064596049
1100,1.700400072740498,0.0005143241579615494,1.700400072740498,0.03905427623127106
1101,1.7024004364429894,0.0005010414437803667,1.7024004364429894,0.0392897054059471
1102,1.704400800145481,0.0004882854736277616,1.704400800145481,0.039868226729141455
1103,1.7064011638479724,0.0004760283989245976,1.7064011638479721,0.0407759664677849
1104,1.7084015275504634,0.00046424420640111646,1.7084015275504636,0.04197578089995222
1105,1.7104018912529548,0.00045290857346760334,1.7104018912529548,0.043392273789080636
1106,1.7124022549554463,0.00044199873683003685,1.7124022549554463,0.04489661534121196
1107,1.7144026186579375,0.00043149337297030077,1.7144026186579377,0.046298904353420434
1108,1.716402982360429,0.0004213724892717091,1.716402982360429,0.04736011665879795
1109,1.7184033460629204,0.00041161732471090755,1.7184033460629204,0.047833607530129836
1110,1.720403709765412,0.00040221025915962335,1.7204037097654117,0.04753133542910762
1111,1.722404073467903,0.00039313473044689883,1.7224040734679031,0.04638718398590401
1112,1.7244044371703944,0.00038437515842622364,1.7244044371703946,0.04448046468234351
1113,1.7264048008728858,0.000375916875374412,1.7264048008728858,0.042004060971689496
1114,1.7284051645753773,0.00036774606212144374,1.7284051645753773,0.039197935727140976
1115,1.7304055282778685,0.0003598496893743822,1.7304055282778685,0.0362853463708767
1116,1.73240589198036,0.00035221546375475933,1.73240589198036,0.03343601475557387
1117,1.7344062556828514,0.00034483177811865196,1.7344062556828514,0.030757880945801116
1118,1.7364066193853425,0.00033768766577271634,1.7364066193853427,0.02830639817837849
1119,1.738406983087834,0.00033077275823858266,1.7384069830878341,0.026099768215826324
1120,1.7404073467903254,0.00032407724625274387,1.7404073467903254,0.02413317024212435
1121,1.7424077104928168,0.0003175918437199228,1.7424077104928168,0.02238942514996671
1122,1.7444080741953079,0.0003113077543654731,1.7444080741953083,0.020846000512614753
1123,1.7464084378977993,0.0003052166408568776,1.7464084378977995,0.01947917135251404
1124,1.7484088016002908,0.00029931059618637767,1.748408801600291,0.01826625613402194
1125,1.7504091653027822,0.00029358211712633925,1.7504091653027822,0.01718666168809759
1126,1.7524095290052735,0.0002880240795865771,1.7524095290052737,0.01622224196169633
1127,1.754409892707765,0.00028262971571858505,1.7544098927077652,0.015357289440993573
1128,1.7564102564102564,0.0002773925926258021,1.7564102564102564,0.014578348851759178
1129,1.7584106201127474,0.00027230659255173104,1.7584106201127478,0.013873960234770714
1130,1.7604109838152389,0.000267365894429207,1.760410983815239,0.013234388617180768
1131,1.7624113475177303,0.00026256495668443427,1.7624113475177305,0.01265136856807077
1132,1.7644117112202218,0.0002578985011986945,1.764411711220222,0.012117875768948606
1133,1.766412074922713,0.0002533614983390725,1.7664120749227132,0.011627929091679218
1134,1.7684124386252045,0.0002489491529771256,1.7684124386252047,0.011176422336161904
1135,1.770412802327696,0.0002446568914213292,1.770412802327696,0.010758982826429743
1136,1.7724131660301874,0.0002404803491953394,1.7724131660301874,0.010371853389469976
1137,1.7744135297326784,0.0002364153595997988,1.7744135297326789,0.010011794218163866
1138,1.7764138934351699,0.00023245794300052666,1.77641389343517,0.00967600140045791
1139,1.7784142571376613,0.0002286042967906241,1.7784142571376615,0.009362039294007729
1140,1.7804146208401528,0.00022485078597824182,1.7804146208401528,0.009067784342614417
1141,1.7824149845426438,0.00022119393435565438,1.7824149845426442,0.008791378321619919
1142,1.7844153482451353,0.0002176304162087859,1.7844153482451353,0.00853118934505247
1143,1.7864157119476267,0.00021415704852956592,1.7864157119476265,0.00828577926288485
1144,1.788416075650118,0.00021077078369640553,1.788416075650118,0.00805387632438754
1145,1.7904164393526094,0.0002074687025907835,1.7904164393526092,0.007834352188317855
1146,1.7924168030551009,0.00020424800812038452,1.7924168030551006,0.007626202528617998
1147,1.7944171667575923,0.00020110601912145718,1.794417166757592,0.0074285306213200085
1148,1.7964175304600833,0.00019804016461513903,1.7964175304600833,0.007240533409842112
1149,1.7984178941625748,0.000195047978394362,1.7984178941625748,0.007061489636444954
1150,1.8004182578650663,0.00019212709391969873,1.800418257865066,0.006890749701199848
1151,1.8024186215675577,0.0001892752395040767,1.8024186215675575,0.006727726969629917
1152,1.804418985270049,0.00018649023376776612,1.804418985270049,0.006571890298855232
1153,1.8064193489725404,0.00018376998134637517,1.8064193489725402,0.00642275759174414
1154,1.8084197126750319,0.0001811124688358339,1.8084197126750317,0.006279890220972485
1155,1.810420076377523,0.00017851576095946842,1.810420076377523,0.0061428881914121405
1156,1.8124204400800143,0.00017597799694332776,1.8124204400800143,0.0060113859310289945
1157,1.8144208037825058,0.00017349738708689346,1.8144208037825058,0.0058850486183685555
1158,1.8164211674849973,0.00017107220951717767,1.816421167484997,0.0057635689694677675
1159,1.8184215311874883,0.00016870080711505817,1.8184215311874885,0.005646664419237565
1160,1.8204218948899797,0.000166381584603444,1.8204218948899797,0.005534074642481118
1161,1.8224222585924712,0.00016411300578758316,1.8224222585924712,0.00542555936812736
1162,1.8244226222949627,0.00016189359093845765,1.8244226222949627,0.005320896447274469
1163,1.826422985997454,0.00015972191431082945,1.826422985997454,0.005219880141502357
1164,1.8284233496999454,0.0001575966017880475,1.8284233496999454,0.005122319602828902
1165,1.8304237134024368,0.00015551632864625417,1.8304237134024366,0.005028037520816085
1166,1.8324240771049278,0.0001534798174310953,1.832424077104928,0.004936868915813589
1167,1.8344244408074193,0.00015148583594049435,1.8344244408074195,0.0048486600602688935
1168,1.8364248045099107,0.0001495331953074646,1.8364248045099107,0.004763267512524311
1169,1.8384251682124022,0.00014762074817730586,1.8384251682124022,0.004680557249637122
1170,1.8404255319148932,0.0001457473869739037,1.8404255319148934,0.0046004038875600214
1171,1.842425895617385,0.00014391204225016935,1.842425895617385,0.004522689978555981
1172,1.8444262593198764,0.0001421136811179783,1.8444262593198764,0.004447305377036267
1173,1.8464266230223678,0.00014035130575324012,1.8464266230223676,0.004374146666137495
1174,1.8484269867248588,0.00013862395197201328,1.848426986724859,0.004303116638322202
1175,1.8504273504273503,0.00013693068787381718,1.8504273504273503,0.004234123824121637
1176,1.8524277141298418,0.00013527061254853812,1.8524277141298418,0.004167082063859506
1177,1.8544280778323328,0.0001336428548435294,1.8544280778323332,0.004101910117818295
1178,1.8564284415348242,0.00013204657218771938,1.8564284415348244,0.004038531310849693
1179,1.8584288052373157,0.00013048094946972966,1.858428805237316,0.003976873207899619
1180,1.8604291689398071,0.00012894519796717387,1.8604291689398071,0.003916867317326529
1181,1.8624295326422984,0.00012743855432448406,1.8624295326422986,0.003858448819247652
1182,1.8644298963447898,0.00012596027957675773,1.86442989634479,0.003801556316458817
1183,1.8664302600472813,0.00012450965821727113,1.8664302600472813,0.003746131605745834
1184,1.8684306237497728,0.00012308599730642998,1.8684306237497728,0.0036921194676441376
1185,1.8704309874522638,0.00012168862562006571,1.870430987452264,0.0036394674729132446
1186,1.8724313511547552,0.00012031689283509639,1.8724313511547555,0.0035881258041772176
1187,1.8744317148572467,0.00011897016875069013,1.874431714857247,0.0035380470913451215
1188,1.8764320785597377,0.00011764784254316438,1.8764320785597381,0.0034891862595692537
1189,1.8784324422622292,0.00011634932205295973,1.8784324422622296,0.0034415003886261383
1190,1.8804328059647206,0.00011507403310211822,1.8804328059647208,0.0033949485827179412
1191,1.8824331696672123,0.0001138214188407764,1.8824331696672123,0.0033494918497920063
1192,1.8844335333697033,0.00011259093912127211,1.8844335333697038,0.0033050929895651
1193,1.8864338970721948,0.00011138206989853416,1.886433897072195,0.0032617164895180784
1194,1.8884342607746862,0.00011019430265550157,1.8884342607746865,0.0032193284281972546
1195,1.8904346244771777,0.00010902714385237906,1.8904346244771777,0.0031778963852217073
1196,1.8924349881796687,0.0001078801143986052,1.8924349881796692,0.0031373893574520905
1197,1.8944353518821602,0.00010675274914646585,1.8944353518821606,0.0030977776808269247
1198,1.8964357155846516,0.00010564459640534432,1.8964357155846518,0.0030590329574175295
1199,1.8984360792871429,0.0001045552174756478,1.8984360792871433,0.003021127987293357
1200,1.9004364429896343,0.00010348418620150407,1.900436442989634,0.002984036704825928
1201,1.9024368066921258,0.00010243108854136937,1.9024368066921256,0.0029477341190923757
1202,1.9044371703946172,0.0001013955221557273,1.9044371703946168,0.0029121962580693455
1203,1.9064375340971083,0.00010037709601110699,1.9064375340971083,0.002877400116334375
1204,1.9084378977995997,9.937542999968293e-05,1.9084378977995997,0.002843323606016309
1205,1.9104382615020912,9.839015457376091e-05,1.910438261502091,0.002809945510757932
1206,1.9124386252045826,9.742091039448368e-05,1.9124386252045824,0.002777245442473769
1207,1.9144389889070736,9.646734799412844e-05,1.9144389889070736,0.002745203800703942
1208,1.916439352609565,9.552912745139591e-05,1.916439352609565,0.00271380173438117
1209,1.9184397163120566,9.460591807912408e-05,1.9184397163120566,0.002683021105842785
1210,1.920440080014548,9.369739812388201e-05,1.9204400800145478,0.00265284445693302
1211,1.9224404437170393,9.280325447693182e-05,1.9224404437170393,0.002623254977053088
1212,1.9244408074195307,9.192318239606657e-05,1.9244408074195305,0.0025942364730276476
1213,1.9264411711220222,9.105688523786102e-05,1.926441171122022,0.002565773340666458
1214,1.9284415348245132,9.020407419988776e-05,1.9284415348245134,0.0025378505379092618
1215,1.9304418985270047,8.936446807247826e-05,1.9304418985270047,0.0025104535594504223
1216,1.932442262229496,8.853779299962729e-05,1.932442262229496,0.002483568412747602
1217,1.9344426259319876,8.772378224865435e-05,1.9344426259319873,0.0024571815953258586
1218,1.9364429896344788,8.692217598825933e-05,1.9364429896344788,0.002431280073295048
1219,1.9384433533369703,8.613272107462218e-05,1.9384433533369703,0.002405851261004392
1220,1.9404437170394617,8.535517084521653e-05,1.9404437170394615,0.002380883001763548
1221,1.9424440807419532,8.458928492001798e-05,1.942444080741953,0.002356363549564567
1222,1.9444444444444442,8.383482900980701e-05,1.9444444444444442,0.00233228155174373
1223,1.9464448081469357,8.309157473127637e-05,1.9464448081469357,0.002308626032526563
1224,1.9484451718494271,8.235929942867015e-05,1.9484451718494271,0.002285386377403208
1225,1.9504455355519181,8.16377860016891e-05,1.9504455355519184,0.0022625523182849927
1226,1.9524458992544096,8.092682273941256e-05,1.9524458992544098,0.0022401139193963565
1227,1.954446262956901,8.022620315999856e-05,1.954446262956901,0.002218061563859393
1228,1.9564466266593925,7.953572585593073e-05,1.9564466266593925,0.002196385940931107
1229,1.9584469903618837,7.885519434459537e-05,1.958446990361884,0.0021750780338561336
1230,1.9604473540643752,7.818441692397783e-05,1.9604473540643752,0.002154129108300107
1231,1.9624477177668667,7.752320653328079e-05,1.9624477177668667,0.002133530701331113
1232,1.9644480814693581,7.68713806182703e-05,1.964448081469358,0.002113274610918778
1233,1.9664484451718491,7.622876100116916e-05,1.9664484451718494,0.002093352885922465
1234,1.9684488088743406,7.559517375492101e-05,1.9684488088743408,0.0020737578165418743
1235,1.970449172576832,7.497044908165988e-05,1.970449172576832,0.0020544819252050063
1236,1.9724495362793233,7.435442119522272e-05,1.9724495362793235,0.0020355179578699935
1237,1.9744498999818147,7.374692820755263e-05,1.9744498999818147,0.0020168588757187873
1238,1.9764502636843062,7.314781201884715e-05,1.9764502636843062,0.001998497847221993
1239,1.9784506273867977,7.255691821130854e-05,1.9784506273867977,0.001980428240555426
1240,1.9804509910892887,7.19740959463637e-05,1.980450991089289,0.00196264361635012
1241,1.9824513547917801,7.139919786522275e-05,1.9824513547917804,0.0019451377207586119
1242,1.9844517184942716,7.083207999265496e-05,1.9844517184942716,0.0019279044788213387
1243,1.986452082196763,7.027260164386099e-05,1.986452082196763,0.001910937988117933
1244,1.988452445899254,6.972062533432951e-05,1.9884524458992545,0.0018942325126890854
1245,1.9904528096017455,6.917601669256838e-05,1.9904528096017458,0.0018777824772154789
1246,1.992453173304237,6.863864437560714e-05,1.9924531733042372,0.0018615824614410517
1247,1.9944535370067282,6.810837998716883e-05,1.9944535370067284,0.001845627194828605
1248,1.9964539007092197,6.758509799841588e-05,1.99645390070922,0.0018299115514363992
1249,1.9984542644117111,6.706867567117885e-05,1.9984542644117114,0.0018144305450050698
1250,2.0004546281142024,6.655899298357714e-05,2.000454628114203,0.0017991793242447423
1251,2.002454991816694,6.605593255794871e-05,2.002454991816694,0.0017841531683128104
1252,2.0044553555191853,6.55593795910058e-05,2.0044553555191853,0.0017693474824733533
1253,2.0064557192216768,6.506922178613973e-05,2.0064557192216768,0.0017547577939296588
1254,2.008456082924168,6.458534928779761e-05,2.008456082924168,0.0017403797478217774
1255,2.0104564466266592,6.410765461786027e-05,2.0104564466266597,0.0017262091033814673
1256,2.0124568103291507,6.363603261395063e-05,2.0124568103291507,0.001712241730237294
1257,2.014457174031642,6.317038036960725e-05,2.014457174031642,0.0016984736048630284
1258,2.016457537734133,6.271059717625714e-05,2.0164575377341336,0.0016849008071628565
1259,2.0184579014366246,6.22565844669267e-05,2.0184579014366246,0.0016715195171872297
1260,2.020458265139116,6.180824576163275e-05,2.020458265139116,0.0016583260119735115
1261,2.0224586288416075,6.136548661439427e-05,2.022458628841607,0.0016453166625059205
1262,2.0244589925440986,6.092821456181179e-05,2.0244589925440986,0.0016324879307894483
1263,2.02645935624659,6.049633907316041e-05,2.02645935624659,0.001619836367032803
1264,2.0284597199490815,6.006977150194699e-05,2.0284597199490815,0.001607358606935626
1265,2.030460083651573,5.964842503888095e-05,2.030460083651573,0.0015950513690754671
1266,2.032460447354064,5.92322146662129e-05,2.032460447354064,0.0015829114523902444
1267,2.0344608110565554,5.8821057113394903e-05,2.0344608110565554,0.001570935733752111
1268,2.036461174759047,5.841487081401989e-05,2.036461174759047,0.0015591211656288601
1269,2.0384615384615383,5.801357586399673e-05,2.0384615384615383,0.0015474647738291743
1270,2.04046190216403,5.7617093980921306e-05,2.04046190216403,0.0015359636553282218
1271,2.0424622658665212,5.722534846460522e-05,2.042462265866521,0.0015246149761702554
1272,2.0444626295690127,5.6838264158723026e-05,2.0444626295690123,0.0015134159694450277
1273,2.0464629932715037,5.645576741354329e-05,2.0464629932715037,0.0015023639333350053
1274,2.048463356973995,5.6077786049707385e-05,2.048463356973995,0.0014914562292304792
1275,2.0504637206764866,5.570424932302378e-05,2.0504637206764866,0.0014806902799098332
1276,2.052464084378978,5.533508789024394e-05,2.0524640843789776,0.0014700635677823326
1277,2.054464448081469,5.497023377578965e-05,2.054464448081469,0.0014595736331909355
1278,2.0564648117839606,5.4609620339400885e-05,2.0564648117839606,0.0014492180727727366
1279,2.058465175486452,5.4253182244676256e-05,2.058465175486452,0.0014389945378747641
1280,2.060465539188943,5.390085542847661e-05,2.0604655391889435,0.001428900733022947
1281,2.0624659028914345,5.35525770711655e-05,2.0624659028914345,0.001418934414442181
1282,2.064466266593926,5.320828556766092e-05,2.064466266593926,0.0014090933886255022
1283,2.0664666302964174,5.2867920499271886e-05,2.0664666302964174,0.00139937551095047
1284,2.0684669939989084,5.253142260629663e-05,2.068466993998909,0.001389778684340949
1285,2.0704673577014,5.2198733761358244e-05,2.0704673577014003,0.0013803008579725542
1286,2.0724677214038913,5.186979694345594e-05,2.0724677214038913,0.0013709400260200953
1287,2.074468085106383,5.1544556212709035e-05,2.074468085106383,0.0013616942264454463
1288,2.0764684488088743,5.1222956685773385e-05,2.0764684488088743,0.0013525615398243067
1289,2.0784688125113657,5.090494451190924e-05,2.0784688125113657,0.0013435400882104175
1290,2.080469176213857,5.0590466849681616e-05,2.080469176213857,0.0013346280340358245
1291,2.0824695399163486,5.027947184427323e-05,2.082469539916348,0.0013258235790458762
1292,2.0844699036188397,4.997190860539223e-05,2.0844699036188397,0.0013171249632676584
1293,2.086470267321331,4.9667727185756574e-05,2.086470267321331,0.0013085304640106689
1294,2.0884706310238226,4.9366878560138554e-05,2.0884706310238226,0.001300038394898538
1295,2.0904709947263136,4.906931460495185e-05,2.090470994726314,0.0012916471049306878
1296,2.092471358428805,4.877498807836573e-05,2.092471358428805,0.0012833549775728456
1297,2.0944717221312965,4.848385260093106e-05,2.0944717221312965,0.001275160429875389
1298,2.096472085833788,4.8195862636702455e-05,2.096472085833788,0.001267061911618521
1299,2.098472449536279,4.79109734748426e-05,2.0984724495362794,0.0012590579044833355
1300,2.1004728132387704,4.762914121169429e-05,2.100472813238771,0.001251146921247857
1301,2.102473176941262,4.735032273330733e-05,2.102473176941262,0.0012433275050071824
1302,2.1044735406437534,4.7074475698406166e-05,2.1044735406437534,0.0012355982284168855
1303,2.1064739043462444,4.680155852178644e-05,2.106473904346245,0.001227957692958874
1304,2.108474268048736,4.6531530358127274e-05,2.1084742680487363,0.0012204045282289315
1305,2.1104746317512273,4.626435108620874e-05,2.1104746317512277,0.0012129373912451956
1306,2.1124749954537183,4.5999981293521326e-05,2.1124749954537188,0.0012055549657768577
1307,2.1144753591562098,4.57383822612574e-05,2.11447535915621,0.0011982559616924024
1308,2.1164757228587017,4.547951594967376e-05,2.1164757228587017,0.0011910391143267205
1309,2.118476086561193,4.522334498381431e-05,2.118476086561193,0.001183903183866464
1310,2.120476450263684,4.496983263958314e-05,2.1204764502636846,0.0011768469547530328
1311,2.1224768139661756,4.471894283015801e-05,2.1224768139661756,0.0011698692351026058
1312,2.124477177668667,4.4470640092735203e-05,2.124477177668667,0.001162968856142649
1313,2.1264775413711585,4.422488957559575e-05,2.1264775413711585,0.0011561446716643637
1314,2.1284779050736495,4.3981657025484845e-05,2.12847790507365,0.0011493955574905428
1315,2.130478268776141,4.374090877529522e-05,2.1304782687761414,0.0011427204109583406
1316,2.1324786324786325,4.350261173204695e-05,2.1324786324786325,0.0011361181504164668
1317,2.1344789961811235,4.326673336515452e-05,2.1344789961811235,0.0011295877147363383
1318,2.136479359883615,4.303324169497395e-05,2.136479359883615,0.0011231280628367347
1319,2.1384797235861064,4.2802105281622614e-05,2.1384797235861064,0.0011167381732215445
1320,2.140480087288598,4.257329321406348e-05,2.1404800872885974,0.0011104170435301533
1321,2.142480450991089,4.234677509944741e-05,2.142480450991089,0.001104163690100099
1322,2.1444808146935803,4.212252105270615e-05,2.1444808146935803,0.001097977147541594
1323,2.1464811783960718,4.1900501686389645e-05,2.1464811783960718,0.0010918564683235405
1324,2.1484815420985632,4.168068810074063e-05,2.1484815420985632,0.0010858007223706894
1325,2.1504819058010542,4.1463051874000706e-05,2.1504819058010542,0.001079808996671578
1326,2.1524822695035457,4.1247565052941205e-05,2.1524822695035457,0.0010738803948969306
1327,2.154482633206037,4.103420014361358e-05,2.154482633206037,0.0010680140370281851
1328,2.1564829969085286,4.082293010231286e-05,2.1564829969085286,0.0010622090589958398
1329,2.15848336061102,4.061372832674878e-05,2.15848336061102,0.0010564646123273206
1330,2.1604837243135115,4.040656864741946e-05,2.160483724313511,0.001050779863804073
1331,2.162484088016003,4.020142531918198e-05,2.1624840880160026,0.0010451539951276065
1332,2.164484451718494,3.999827301301465e-05,2.164484451718494,0.001039586202594215
1333,2.1664848154209855,3.9797086807966325e-05,2.1664848154209855,0.0010340756967781124
1334,2.168485179123477,3.959784218328788e-05,2.168485179123477,0.0010286217022227357
1335,2.1704855428259684,3.94005150107408e-05,2.170485542825968,0.0010232234571399654
1336,2.1724859065284594,3.920508154707877e-05,2.1724859065284594,0.0010178802131170356
1337,2.174486270230951,3.9011518426697353e-05,2.174486270230951,0.0010125912348308995
1338,2.1764866339334423,3.88198026544482e-05,2.1764866339334423,0.0010073557997698338
1339,2.1784869976359333,3.862991159861273e-05,2.178486997635934,0.0010021731979620706
1340,2.180487361338425,3.844182298403176e-05,2.180487361338425,0.0009970427317112496
1341,2.1824877250409163,3.825551488538719e-05,2.1824877250409163,0.0009919637153384918
1342,2.1844880887434077,3.807096572063157e-05,2.1844880887434077,0.0009869354749309067
1343,2.1864884524458987,3.788815424456208e-05,2.186488452445899,0.0009819573480963426
1344,2.18848881614839,3.7707059542535124e-05,2.1884888161483906,0.0009770286837242038
1345,2.1904891798508817,3.752766102431845e-05,2.1904891798508817,0.0009721488417521593
1346,2.192489543553373,3.734993841807666e-05,2.192489543553373,0.0009673171929385773
1347,2.1944899072558646,3.717387176448752e-05,2.1944899072558646,0.0009625331186405209
1348,2.196490270958356,3.699944141098521e-05,2.196490270958356,0.0009577960105971482
1349,2.1984906346608475,3.6826628006128094e-05,2.1984906346608475,0.0009531052707183662
1350,2.2004909983633385,3.6655412494087174e-05,2.2004909983633385,0.0009484603108785897
1351,2.20249136206583,3.64857761092527e-05,2.20249136206583,0.0009438605527154627
1352,2.2044917257683214,3.6317700370956256e-05,2.2044917257683214,0.0009393054274334043
1353,2.206492089470813,3.615116707830492e-05,2.206492089470813,0.000934794375611847
1354,2.208492453173304,3.598615830512528e-05,2.2084924531733043,0.0009303268470180364
1355,2.2104928168757954,3.582265639501431e-05,2.2104928168757954,0.0009259023004242659
1356,2.212493180578287,3.566064395649491e-05,2.212493180578287,0.0009215202034294274
1357,2.2144935442807783,3.550010385827321e-05,2.2144935442807783,0.0009171800322847589
1358,2.2164939079832693,3.5341019224595344e-05,2.2164939079832697,0.000912881271723676
1359,2.2184942716857607,3.518337343070131e-05,2.218494271685761,0.0009086234147955737
1360,2.220494635388252,3.5027150098373795e-05,2.220494635388252,0.0009044059627034966
1361,2.2224949990907437,3.487233309157927e-05,2.2224949990907437,0.0009002284246455687
1362,2.2244953627932347,3.4718906512199644e-05,2.224495362793235,0.0008960903176600852
1363,2.226495726495726,3.456685469585189e-05,2.2264957264957266,0.0008919911664741674
1364,2.2284960901982176,3.4416162207794096e-05,2.228496090198218,0.0008879305033558864
1365,2.230496453900709,3.426681383891537e-05,2.230496453900709,0.0008839078679697641
1366,2.2324968176032005,3.411879460180789e-05,2.2324968176032005,0.0008799228072355627
1367,2.234497181305692,3.3972089726919416e-05,2.234497181305692,0.0008759748751902734
1368,2.2364975450081834,3.382668465878384e-05,2.2364975450081834,0.0008720636328532281
1369,2.2384979087106744,3.3682565052328516e-05,2.238497908710675,0.0008681886480942416
1370,2.240498272413166,3.353971676925607e-05,2.240498272413166,0.0008643494955047159
1371,2.2424986361156574,3.339812587449963e-05,2.2424986361156574,0.0008605457562716253
1372,2.244498999818149,3.325777863274907e-05,2.244498999818149,0.0008567770180543063
1373,2.24649936352064,3.311866150504717e-05,2.2464993635206403,0.0008530428748639854
1374,2.2484997272231313,3.298076114545373e-05,2.2484997272231317,0.0008493429269459691
1375,2.2505000909256228,3.284406439777651e-05,2.2505000909256228,0.0008456767806644325
1376,2.2525004546281138,3.2708558292367034e-05,2.2525004546281138,0.000842044048389739
1377,2.2545008183306052,3.2574230042979894e-05,2.2545008183306052,0.0008384443483882238
1378,2.2565011820330967,3.244106704369455e-05,2.2565011820330967,0.0008348773047143886
1379,2.258501545735588,3.230905686589751e-05,2.258501545735588,0.0008313425471054341
1380,2.260501909438079,3.217818725532411e-05,2.260501909438079,0.0008278397108780801
1381,2.2625022731405706,3.204844612915818e-05,2.2625022731405706,0.0008243684368276155
1382,2.264502636843062,3.1919821573188716e-05,2.264502636843062,0.0008209283711291195
1383,2.2665030005455535,3.179230183902172e-05,2.2665030005455535,0.0008175191652408022
1384,2.268503364248045,3.166587534134662e-05,2.268503364248045,0.0008141404758094138
1385,2.2705037279505365,3.154053065525538e-05,2.270503727950536,0.0008107919645776666
1386,2.272504091653028,3.1416256513613904e-05,2.2725040916530275,0.0008074732982936266
1387,2.274504455355519,3.129304180448389e-05,2.274504455355519,0.0008041841486220216
1388,2.2765048190580104,3.1170875568594286e-05,2.2765048190580104,0.0008009241920574213
1389,2.278505182760502,3.104974699686159e-05,2.278505182760502,0.0007976931098392446
1390,2.2805055464629933,3.092964542795726e-05,2.280505546462993,0.0007944905878685476
1391,2.2825059101654843,3.0810560345921855e-05,2.2825059101654843,0.0007913163166265514
1392,2.284506273867976,3.0692481377824324e-05,2.284506273867976,0.0007881699910948677
1393,2.2865066375704672,3.057539829146611e-05,2.2865066375704672,0.0007850513106773799
1394,2.2885070012729587,3.0459300993128422e-05,2.2885070012729587,0.0007819599791237426
1395,2.2905073649754497,3.0344179525362234e-05,2.2905073649754497,0.0007788957044544585
1396,2.292507728677941,3.0230024064819805e-05,2.292507728677941,0.0007758581988874973
1397,2.2945080923804326,3.0116824920127122e-05,2.2945080923804326,0.0007728471787664199
1398,2.2965084560829236,3.0004572529796046e-05,2.296508456082924,0.0007698623644899704
1399,2.298508819785415,2.9893257460175548e-05,2.2985088197854155,0.0007669034804431041
1400,2.3005091834879066,2.9782870403441207e-05,2.3005091834879066,0.0007639702549294177
1401,2.302509547190398,2.967340217562202e-05,2.302509547190398,0.0007610624201049459
1402,2.3045099108928895,2.9564843714663815e-05,2.3045099108928895,0.0007581797119132966
1403,2.306510274595381,2.9457186078528494e-05,2.306510274595381,0.0007553218700220913
1404,2.3085106382978724,2.9350420443328436e-05,2.3085106382978724,0.0007524886377606818
1405,2.310511002000364,2.924453810149516e-05,2.3105110020003634,0.0007496797620591126
1406,2.312511365702855,2.9139530459981598e-05,2.312511365702855,0.000746894993388301
1407,2.3145117294053463,2.903538903849729e-05,2.3145117294053463,0.0007441340857014082
1408,2.316512093107838,2.893210546777595e-05,2.316512093107838,0.0007413967963763727
1409,2.318512456810329,2.882967148787445e-05,2.3185124568103292,0.0007386828861595789
1410,2.3205128205128203,2.8728078946502703e-05,2.3205128205128203,0.0007359921191106387
1411,2.3225131842153117,2.8627319797384024e-05,2.3225131842153117,0.0007333242625482568
1412,2.324513547917803,2.8527386098644938e-05,2.324513547917803,0.0007306790869971585
1413,2.326513911620294,2.842827001123417e-05,2.3265139116202946,0.000728056366136054
1414,2.3285142753227857,2.832996379736995e-05,2.328514275322786,0.0007254558767466174
1415,2.330514639025277,2.8232459819015407e-05,2.330514639025277,0.0007228773986634575
1416,2.3325150027277686,2.8135750536381106e-05,2.3325150027277686,0.0007203207147250573
1417,2.3345153664302596,2.8039828506454367e-05,2.33451536643026,0.0007177856107256635
1418,2.336515730132751,2.794468638155479e-05,2.3365157301327515,0.0007152718753681005
1419,2.3385160938352425,2.785031690791557e-05,2.338516093835243,0.0007127793002174945
1420,2.340516457537734,2.775671292428987e-05,2.340516457537734,0.0007103076796558811
1421,2.3425168212402254,2.7663867360581818e-05,2.3425168212402254,0.0007078568108376839
1422,2.344517184942717,2.7571773236501857e-05,2.344517184942717,0.0007054264936460384
1423,2.3465175486452083,2.7480423660245592e-05,2.3465175486452083,0.0007030165306499492
1424,2.3485179123476994,2.7389811827195957e-05,2.3485179123477,0.000700626727062257
1425,2.350518276050191,2.729993101864807e-05,2.350518276050191,0.0006982568906984016
1426,2.3525186397526823,2.7210774600556503e-05,2.3525186397526823,0.0006959068319359629
1427,2.3545190034551737,2.7122336022304263e-05,2.3545190034551737,0.0006935763636749615
1428,2.3565193671576647,2.7034608815493356e-05,2.356519367157665,0.0006912653012989045
1429,2.358519730860156,2.6947586592756195e-05,2.3585197308601566,0.0006889734626365611
1430,2.3605200945626477,2.6861263046587824e-05,2.3605200945626477,0.0006867006679244495
1431,2.362520458265139,2.6775631948198134e-05,2.362520458265139,0.0006844467397700245
1432,2.36452082196763,2.6690687146384017e-05,2.3645208219676306,0.0006822115031155462
1433,2.3665211856701216,2.66064225664208e-05,2.366521185670122,0.0006799947852026195
1434,2.368521549372613,2.652283220897297e-05,2.368521549372613,0.0006777964155373871
1435,2.370521913075104,2.643991014902328e-05,2.370521913075104,0.0006756162258563647
1436,2.3725222767775955,2.6357650534820333e-05,2.3725222767775955,0.0006734540500929053
1437,2.374522640480087,2.627604758684417e-05,2.374522640480087,0.0006713097243442761
1438,2.3765230041825784,2.6195095596789307e-05,2.3765230041825784,0.0006691830868393392
1439,2.37852336788507,2.611478892656523e-05,2.37852336788507,0.0006670739779068204
1440,2.3805237315875614,2.6035122007313693e-05,2.380523731587561,0.0006649822399441585
1441,2.382524095290053,2.5956089338442772e-05,2.3825240952900524,0.0006629077173869165
1442,2.3845244589925443,2.5877685486677153e-05,2.384524458992544,0.00066085025667875
1443,2.3865248226950353,2.579990508512443e-05,2.3865248226950353,0.0006588097062419172
1444,2.3885251863975268,2.5722742832357114e-05,2.3885251863975268,0.0006567859164483205
1445,2.390525550100018,2.564619349151008e-05,2.3905255501000178,0.0006547787395910692
1446,2.3925259138025092,2.5570251889393113e-05,2.3925259138025092,0.0006527880298565537
1447,2.3945262775050007,2.549491291561818e-05,2.3945262775050007,0.000650813643297018
1448,2.396526641207492,2.5420171521741506e-05,2.396526641207492,0.0006488554378036238
1449,2.3985270049099836,2.5346022720419666e-05,2.3985270049099836,0.000646913273079995
1450,2.4005273686124746,2.5272461584579903e-05,2.4005273686124746,0.0006449870106162313
1451,2.402527732314966,2.519948324660401e-05,2.402527732314966,0.0006430765136633855
1452,2.4045280960174575,2.5127082897525953e-05,2.4045280960174575,0.0006411816472083908
1453,2.406528459719949,2.5055255786242552e-05,2.406528459719949,0.0006393022779494328
1454,2.40852882342244,2.498399721873729e-05,2.4085288234224405,0.0006374382742717563
1455,2.4105291871249315,2.4913302557316776e-05,2.4105291871249315,0.0006355895062238958
1456,2.412529550827423,2.484316721985996e-05,2.412529550827423,0.0006337558454943268
1457,2.4145299145299144,2.4773586679079434e-05,2.4145299145299144,0.0006319371653885244
1458,2.416530278232406,2.470455646179493e-05,2.416530278232406,0.0006301333408064244
1459,2.4185306419348973,2.4636072148218714e-05,2.4185306419348973,0.000628344248220277
1460,2.4205310056373888,2.456812937125258e-05,2.4205310056373883,0.0006265697656528889
1461,2.42253136933988,2.450072381579632e-05,2.42253136933988,0.0006248097726562415
1462,2.4245317330423712,2.4433851218067347e-05,2.4245317330423712,0.0006230641502904823
1463,2.4265320967448627,2.4367507364931547e-05,2.4265320967448627,0.0006213327811032801
1464,2.428532460447354,2.430168809324476e-05,2.428532460447354,0.0006196155491095363
1465,2.430532824149845,2.4236389289205065e-05,2.430532824149845,0.0006179123397714497
1466,2.4325331878523366,2.4171606887715364e-05,2.4325331878523366,0.000616223039978922
1467,2.434533551554828,2.410733687175645e-05,2.434533551554828,0.0006145475380303028
1468,2.436533915257319,2.4043575271769972e-05,2.4365339152573195,0.000612885723613465
1469,2.4385342789598106,2.3980318165051367e-05,2.438534278959811,0.0006112374877872042
1470,2.440534642662302,2.391756167515263e-05,2.440534642662302,0.0006096027229629589
1471,2.4425350063647935,2.38553019712945e-05,2.4425350063647935,0.0006079813228868411
1472,2.4445353700672845,2.3793535267788166e-05,2.444535370067285,0.0006063731826219767
1473,2.446535733769776,2.3732257823466074e-05,2.4465357337697764,0.0006047781985311434
1474,2.4485360974722674,2.3671465941122007e-05,2.448536097472268,0.0006031962682597088
1475,2.450536461174759,2.3611155966959892e-05,2.450536461174759,0.000601627290718855
1476,2.45253682487725,2.355132429005149e-05,2.4525368248772503,0.0006000711660690914
1477,2.454537188579742,2.3491967341802583e-05,2.454537188579742,0.0005985277957040437
1478,2.4565375522822332,2.3433081595427806e-05,2.4565375522822332,0.0005969970822345218
1479,2.4585379159847243,2.337466356543363e-05,2.4585379159847247,0.0005954789294728537
1480,2.4605382796872157,2.331670980710954e-05,2.4605382796872157,0.0005939732424174864
1481,2.462538643389707,2.3259216916027406e-05,2.462538643389707,0.0005924799272378468
1482,2.4645390070921986,2.3202181527548543e-05,2.4645390070921986,0.0005909988912594566
1483,2.4665393707946897,2.3145600316338702e-05,2.46653937079469,0.0005895300429492998
1484,2.468539734497181,2.308946999589057e-05,2.4685397344971816,0.0005880732919014357
1485,2.4705400981996726,2.3033787318053903e-05,2.4705400981996726,0.0005866285488228537
1486,2.472540461902164,2.2978549072572967e-05,2.472540461902164,0.0005851957255195662
1487,2.474540825604655,2.2923752086631238e-05,2.4745408256046555,0.000583774734882936
1488,2.4765411893071465,2.286939322440322e-05,2.476541189307147,0.0005823654908762313
1489,2.478541553009638,2.281546938661337e-05,2.4785415530096384,0.0005809679085214071
1490,2.480541916712129,2.2761977510101866e-05,2.4805419167121294,0.0005795819038861092
1491,2.4825422804146204,2.2708914567397082e-05,2.482542280414621,0.000578207394070894
1492,2.484542644117112,2.2656277566294948e-05,2.4845426441171123,0.0005768442971966637
1493,2.4865430078196034,2.2604063549444633e-05,2.4865430078196034,0.0005754925323923112
1494,2.4885433715220944,2.2552269593940918e-05,2.4885433715220944,0.0005741520197825704
1495,2.490543735224586,2.2500892810922677e-05,2.490543735224586,0.000572822680476074
1496,2.4925440989270773,2.2449930345177885e-05,2.4925440989270773,0.0005715044365536056
1497,2.494544462629569,2.239937937475454e-05,2.4945444626295687,0.0005701972110565513
1498,2.49654482633206,2.2349237110577763e-05,2.49654482633206,0.0005689009279755443
1499,2.4985451900345517,2.229950079607279e-05,2.4985451900345512,0.0005676155122392977
1500,2.500545553737043,2.22501677067939e-05,2.5005455537370427,0.0005663408897036259
1501,2.5025459174395346,2.2201235150059004e-05,2.502545917439534,0.0005650769871406477
1502,2.5045462811420256,2.2152700464589998e-05,2.5045462811420256,0.0005638237322281722
1503,2.506546644844517,2.2104561020158617e-05,2.506546644844517,0.0005625810535392594
1504,2.5085470085470085,2.205681421723785e-05,2.508547008547008,0.0005613488805319583
1505,2.5105473722494995,2.200945748665875e-05,2.5105473722494995,0.0005601271435392148
1506,2.512547735951991,2.1962488289272525e-05,2.512547735951991,0.0005589157737589499
1507,2.5145480996544824,2.1915904115617906e-05,2.5145480996544824,0.0005577147032443033
1508,2.516548463356974,2.1869702485593686e-05,2.516548463356974,0.0005565238648940418
1509,2.518548827059465,2.1823880948136296e-05,2.518548827059465,0.0005553431924431272
1510,2.5205491907619564,2.177843708090238e-05,2.5205491907619564,0.0005541726204534439
1511,2.522549554464448,2.173336848995635e-05,2.522549554464448,0.0005530120843046827
1512,2.5245499181669393,2.1688672809462745e-05,2.5245499181669393,0.000551861520185377
1513,2.5265502818694303,2.1644347701383363e-05,2.5265502818694308,0.0005507208650840909
1514,2.5285506455719218,2.1600390855179077e-05,2.5285506455719218,0.0005495900567807565
1515,2.5305510092744132,2.1556799987516337e-05,2.5305510092744132,0.0005484690338381564
1516,2.5325513729769047,2.1513572841978214e-05,2.5325513729769047,0.0005473577355935527
1517,2.534551736679396,2.1470707188779836e-05,2.534551736679396,0.0005462561021504554
1518,2.5365521003818876,2.142820082448844e-05,2.5365521003818876,0.0005451640743705326
1519,2.538552464084379,2.1386051571747613e-05,2.5385524640843786,0.0005440815938656588
1520,2.54055282778687,2.1344257279005904e-05,2.54055282778687,0.000543008602990097
1521,2.5425531914893615,2.1302815820249613e-05,2.5425531914893615,0.0005419450448328168
1522,2.544553555191853,2.1261725094739864e-05,2.544553555191853,0.0005408908632099428
1523,2.5465539188943445,2.1220983026753663e-05,2.5465539188943445,0.0005398460026573337
1524,2.5485542825968355,2.1180587565329037e-05,2.5485542825968355,0.0005388104084232889
1525,2.550554646299327,2.1140536684014183e-05,2.550554646299327,0.0005377840264613816
1526,2.5525550100018184,2.1100828380620587e-05,2.5525550100018184,0.0005367668034234162
1527,2.5545553737043094,2.1061460676979908e-05,2.55455537370431,0.0005357586866525075
1528,2.556555737406801,2.1022431618704783e-05,2.5565557374068013,0.0005347596241762826
1529,2.5585561011092923,2.098373927495336e-05,2.5585561011092923,0.0005337695647001999
1530,2.560556464811784,2.0945381738197537e-05,2.560556464811784,0.000532788457600987
1531,2.562556828514275,2.0907357123994905e-05,2.5625568285142752,0.0005318162529201933
1532,2.5645571922167663,2.0869663570764203e-05,2.5645571922167667,0.0005308529013578589
1533,2.5665575559192577,2.0832299239564476e-05,2.566557555919258,0.0005298983542662938
1534,2.568557919621749,2.079526231387762e-05,2.568557919621749,0.0005289525636439705
1535,2.5705582833242406,2.0758550999394464e-05,2.5705582833242406,0.0005280154821295248
1536,2.572558647026732,2.0722163523804204e-05,2.572558647026732,0.0005270870629958662
1537,2.5745590107292236,2.0686098136587295e-05,2.5745590107292236,0.000526167260144395
1538,2.5765593744317146,2.0650353108811587e-05,2.576559374431715,0.0005252560280993232
1539,2.578559738134206,2.061492673293177e-05,2.578559738134206,0.0005243533220021031
1540,2.5805601018366975,2.057981732259207e-05,2.5805601018366975,0.0005234590976059559
1541,2.582560465539189,2.0545023212432123e-05,2.582560465539189,0.0005225733112705023
1542,2.58456082924168,2.0510542757896e-05,2.5845608292416804,0.0005216959199564959
1543,2.5865611929441714,2.0476374335044338e-05,2.586561192944172,0.0005208268812206523
1544,2.588561556646663,2.0442516340369568e-05,2.588561556646663,0.000519966153210578
1545,2.5905619203491543,2.0408967190614164e-05,2.5905619203491543,0.0005191136946597973
1546,2.5925622840516453,2.0375725322591838e-05,2.592562284051646,0.0005182694648828723
1547,2.594562647754137,2.0342789193011766e-05,2.5945626477541373,0.0005174334237706196
1548,2.5965630114566283,2.0310157278305685e-05,2.5965630114566287,0.0005166055317854187
1549,2.5985633751591193,2.0277828074457897e-05,2.5985633751591197,0.0005157857499566147
1550,2.6005637388616107,2.0245800096838067e-05,2.600563738861611,0.0005149740398760113
1551,2.602564102564102,2.0214071880036923e-05,2.602564102564102,0.0005141703636934546
1552,2.6045644662665937,2.0182641977704623e-05,2.6045644662665937,0.0005133746841125055
1553,2.606564829969085,2.0151508962391984e-05,2.606564829969085,0.0005125869643862026
1554,2.6085651936715766,2.0120671425394314e-05,2.608565193671576,0.0005118071683129105
1555,2.610565557374068,2.0090127976598e-05,2.6105655573740676,0.0005110352602322563
1556,2.6125659210765595,2.00598772443297e-05,2.612565921076559,0.0005102712050211512
1557,2.6145662847790505,2.002991787520819e-05,2.6145662847790505,0.0005095149680898973
1558,2.616566648481542,2.0000248533998735e-05,2.616566648481542,0.0005087665153783788
1559,2.6185670121840334,1.9970867903470094e-05,2.618567012184033,0.0005080258133523358
1560,2.6205673758865244,1.994177468425403e-05,2.6205673758865244,0.0005072928289997221
1561,2.622567739589016,1.9912967594707254e-05,2.622567739589016,0.0005065675298271427
1562,2.6245681032915074,1.9884445370775973e-05,2.6245681032915074,0.000505849883856376
1563,2.626568466993999,1.985620676586274e-05,2.626568466993999,0.0005051398596209709
1564,2.62856883069649,1.9828250550695866e-05,2.62856883069649,0.0005044374261629302
1565,2.6305691943989813,1.980057551320108e-05,2.6305691943989813,0.0005037425530294672
1566,2.6325695581014728,1.9773180458375702e-05,2.6325695581014728,0.0005030552102698448
1567,2.634569921803964,1.974606420816506e-05,2.634569921803964,0.0005023753684322906
1568,2.6365702855064552,1.971922560134127e-05,2.6365702855064557,0.000501702998560989
1569,2.6385706492089467,1.9692663493384292e-05,2.6385706492089467,0.0005010380721931515
1570,2.640571012911438,1.9666376756365293e-05,2.640571012911438,0.0005003805613561611
1571,2.6425713766139296,1.964036427883227e-05,2.6425713766139296,0.0004997304385647945
1572,2.644571740316421,1.9614624965697793e-05,2.644571740316421,0.0004990876768185173
1573,2.6465721040189125,1.958915773812914e-05,2.6465721040189125,0.0004984522495988551
1574,2.648572467721404,1.9563961533440463e-05,2.6485724677214035,0.0004978241308668386
1575,2.650572831423895,1.9539035304987223e-05,2.650572831423895,0.0004972032950605217
1576,2.6525731951263865,1.9514378022062685e-05,2.6525731951263865,0.0004965897170925736
1577,2.654573558828878,1.9489988669796635e-05,2.654573558828878,0.0004959833723479434
1578,2.6565739225313694,1.9465866249056167e-05,2.6565739225313694,0.0004953842366815976
1579,2.6585742862338604,1.944200977634853e-05,2.6585742862338604,0.000494792286416329
1580,2.660574649936352,1.9418418283726103e-05,2.660574649936352,0.0004942074983406376
1581,2.6625750136388433,1.93950908186934e-05,2.6625750136388433,0.0004936298497066841
1582,2.6645753773413348,1.9372026444116147e-05,2.6645753773413348,0.0004930593182283121
1583,2.6665757410438258,1.934922423813232e-05,2.666575741043826,0.0004924958820791447
1584,2.6685761047463172,1.9326683294065254e-05,2.6685761047463172,0.0004919395198907474
1585,2.6705764684488087,1.9304402720338736e-05,2.6705764684488087,0.0004913902107508653
1586,2.6725768321512997,1.9282381640394054e-05,2.6725768321513,0.0004908479342017285
1587,2.674577195853791,1.9260619192609002e-05,2.6745771958537916,0.0004903126702384276
1588,2.6765775595562826,1.923911453021891e-05,2.676577559556283,0.0004897843993073589
1589,2.678577923258774,1.921786682123951e-05,2.678577923258774,0.0004892631023047401
1590,2.6805782869612655,1.9196875248391793e-05,2.6805782869612655,0.0004887487605751942
1591,2.682578650663757,1.917613900902875e-05,2.682578650663757,0.0004882413559104043
1592,2.6845790143662485,1.915565731506403e-05,2.6845790143662485,0.0004877408705478357
1593,2.68657937806874,1.913542939290249e-05,2.68657937806874,0.00048724728716952916
1594,2.688579741771231,1.9115454483372576e-05,2.688579741771231,0.0004867605889009619
1595,2.6905801054737224,1.909573184166063e-05,2.6905801054737224,0.0004862807593099779
1596,2.692580469176214,1.9076260737247004e-05,2.692580469176214,0.0004858077824057887
1597,2.694580832878705,1.905704045384406e-05,2.6945808328787053,0.00048534164263804025
1598,2.6965811965811963,1.9038070289335973e-05,2.6965811965811968,0.0004848823248959522
1599,2.698581560283688,1.901934955572037e-05,2.698581560283688,0.0004844298145075242
1600,2.7005819239861792,1.9000877579051797e-05,2.7005819239861792,0.0004839840972388114
1601,2.7025822876886703,1.898265369938698e-05,2.7025822876886707,0.0004835451592932714
1602,2.7045826513911617,1.89646772707319e-05,2.704582651391162,0.0004831129873111766
1603,2.706583015093653,1.8946947660990653e-05,2.7065830150936536,0.0004826875683691011
1604,2.7085833787961446,1.89294642519161e-05,2.7085833787961446,0.0004822688899794722
1605,2.7105837424986357,1.8912226439062306e-05,2.710583742498636,0.0004818569400901958
1606,2.712584106201127,1.8895233631738716e-05,2.7125841062011276,0.0004814517070843491
1607,2.7145844699036186,1.887848525296615e-05,2.714584469903619,0.0004810531797799449
1608,2.71658483360611,1.886198073943455e-05,2.7165848336061105,0.00048066134742976607
1609,2.7185851973086015,1.8845719541462437e-05,2.7185851973086015,0.00048027619972127074
1610,2.720585561011093,1.8829701122958155e-05,2.7205855610110925,0.0004798977267765682
1611,2.7225859247135844,1.8813924961382902e-05,2.722585924713584,0.00047952591915246623
1612,2.7245862884160754,1.879839054771543e-05,2.7245862884160754,0.00047916076784059066
1613,2.726586652118567,1.8783097386418516e-05,2.726586652118567,0.000478802264267576
1614,2.7285870158210583,1.876804499540721e-05,2.728587015821058,0.0004784504002953286
1615,2.73058737952355,1.8753232906018766e-05,2.7305873795235494,0.0004781051682213638
1616,2.732587743226041,1.873866066298431e-05,2.732587743226041,0.0004777665607792138
1617,2.7345881069285323,1.8724327824402273e-05,2.7345881069285323,0.0004774345711389116
1618,2.7365884706310237,1.871023396171353e-05,2.7365884706310237,0.00047710919290754755
1619,2.7385888343335147,1.8696378659678268e-05,2.7385888343335147,0.0004767904201299013
1620,2.740589198036006,1.8682761516354575e-05,2.740589198036006,0.0004764782472891477
1621,2.7425895617384977,1.8669382143078798e-05,2.7425895617384977,0.00047617266930763977
1622,2.744589925440989,1.865624016444756e-05,2.744589925440989,0.00047587368154776715
1623,2.74659028914348,1.8643335218301567e-05,2.7465902891434806,0.0004755812798128907
1624,2.7485906528459716,1.86306669557111e-05,2.7485906528459716,0.0004752954603483564
1625,2.750591016548463,1.8618235040963286e-05,2.750591016548463,0.0004750162198425853
1626,2.7525913802509545,1.860603915155105e-05,2.7525913802509545,0.00047474355542824286
1627,2.754591743953446,1.859407897816383e-05,2.754591743953446,0.0004744774646834895
1628,2.7565921076559374,1.8582354224680017e-05,2.7565921076559374,0.0004742179456333081
1629,2.758592471358429,1.8570864608161166e-05,2.7585924713584284,0.00047396499675091575
1630,2.76059283506092,1.8559609858847894e-05,2.76059283506092,0.00047371861695925477
1631,2.7625931987634114,1.8548589720157594e-05,2.7625931987634114,0.00047347880563256776
1632,2.764593562465903,1.8537803948683832e-05,2.764593562465903,0.0004732455625980563
1633,2.7665939261683943,1.8527252314197558e-05,2.7665939261683943,0.00047301888813762254
1634,2.7685942898708853,1.851693459965005e-05,2.7685942898708853,0.00047279878298969746
1635,2.7705946535733768,1.8506850601177617e-05,2.7705946535733768,0.00047258524835115494
1636,2.772595017275868,1.849700012810811e-05,2.772595017275868,0.00047237828587931303
1637,2.7745953809783597,1.8487383002969188e-05,2.7745953809783597,0.0004721778976940231
1638,2.7765957446808507,1.8477999061498355e-05,2.776595744680851,0.0004719840863798494
1639,2.778596108383342,1.8468848152654842e-05,2.778596108383342,0.0004717968549883376
1640,2.7805964720858336,1.8459930138633243e-05,2.7805964720858336,0.0004716162070403755
1641,2.7825968357883246,1.845124489487899e-05,2.782596835788325,0.0004714421465286477
1642,2.784597199490816,1.844279231010561e-05,2.7845971994908165,0.000471274677920181
1643,2.7865975631933075,1.8434572286313882e-05,2.786597563193308,0.000471113806158989
1644,2.788597926895799,1.8426584738812745e-05,2.788597926895799,0.00047095953666880956
1645,2.79059829059829,1.8418829596242138e-05,2.7905982905982905,0.0004708118753559422
1646,2.792598654300782,1.8411306800597606e-05,2.792598654300782,0.00047067082861218404
1647,2.7945990180032734,1.840401630725688e-05,2.7945990180032734,0.00047053640331786556
1648,2.796599381705765,1.8396958085008262e-05,2.796599381705765,0.0004704086068449897
1649,2.798599745408256,1.8390132116080918e-05,2.798599745408256,0.0004702874470604733
1650,2.8006001091107473,1.8383538396177108e-05,2.8006001091107473,0.00047017293232949414
1651,2.8026004728132388,1.837717693450631e-05,2.8026004728132388,0.00047006507151894407
1652,2.8046008365157302,1.837104775382128e-05,2.8046008365157302,0.0004699638740009912
1653,2.8066012002182212,1.8365150890456062e-05,2.8066012002182217,0.00046986934965675075
1654,2.8086015639207127,1.8359486394365965e-05,2.8086015639207127,0.0004697815088800695
1655,2.810601927623204,1.83540543291695e-05,2.810601927623204,0.00046970036258142103
1656,2.812602291325695,1.834885477219235e-05,2.8126022913256956,0.00046962592219191896
1657,2.8146026550281866,1.8343887814513286e-05,2.814602655028187,0.00046955819966744514
1658,2.816603018730678,1.833915356101218e-05,2.8166030187306785,0.0004694972074928984
1659,2.8186033824331695,1.8334652130420022e-05,2.8186033824331695,0.00046944295868656344
1660,2.8206037461356606,1.8330383655370964e-05,2.820603746135661,0.0004693954668046036
1661,2.822604109838152,1.8326348282456545e-05,2.8226041098381525,0.00046935474594567833
1662,2.8246044735406435,1.8322546172281923e-05,2.824604473540644,0.00046932081075568835
1663,2.826604837243135,1.8318977499524266e-05,2.8266048372431354,0.00046929367643265053
1664,2.828605200945626,1.8315642452993267e-05,2.8286052009456264,0.0004692733587317049
1665,2.8306055646481174,1.8312541235693857e-05,2.830605564648118,0.00046925987397025486
1666,2.8326059283506093,1.8309674064891042e-05,2.8326059283506093,0.0004692532390332466
1667,2.8346062920531003,1.8307041172176992e-05,2.8346062920531008,0.0004692534713785845
1668,2.836606655755592,1.8304642803540352e-05,2.8366066557555913,0.00046926058904269157
1669,2.8386070194580832,1.8302479219437782e-05,2.838607019458083,0.0004692746106462122
1670,2.8406073831605747,1.8300550694867787e-05,2.8406073831605743,0.0004692955553998635
1671,2.8426077468630657,1.829885751944685e-05,2.8426077468630657,0.00046932344311043496
1672,2.844608110565557,1.829739999748791e-05,2.844608110565557,0.0004693582941869432
1673,2.8466084742680486,1.829617844808114e-05,2.846608474268048,0.0004694001296469406
1674,2.84860883797054,1.8295193205177158e-05,2.8486088379705397,0.0004694489711229841
1675,2.850609201673031,1.8294444617672626e-05,2.850609201673031,0.000469504840869265
1676,2.8526095653755226,1.8293933049498283e-05,2.8526095653755226,0.0004695677617684049
1677,2.854609929078014,1.8293658879709455e-05,2.854609929078014,0.0004696377573384195
1678,2.856610292780505,1.8293622502579055e-05,2.856610292780505,0.00046971485173985446
1679,2.8586106564829965,1.829382432769309e-05,2.8586106564829965,0.0004697990697830965
1680,2.860611020185488,1.829426478004879e-05,2.860611020185488,0.00046989043693586384
1681,2.8626113838879794,1.8294944300155243e-05,2.8626113838879794,0.00046998897933087894
1682,2.8646117475904704,1.829586334413674e-05,2.864611747590471,0.0004700947237737277
1683,2.866612111292962,1.8297022383838697e-05,2.866612111292962,0.0004702076977509093
1684,2.8686124749954534,1.829842190693636e-05,2.8686124749954534,0.00047032792943807987
1685,2.870612838697945,1.830006241704616e-05,2.870612838697945,0.000470455447708495
1686,2.8726132024004363,1.8301944433839886e-05,2.8726132024004363,0.0004705902821416547
1687,2.8746135661029277,1.8304068493161663e-05,2.8746135661029277,0.0004707324630321556
1688,2.876613929805419,1.8306435147147736e-05,2.8766139298054187,0.00047088202139875413
1689,2.87861429350791,1.830904496434919e-05,2.87861429350791,0.0004710389889936471
1690,2.8806146572104017,1.8311898529857534e-05,2.8806146572104017,0.00047120339831197087
1691,2.882615020912893,1.831499644543335e-05,2.882615020912893,0.0004713752826015289
1692,2.8846153846153846,1.831833932963781e-05,2.8846153846153846,0.00047155467587274753
1693,2.8866157483178756,1.8321927817967407e-05,2.8866157483178756,0.0004717416129088692
1694,2.888616112020367,1.8325762562991652e-05,2.888616112020367,0.0004719361292763862
1695,2.8906164757228585,1.8329844234494003e-05,2.8906164757228585,0.00047213826133572117
1696,2.89261683942535,1.8334173519615917e-05,2.89261683942535,0.0004723480462521597
1697,2.894617203127841,1.8338751123004208e-05,2.8946172031278414,0.00047256552200703996
1698,2.8966175668303324,1.834357776696168e-05,2.8966175668303324,0.0004727907274092081
1699,2.898617930532824,1.8348654191601035e-05,2.898617930532824,0.00047302370210674236
1700,2.900618294235315,1.8353981155002278e-05,2.9006182942353154,0.00047326448659895247
1701,2.9026186579378064,1.8359559433373478e-05,2.902618657937807,0.0004735131222486637
1702,2.904619021640298,1.8365389821215097e-05,2.9046190216402983,0.0004737696512947889
1703,2.9066193853427893,1.8371473131487816e-05,2.9066193853427893,0.00047403411686519636
1704,2.9086197490452808,1.8377810195784015e-05,2.9086197490452808,0.00047430656298988255
1705,2.910620112747772,1.838440186450292e-05,2.910620112747772,0.0004745870346144522
1706,2.9126204764502637,1.839124900702946e-05,2.9126204764502637,0.0004748755776139196
1707,2.914620840152755,1.839835251191693e-05,2.914620840152755,0.00047517223880683287
1708,2.916621203855246,1.8405713287073504e-05,2.916621203855246,0.00047547706596973204
1709,2.918621567557738,1.8413332259952683e-05,2.9186215675577376,0.0004757901078519496
1710,2.920621931260229,1.84212103777477e-05,2.920621931260229,0.00047611141419075936
1711,2.92262229496272,1.8429348607589992e-05,2.9226222949627205,0.0004764410357268849
1712,2.924622658665212,1.843774793675182e-05,2.924622658665212,0.0004767790242203743
1713,2.926623022367703,1.8446409372852985e-05,2.926623022367703,0.00047712543246685184
1714,2.928623386070194,1.8455333944071965e-05,2.9286233860701945,0.00047748031431415534
1715,2.930623749772686,1.8464522699361206e-05,2.930623749772686,0.00047784372467936853
1716,2.932624113475177,1.847397670866698e-05,2.9326241134751774,0.0004782157195662589
1717,2.934624477177668,1.848369706315364e-05,2.934624477177669,0.00047859635608313175
1718,2.93662484088016,1.8493684875432483e-05,2.93662484088016,0.000478985692461109
1719,2.938625204582651,1.850394127979522e-05,2.9386252045826513,0.0004793837880728472
1720,2.9406255682851428,1.851446743245227e-05,2.9406255682851428,0.00047979070345170125
1721,2.942625931987634,1.8525264511775747e-05,2.9426259319876342,0.00048020650031135035
1722,2.9446262956901252,1.853633371854746e-05,2.9446262956901257,0.00048063124156589383
1723,2.9466266593926167,1.8547676276211833e-05,2.9466266593926167,0.0004810649913504322
1724,2.948627023095108,1.8559293431133944e-05,2.948627023095108,0.0004815078150421443
1725,2.950627386797599,1.8571186452862744e-05,2.9506273867975996,0.00048195977928187385
1726,2.952627750500091,1.8583356634399534e-05,2.952627750500091,0.0004824209519962403
1727,2.954628114202582,1.8595805292471786e-05,2.954628114202582,0.0004828914024202852
1728,2.956628477905073,1.8608533767812517e-05,2.956628477905073,0.0004833712011206715
1729,2.958628841607565,1.862154342544515e-05,2.9586288416075646,0.0004838604200194467
1730,2.960629205310056,1.8634835654974073e-05,2.960629205310056,0.0004843591324183895
1731,2.962629569012548,1.8648411870881037e-05,2.9626295690125475,0.0004848674130239521
1732,2.964629932715039,1.866227351282735e-05,2.964629932715039,0.00048538533797281593
1733,2.96663029641753,1.8676422045962176e-05,2.96663029641753,0.00048591298485807695
1734,2.968630660120022,1.8690858961236915e-05,2.9686306601200214,0.0004864504327560781
1735,2.970631023822513,1.8705585775725768e-05,2.970631023822513,0.00048699776225390645
1736,2.972631387525004,1.8720604032952783e-05,2.9726313875250043,0.0004875550554775735
1737,2.974631751227496,1.873591530322527e-05,2.974631751227496,0.0004881223961208975
1738,2.976632114929987,1.875152118397389e-05,2.976632114929987,0.0004886998694751074
1739,2.9786324786324783,1.8767423300099472e-05,2.9786324786324783,0.0004892875624591872
1740,2.9806328423349697,1.8783623304326697e-05,2.9806328423349697,0.0004898855636509856
1741,2.982633206037461,1.8800122877564775e-05,2.982633206037461,0.0004904939633191068
1742,2.9846335697399526,1.881692372927532e-05,2.9846335697399526,0.0004911128534556093
1743,2.986633933442444,1.8834027597847465e-05,2.9866339334424437,0.0004917423278095322
1744,2.988634297144935,1.8851436250980435e-05,2.988634297144935,0.000492382481921277
1745,2.990634660847427,1.8869151486073724e-05,2.9906346608474266,0.0004930334131578628
1746,2.992635024549918,1.888717513062495e-05,2.992635024549918,0.000493695220749088
1747,2.994635388252409,1.890550904263571e-05,2.9946353882524095,0.000494368005824618
1748,2.996635751954901,1.89241551110254e-05,2.9966357519549005,0.000495051871452029
1749,2.998636115657392,1.894311525605327e-05,2.998636115657392,0.0004957469226758367
1750,3.000636479359883,1.8962391429748954e-05,3.0006364793598834,0.000496453266557535
1751,3.002636843062375,1.8981985616351464e-05,3.002636843062375,0.0004971710122166796
1752,3.004637206764866,1.900189983275696e-05,3.0046372067648663,0.000497900270873042
1753,3.006637570467358,1.902213612897549e-05,3.0066375704673574,0.00049864115588987
1754,3.008637934169849,1.9042696588596753e-05,3.008637934169849,0.000499393782818286
1755,3.01063829787234,1.9063583329265252e-05,3.0106382978723403,0.0005001582694428555
1756,3.0126386615748317,1.9084798503164888e-05,3.0126386615748317,0.0005009347358283655
1757,3.0146390252773227,1.9106344297513252e-05,3.014639025277323,0.000501723304367844
1758,3.016639388979814,1.9128222935065872e-05,3.016639388979814,0.0005025240998318626
1759,3.0186397526823057,1.9150436674630515e-05,3.0186397526823057,0.0005033372494191583
1760,3.020640116384797,1.9172987811591813e-05,3.020640116384797,0.0005041628828086175
1761,3.022640480087288,1.9195878678446526e-05,3.0226404800872886,0.0005050011322126628
1762,3.02464084378978,1.9219111645349487e-05,3.02464084378978,0.0005058521324320835
1763,3.026641207492271,1.9242689120670578e-05,3.026641207492271,0.0005067160209123612
1764,3.028641571194763,1.926661355156303e-05,3.0286415711947625,0.0005075929378015288
1765,3.030641934897254,1.9290887424543094e-05,3.030641934897254,0.000508483026009619
1766,3.032642298599745,1.9315513266081567e-05,3.0326422985997454,0.0005093864312697443
1767,3.034642662302237,1.9340493643207272e-05,3.034642662302237,0.0005103033022008681
1768,3.036643026004728,1.936583116412276e-05,3.036643026004728,0.0005112337903723141
1769,3.038643389707219,1.939152847883266e-05,3.0386433897072194,0.000512178050370072
1770,3.040643753409711,1.9417588279784756e-05,3.040643753409711,0.0005131362398649588
1771,3.042644117112202,1.944401330252415e-05,3.0426441171122023,0.0005141085196826912
1772,3.044644480814693,1.9470806326360917e-05,3.0446444808146937,0.0005150950538759347
1773,3.0466448445171848,1.9497970175051356e-05,3.0466448445171848,0.0005160960097983917
1774,3.0486452082196758,1.9525507717493245e-05,3.048645208219676,0.0005171115581809954
1775,3.0506455719221677,1.9553421868435497e-05,3.0506455719221677,0.000518141873210277
1776,3.0526459356246587,1.9581715589202332e-05,3.052645935624659,0.0005191871326089834
1777,3.05464629932715,1.961039188843255e-05,3.0546462993271506,0.00052024751771901
1778,3.0566466630296416,1.963945382283399e-05,3.0566466630296416,0.0005213232135867353
1779,3.058647026732133,1.9668904497953724e-05,3.058647026732133,0.0005224144090508317
1780,3.060647390434624,1.969874706896429e-05,3.0606473904346245,0.0005235212968326366
1781,3.062647754137116,1.972898474146626e-05,3.062647754137116,0.0005246440736291713
1782,3.064648117839607,1.975962077230756e-05,3.0646481178396074,0.0005257829402088956
1783,3.066648481542098,1.979065847042006e-05,3.0666484815420985,0.0005269381015102924
1784,3.06864884524459,1.9822101197673635e-05,3.06864884524459,0.0005281097667433777
1785,3.070649208947081,1.985395236974813e-05,3.070649208947081,0.0005292981494942379
1786,3.072649572649573,1.988621545702389e-05,3.0726495726495724,0.0005305034678326979
1787,3.074649936352064,1.991889398549094e-05,3.074649936352064,0.0005317259444232265
1788,3.076650300054555,1.995199153767753e-05,3.076650300054555,0.0005329658066391958
1789,3.0786506637570468,1.9985511753598376e-05,3.0786506637570463,0.0005342232866806095
1790,3.080651027459538,2.0019458331723007e-05,3.080651027459538,0.0005354986216954203
1791,3.082651391162029,2.005383502996496e-05,3.0826513911620292,0.0005367920539045675
1792,3.0846517548645207,2.008864566669198e-05,3.0846517548645207,0.0005381038307308618
1793,3.0866521185670117,2.0123894121757905e-05,3.0866521185670117,0.0005394342049318589
1794,3.0886524822695027,2.0159584337556865e-05,3.088652482269503,0.0005407834347368605
1795,3.0906528459719946,2.0195720320100085e-05,3.0906528459719946,0.0005421517839881953
1796,3.092653209674486,2.0232306140115976e-05,3.092653209674486,0.0005435395222869314
1797,3.0946535733769776,2.0269345934174205e-05,3.0946535733769776,0.0005449469251431838
1798,3.096653937079469,2.030684390583401e-05,3.0966539370794686,0.0005463742741311822
1799,3.09865430078196,2.034480432681768e-05,3.09865430078196,0.0005478218570492766
1800,3.100654664484452,2.038323153820964e-05,3.1006546644844515,0.0005492899680850605
1801,3.102655028186943,2.0422129951681725e-05,3.102655028186943,0.0005507789079858022
1802,3.104655391889434,2.0461504050745583e-05,3.1046553918894344,0.000552288984234383
1803,3.106655755591926,2.0501358392032457e-05,3.1066557555919254,0.0005538205112309465
1804,3.108656119294417,2.0541697606601333e-05,3.108656119294417,0.000555373810480475
1805,3.110656482996908,2.058252640127614e-05,3.1106564829969083,0.0005569492107865184
1806,3.1126568466994,2.062384956001263e-05,3.1126568466994,0.0005585470484513056
1807,3.114657210401891,2.0665671945295595e-05,3.1146572104018913,0.0005601676674824879
1808,3.1166575741043827,2.0707998499567578e-05,3.1166575741043823,0.000561811419806763
1809,3.1186579378068737,2.075083424668935e-05,3.1186579378068737,0.0005634786654906505
1810,3.1206583015093647,2.0794184293433437e-05,3.120658301509365,0.0005651697729686925
1811,3.1226586652118566,2.0838053831011222e-05,3.1226586652118566,0.0005668851192793722
1812,3.1246590289143477,2.088244813663452e-05,3.124659028914348,0.0005686250903090483
1813,3.1266593926168387,2.0927372575112853e-05,3.126659392616839,0.0005703900810442281
1814,3.1286597563193306,2.097283260048676e-05,3.1286597563193306,0.0005721804958325026
1815,3.130660120021822,2.1018833757698574e-05,3.130660120021822,0.0005739967486524935
1816,3.132660483724313,2.1065381684301467e-05,3.1326604837243135,0.0005758392633931706
1817,3.134660847426805,2.111248211220769e-05,3.134660847426805,0.0005777084741429173
1818,3.136661211129296,2.116014086947702e-05,3.136661211129296,0.0005796048254887395
1819,3.138661574831788,2.1208363882146858e-05,3.1386615748317874,0.0005815287728260294
1820,3.140661938534279,2.125715717610431e-05,3.140661938534279,0.0005834807826793164
1821,3.14266230223677,2.1306526879002218e-05,3.1426623022367703,0.0005854613330344587
1822,3.144662665939262,2.135647922221975e-05,3.144662665939262,0.0005874709136827457
1823,3.146663029641753,2.1407020542868747e-05,3.146663029641753,0.0005895100265774081
1824,3.148663393344244,2.1458157285847517e-05,3.1486633933442443,0.0005915791862030569
1825,3.1506637570467357,2.1509896005942764e-05,3.1506637570467357,0.0005936789199585891
1826,3.1526641207492268,2.1562243369981246e-05,3.152664120749227,0.0005958097685541359
1827,3.1546644844517178,2.161520615903269e-05,3.1546644844517187,0.0005979722864226465
1828,3.1566648481542097,2.1668791270664852e-05,3.1566648481542097,0.0006001670421467338
1829,3.1586652118567007,2.1723005721252518e-05,3.158665211856701,0.0006023946189014401
1830,3.1606655755591926,2.1777856648342037e-05,3.1606655755591926,0.0006046556149136087
1831,3.1626659392616836,2.1833351313072328e-05,3.162665939261684,0.0006069506439385856
1832,3.1646663029641746,2.1889497102654653e-05,3.1646663029641755,0.0006092803357550083
1833,3.1666666666666665,2.1946301532912164e-05,3.1666666666666665,0.0006116453366784781
1834,3.1686670303691575,2.2003772250881192e-05,3.168667030369158,0.0006140463100949512
1835,3.170667394071649,2.206191703747605e-05,3.1706673940716494,0.0006164839370147251
1836,3.172667757774141,2.2120743810218907e-05,3.172667757774141,0.0006189589166479444
1837,3.174668121476632,2.2180260626036575e-05,3.1746681214766324,0.0006214719670025942
1838,3.176668485179124,2.224047568412644e-05,3.1766684851791234,0.0006240238255059971
1839,3.178668848881615,2.2301397328892927e-05,3.178668848881615,0.0006266152496508919
1840,3.180669212584106,2.2363034052957027e-05,3.1806692125841063,0.0006292470176672102
1841,3.1826695762865977,2.2425394500240665e-05,3.1826695762865977,0.0006319199292207475
1842,3.1846699399890888,2.248848746912797e-05,3.184669939989089,0.0006346348061399664
1843,3.1866703036915798,2.2552321915706098e-05,3.18667030369158,0.000637392493172253
1844,3.1886706673940717,2.261690695708741e-05,3.1886706673940712,0.0006401938587710036
1845,3.1906710310965627,2.2682251874815415e-05,3.1906710310965627,0.0006430397959150049
1846,3.1926713947990537,2.2748366118357412e-05,3.192671394799054,0.0006459312229616331
1847,3.1946717585015456,2.281525930868567e-05,3.194671758501545,0.0006488690845355017
1848,3.1966721222040366,2.2882941241950055e-05,3.1966721222040366,0.000651854352454256
1849,3.1986724859065285,2.295142189324506e-05,3.198672485906528,0.0006548880266933155
1850,3.2006728496090195,2.3020711420473306e-05,3.2006728496090195,0.0006579711363914659
1851,3.2026732133115106,2.3090820168309208e-05,3.202673213311511,0.0006611047408992985
1852,3.2046735770140025,2.3161758672265114e-05,3.204673577014002,0.0006642899308726202
1853,3.2066739407164935,2.323353766286317e-05,3.2066739407164935,0.0006675278294130597
1854,3.208674304418985,2.3306168069916444e-05,3.208674304418985,0.0006708195932582383
1855,3.210674668121477,2.3379661026921942e-05,3.2106746681214764,0.0006741664140239936
1856,3.212675031823968,2.345402787556928e-05,3.212675031823968,0.0006775695195012974
1857,3.214675395526459,2.3529280170368653e-05,3.214675395526459,0.0006810301750106537
1858,3.2166757592289508,2.3605429683401302e-05,3.2166757592289503,0.0006845496848169309
1859,3.218676122931442,2.3682488409196416e-05,3.218676122931442,0.0006881293936077462
1860,3.2206764866339337,2.376046856973867e-05,3.2206764866339332,0.0006917706880387148
1861,3.2226768503364247,2.3839382619609654e-05,3.2226768503364247,0.0006954749983490558
1862,3.2246772140389157,2.3919243251268215e-05,3.2246772140389157,0.0006992438000512775
1863,3.2266775777414076,2.4000063400473308e-05,3.226677577741407,0.0007030786156988614
1864,3.2286779414438986,2.4081856251854097e-05,3.2286779414438986,0.0007069810167361209
1865,3.2306783051463897,2.416463524463204e-05,3.23067830514639,0.000710952625434659
1866,3.2326786688488816,2.424841407849947e-05,3.2326786688488816,0.0007149951169211097
1867,3.2346790325513726,2.433320671965952e-05,3.2346790325513726,0.0007191102213011526
1868,3.2366793962538636,2.441902740703311e-05,3.236679396253864,0.0007232997258850873
1869,3.2386797599563555,2.4505890658637493e-05,3.2386797599563555,0.0007275654775205883
1870,3.2406801236588465,2.4593811278142247e-05,3.240680123658847,0.0007319093850386139
1871,3.2426804873613384,2.4682804361608724e-05,3.2426804873613384,0.0007363334218188247
1872,3.2446808510638294,2.4772885304417943e-05,3.2446808510638294,0.0007408396284812619
1873,3.246681214766321,2.4864069808394133e-05,3.246681214766321,0.0007454301157114853
1874,3.2486815784688123,2.4956373889129363e-05,3.2486815784688123,0.0007501070672268178
1875,3.250681942171304,2.5049813883516124e-05,3.250681942171304,0.0007548727428918589
1876,3.252682305873795,2.5144406457495118e-05,3.2526823058737953,0.0007597294819919509
1877,3.2546826695762867,2.524016861402447e-05,3.2546826695762863,0.0007646797066738686
1878,3.2566830332787777,2.5337117701278247e-05,3.2566830332787777,0.0007697259255636092
1879,3.2586833969812687,2.5435271421081997e-05,3.258683396981269,0.0007748707375718281
1880,3.2606837606837606,2.5534647837592694e-05,3.2606837606837606,0.0007801168358981803
1881,3.2626841243862517,2.5635265386231465e-05,3.262684124386252,0.0007854670122465899
1882,3.2646844880887436,2.5737142882878097e-05,3.264684488088743,0.0007909241612642971
1883,3.2666848517912346,2.58402995333351e-05,3.2666848517912346,0.0007964912852184214
1884,3.2686852154937256,2.5944754943071617e-05,3.268685215493726,0.0008021714989247412
1885,3.2706855791962175,2.6050529127255902e-05,3.2706855791962175,0.0008079680349444104
1886,3.2726859428987085,2.6157642521086304e-05,3.272685942898709,0.0008138842490654614
1887,3.2746863066011995,2.626611599043172e-05,3.2746863066012,0.0008199236260871338
1888,3.2766866703036914,2.6375970842791163e-05,3.2766866703036914,0.0008260897859263752
1889,3.2786870340061824,2.648722883858412e-05,3.278687034006183,0.0008323864900672527
1890,3.280687397708674,2.6599912202783417e-05,3.2806873977086743,0.0008388176483755396
1891,3.2826877614111654,2.6714043636901823e-05,3.282687761411166,0.0008453873263023804
1892,3.284688125113657,2.6829646331345347e-05,3.284688125113657,0.0008520997525027019
1893,3.2866884888161483,2.6946743978146446e-05,3.2866884888161483,0.0008589593268959818
1894,3.2886888525186397,2.706536078408955e-05,3.2886888525186397,0.0008659706291990532
1895,3.2906892162211308,2.7185521484244247e-05,3.290689216221131,0.0008731384279628916
1896,3.2926895799236227,2.7307251355919614e-05,3.2926895799236227,0.0008804676901477877
1897,3.2946899436261137,2.743057623305522e-05,3.2946899436261137,0.0008879635912739696
1898,3.2966903073286047,2.755552252106498e-05,3.296690307328605,0.0008956315261876352
1899,3.2986906710310966,2.7682117212149597e-05,3.2986906710310966,0.0009034771204855097
1900,3.3006910347335876,2.7810387901094898e-05,3.300691034733588,0.0009115062426444654
1901,3.3026913984360786,2.7940362801574482e-05,3.3026913984360795,0.0009197250169064766
1902,3.3046917621385705,2.8072070762974265e-05,3.30469176213857,0.0009281398369732497
1903,3.3066921258410615,2.820554128775871e-05,3.3066921258410615,0.0009367573805693168
1904,3.3086924895435534,2.8340804549399362e-05,3.308692489543553,0.000945584624937186
1905,3.3106928532460445,2.847789141088546e-05,3.3106928532460445,0.0009546288633334958
1906,3.3126932169485355,2.8616833443840006e-05,3.312693216948536,0.0009638977226008382
1907,3.3146935806510274,2.8757662948262807e-05,3.314693580651027,0.0009733991818962773
1908,3.3166939443535184,2.8900412972924776e-05,3.3166939443535184,0.00098314159266451
1909,3.31869430805601,2.9045117336438882e-05,3.31869430805601,0.0009931336999511914
1910,3.3206946717585013,2.9191810649032573e-05,3.3206946717585013,0.0010033846651602842
1911,3.3226950354609928,2.934052833504922e-05,3.3226950354609928,0.001013904090368415
1912,3.3246953991634838,2.949130665620729e-05,3.3246953991634838,0.0010247020443192548
1913,3.3266957628659757,2.9644182735645656e-05,3.3266957628659752,0.0010357890902319739
1914,3.3286961265684667,2.9799194582786282e-05,3.3286961265684667,0.0010471763155699553
1915,3.3306964902709586,2.9956381119047064e-05,3.330696490270958,0.001058875363929325
1916,3.3326968539734496,3.0115782204436723e-05,3.3326968539734496,0.0010708984692215909
1917,3.3346972176759406,3.0277438665068765e-05,3.3346972176759406,0.001083258492340946
1918,3.3366975813784325,3.044139232162956e-05,3.336697581378432,0.0010959689605247588
1919,3.3386979450809235,3.060768601883933e-05,3.3386979450809235,0.001109044109635623
1920,3.3406983087834146,3.077636365594685e-05,3.340698308783415,0.0011224989296153315
1921,3.3426986724859065,3.094747021829845e-05,3.3426986724859065,0.0011363492133854636
1922,3.3446990361883975,3.1121051810025714e-05,3.3446990361883975,0.001150611609496298
1923,3.3466993998908885,3.129715568789832e-05,3.346699399890889,0.0011653036788557094
1924,3.3486997635933804,3.147583029638885e-05,3.3486997635933804,0.0011804439559030338
1925,3.3507001272958714,3.165712530400026e-05,3.350700127295872,0.0011960520146299196
1926,3.3527004909983633,3.1841091640909395e-05,3.3527004909983633,0.0012121485398914529
1927,3.3547008547008543,3.202778153797983e-05,3.3547008547008543,0.0012287554044968583
1928,3.356701218403346,3.221724856720383e-05,3.356701218403346,0.0012458957526204181
1929,3.3587015821058372,3.240954768363219e-05,3.3587015821058372,0.0012635940901306645
1930,3.3607019458083287,3.260473526885598e-05,3.3607019458083287,0.0012818763825000986
1931,3.3627023095108197,3.280286917610718e-05,3.36270230951082,0.0013007701610296494
1932,3.3647026732133116,3.3004008777046945e-05,3.364702673213311,0.0013203046382027702
1933,3.3667030369158026,3.3208215010314746e-05,3.3667030369158026,0.0013405108330747128
1934,3.3687034006182937,3.341555043191616e-05,3.368703400618294,0.0013614217077044276
1935,3.3707037643207856,3.362607926752835e-05,3.3707037643207856,0.0013830723157513293
1936,3.3727041280232766,3.3839867466808244e-05,3.372704128023277,0.0014054999644885664
1937,3.3747044917257685,3.405698275979321e-05,3.374704491725768,0.0014287443916305817
1938,3.3767048554282595,3.4277494715485385e-05,3.3767048554282595,0.0014528479585379922
1939,3.3787052191307505,3.4501474802720016e-05,3.378705219130751,0.0014778558615499465
1940,3.3807055828332424,3.4728996453418635e-05,3.3807055828332424,0.0015038163634063294
1941,3.3827059465357334,3.496013512833647e-05,3.382705946535734,0.0015307810469632418
1942,3.3847063102382244,3.519496838541827e-05,3.384706310238225,0.001558805093679359
1943,3.3867066739407163,3.543357595088124e-05,3.3867066739407163,0.0015879475896632077
1944,3.3887070376432074,3.567603979315143e-05,3.388707037643208,0.0016182718624279094
1945,3.390707401345699,3.592244419978751e-05,3.3907074013456993,0.0016498458519075099
1946,3.3927077650481903,3.61728758575296e-05,3.3927077650481907,0.0016827425197556286
1947,3.3947081287506817,3.642742393562148e-05,3.3947081287506817,0.0017170403014824533
1948,3.396708492453173,3.6686180172561794e-05,3.396708492453173,0.001752823606601094
1949,3.3987088561556646,3.694923896644573e-05,3.3987088561556646,0.0017901833726622985
1950,3.4007092198581557,3.7216697469071814e-05,3.400709219858156,0.0018292176798729506
1951,3.4027095835606476,3.748865568399363e-05,3.4027095835606476,0.0018700324339371395
1952,3.4047099472631386,3.776521656870871e-05,3.4047099472631386,0.0019127421258506444
1953,3.4067103109656296,3.8046486141188084e-05,3.40671031096563,0.001957470678646409
1954,3.4087106746681215,3.833257359095822e-05,3.4087106746681215,0.0020043523925609183
1955,3.4107110383706125,3.8623591394961776e-05,3.410711038370613,0.002053533001806189
1956,3.4127114020731035,3.891965543843652e-05,3.4127114020731044,0.002105170858133527
1957,3.4147117657755954,3.9220885141062544e-05,3.4147117657755954,0.0021594382587162763
1958,3.4167121294780864,3.9527403588644644e-05,3.416712129478087,0.0022165229386230906
1959,3.4187124931805783,3.983933767061316e-05,3.4187124931805783,0.0022766297513775917
1960,3.4207128568830694,4.015681822363811e-05,3.42071285688307,0.0023399825648971954
1961,3.4227132205855604,4.0479980181675744e-05,3.422713220585561,0.0024068264045857147
1962,3.4247135842880523,4.080896273277849e-05,3.424713584288052,0.00247742988065722
1963,3.4267139479905433,4.114390948302321e-05,3.4267139479905433,0.0025520879430577844
1964,3.4287143116930348,4.148496862793414e-05,3.4287143116930348,0.0026311250148305094
1965,3.430714675395526,4.183229313179528e-05,3.430714675395526,0.002714898563682602
1966,3.4327150390980177,4.218604091527543e-05,3.4327150390980177,0.0028038031821660332
1967,3.4347154028005087,4.254637505181379e-05,3.4347154028005087,0.00289827525964599
1968,3.4367157665030006,4.291346397323894e-05,3.436715766503,0.002998798344562369
1969,3.4387161302054916,4.328748168512615e-05,3.4387161302054916,0.0031059093139536842
1970,3.4407164939079835,4.36686079924302e-05,3.440716493907983,0.003220205489508847
1971,3.4427168576104745,4.405702873595937e-05,3.4427168576104745,0.003342352866405408
1972,3.4447172213129655,4.445293604029976e-05,3.4447172213129655,0.0034730956539574375
1973,3.4467175850154574,4.485652857383074e-05,3.446717585015457,0.003613267366966652
1974,3.4487179487179485,4.5268011821517426e-05,3.4487179487179485,0.003763803755307192
1975,3.4507183124204395,4.568759837121167e-05,3.45071831242044,0.003925757918743814
1976,3.4527186761229314,4.611550821423568e-05,3.4527186761229314,0.004100318026856597
1977,3.4547190398254224,4.6551969061077885e-05,3.4547190398254224,0.0042888281534185484
1978,3.4567194035279143,4.6997216673085775e-05,3.456719403527914,0.004492812844609087
1979,3.4587197672304053,4.7451495211094086e-05,3.4587197672304053,0.004714006175941586
1980,3.4607201309328963,4.791505760199842e-05,3.4607201309328968,0.004954386219744021
1981,3.4627204946353882,4.838816592434452e-05,3.4627204946353882,0.00521621605075756
1982,3.4647208583378792,4.887109181408169e-05,3.4647208583378792,0.0055020926706431965
1983,3.4667212220403703,4.936411689170916e-05,3.4667212220403707,0.005815005543118385
1984,3.468721585742862,4.986753321212366e-05,3.468721585742862,0.006158406811560558
1985,3.4707219494453536,5.038164373857408e-05,3.4707219494453536,0.006536295732269453
1986,3.4727223131478446,5.090676284222816e-05,3.472722313147845,0.0069533204101990655
1987,3.4747226768503365,5.1443216828958646e-05,3.474722676850336,0.007414900576521592
1988,3.4767230405528275,5.199134449507721e-05,3.4767230405528275,0.007927375894776687
1989,3.4787234042553195,5.2551497713870015e-05,3.478723404255319,0.008498185097842746
1990,3.4807237679578105,5.312404205491792e-05,3.4807237679578105,0.00913608207059004
1991,3.4827241316603015,5.370935743834189e-05,3.482724131660302,0.009851395649293429
1992,3.4847244953627934,5.430783882626223e-05,3.484724495362793,0.010656340105087758
1993,3.4867248590652844,5.491989695394028e-05,3.4867248590652844,0.01156538244411372
1994,3.4887252227677754,5.554595910325808e-05,3.488725222767776,0.012595669752721304
1995,3.4907255864702673,5.6186469921389216e-05,3.4907255864702673,0.013767512997117674
1996,3.4927259501727583,5.684189228774076e-05,3.4927259501727588,0.015104909745555445
1997,3.4947263138752493,5.751270823248667e-05,3.49472631387525,0.016636061766756943
1998,3.4967266775777412,5.819941991026861e-05,3.4967266775777412,0.01839379537137682
1999,3.4987270412802323,5.890255063293037e-05,3.4987270412802327,0.0204157084561951
2000,3.500727404982724,5.962264596546418e-05,3.500727404982724,0.02274372742520302
2001,3.502727768685215,6.0360274889675934e-05,3.5027277686852156,0.02542253218214828
2002,3.504728132387706,6.111603104046093e-05,3.5047281323877066,0.02849597282720641
2003,3.506728496090198,6.189053401997123e-05,3.506728496090198,0.03200016276959738
2004,3.5087288597926896,6.268443079540671e-05,3.5087288597926896,0.03595149923458656
2005,3.5107292234951806,6.349839718664582e-05,3.510729223495181,0.04032779776058969
2006,3.5127295871976725,6.433313945045431e-05,3.5127295871976725,0.045041870267407504
2007,3.5147299509001635,6.518939596859838e-05,3.5147299509001635,0.04991062532970537
2008,3.5167303146026545,6.606793904782828e-05,3.516730314602655,0.05463036697777841
2009,3.5187306783051464,6.696957684038885e-05,3.5187306783051464,0.05877890129432439
2010,3.5207310420076374,6.789515539449455e-05,3.520731042007638,0.06186899667872455
2011,3.5227314057101293,6.884556084505357e-05,3.5227314057101293,0.06346127674458844
2012,3.5247317694126203,6.982172175585062e-05,3.5247317694126203,0.06330323233118494
2013,3.5267321331151114,7.082461162544589e-05,3.526732133115112,0.06142290071461881
2014,3.5287324968176033,7.185525157016922e-05,3.5287324968176033,0.058118004092559364
2015,3.5307328605200943,7.291471319885724e-05,3.5307328605200947,0.0538477762483746
2016,3.5327332242225853,7.400412169537672e-05,3.532733224222586,0.04909413895790527
2017,3.534733587925077,7.512465912650726e-05,3.534733587925077,0.044259040514912924
2018,3.536733951627568,7.627756799448013e-05,3.5367339516275687,0.039622265858585165
2019,3.538734315330059,7.746415505537055e-05,3.5387343153300597,0.035346383676863304
2020,3.540734679032551,7.868579542664181e-05,3.540734679032551,0.03150391610195381
2021,3.542735042735042,7.994393700950292e-05,3.542735042735042,0.028107921744740347
2022,3.544735406437534,8.124010525436438e-05,3.5447354064375336,0.025137055526621686
2023,3.546735770140025,8.257590830058481e-05,3.546735770140025,0.02255301290368065
2024,3.5487361338425165,8.395304252499732e-05,3.5487361338425165,0.020311397894474507
2025,3.5507364975450084,8.537329853733381e-05,3.550736497545008,0.018367875174323034
2026,3.5527368612474994,8.683856766478371e-05,3.552736861247499,0.0166812850053932
2027,3.5547372249499904,8.835084897251994e-05,3.5547372249499904,0.015214947584840904
2028,3.5567375886524824,8.991225687218128e-05,3.556737588652482,0.013936960589893618
2029,3.5587379523549734,9.152502937612788e-05,3.5587379523549734,0.012819981150371253
2030,3.5607383160574644,9.31915370618456e-05,3.560738316057465,0.011840776732361937
2031,3.5627386797599563,9.491429281825763e-05,3.562738679759956,0.010979701394506483
2032,3.5647390434624473,9.669596245408558e-05,3.5647390434624473,0.010220178176857931
2033,3.566739407164939,9.853937625788203e-05,3.5667394071649388,0.009548225306055279
2034,3.56873977086743,0.00010044754161008304,3.56873977086743,0.008952040338238694
2035,3.5707401345699212,0.00010242365675968675,3.5707401345699217,0.008421644109161434
2036,3.572740498272413,0.00010447112589203711,3.5727404982724127,0.007948580481346484
2037,3.574740861974904,0.00010659357563008246,3.574740861974904,0.007525665478498664
2038,3.576741225677395,0.00010879487312961184,3.5767412256773956,0.007146778820700012
2039,3.578741589379887,0.00011107914594971226,3.578741589379887,0.00680669119121566
2040,3.580741953082378,0.00011345080390352584,3.5807419530823785,0.006500921269271171
2041,3.5827423167848695,0.00011591456312177253,3.5827423167848695,0.006225617384969026
2042,3.584742680487361,0.00011847547259302226,3.584742680487361,0.005977459458826126
2043,3.5867430441898525,0.00012113894348114556,3.5867430441898525,0.005753577618994016
2044,3.5887434078923444,0.00012391078156251934,3.588743407892344,0.005551484522914896
2045,3.5907437715948354,0.0001267972231744112,3.5907437715948354,0.005369018945626456
2046,3.5927441352973264,0.00012980497512285038,3.5927441352973264,0.005204298642027804
2047,3.5947444989998183,0.00013294125906447465,3.594744498999818,0.005055680856567759
2048,3.5967448627023093,0.00013621386095426707,3.5967448627023093,0.004921729153051721
2049,3.5987452264048003,0.00013963118624176903,3.5987452264048008,0.004801185480854182
2050,3.6007455901072922,0.00014320232160482569,3.6007455901072922,0.004692946591706333
2051,3.6027459538097832,0.000146937104135418,3.6027459538097832,0.004596044081858011
2052,3.6047463175122743,0.00015084619904036096,3.6047463175122747,0.004509627464834193
2053,3.606746681214766,0.00015494118709525432,3.606746681214766,0.004432949786002627
2054,3.608747044917257,0.00015923466329887683,3.6087470449172576,0.004365355376448927
2055,3.610747408619749,0.0001637403484241821,3.610747408619749,0.00430626941402803
2056,3.61274777232224,0.0001684732154598572,3.61274777232224,0.0042551890169974845
2057,3.614748136024731,0.0001734496332941076,3.6147481360247316,0.004211675642810774
2058,3.616748499727223,0.00017868753042312718,3.616748499727223,0.004175348603445522
2059,3.618748863429714,0.00018420658198787555,3.6187488634297145,0.004145879540661906
2060,3.6207492271322055,0.00019002842407545785,3.620749227132206,0.004122987731119048
2061,3.622749590834697,0.00019617689999254512,3.622749590834697,0.004106436113361852
2062,3.6247499545371884,0.00020267834416233264,3.6247499545371884,0.004096027947169097
2063,3.6267503182396794,0.0002095619104571223,3.62675031823968,0.004091604031309113
2064,3.6287506819421713,0.00021685995321189417,3.6287506819421713,0.004093040418939444
2065,3.6307510456446623,0.00022460847094288452,3.6307510456446628,0.004100246581169074
2066,3.6327514093471542,0.00023284762501317108,3.632751409347154,0.0041131639790534455
2067,3.6347517730496453,0.00024162234826734613,3.6347517730496453,0.004131765012829344
2068,3.6367521367521363,0.0002509830621613322,3.6367521367521367,0.004156052324783961
2069,3.638752500454628,0.0002609865253540606,3.638752500454628,0.004186058439018466
2070,3.640752864157119,0.0002716968423897352,3.6407528641571196,0.004221845727709991
2071,3.64275322785961,0.00028318666836321134,3.6427532278596106,0.004263506699474979
2072,3.644753591562102,0.00029553865484090126,3.644753591562102,0.004311164611255626
2073,3.646753955264593,0.0003088471945060025,3.6467539552645936,0.004364974410944986
2074,3.648754318967084,0.000323220537970282,3.648754318967085,0.004425124023889025
2075,3.650754682669576,0.0003387833772751756,3.6507546826695765,0.004491836002611678
2076,3.652755046372067,0.0003556800186512976,3.6527550463720675,0.00456536956576729
2077,3.654755410074559,0.0003740783047385987,3.654755410074559,0.004646023059613606
2078,3.65675577377705,0.0003941744974248943,3.65675577377705,0.004734136883418888
2079,3.6587561374795414,0.0004161994021208646,3.6587561374795414,0.004830096929399322
2080,3.660756501182033,0.0004404261104963682,3.660756501182033,0.004934338598294357
2081,3.6627568648845243,0.000467179873027028,3.662756864884524,0.005047351463846047
2082,3.6647572285870154,0.0004968508024328669,3.6647572285870154,0.005169684673627744
2083,3.6667575922895073,0.000529910380439257,3.666757592289507,0.005301953190323962
2084,3.6687579559919983,0.0005669331335706963,3.6687579559919983,0.0054448449972441205
2085,3.6707583196944893,0.0006086254219186049,3.6707583196944897,0.005599129415227882
2086,3.672758683396981,0.0006558641482257446,3.6727586833969808,0.005765666705987125
2087,3.674759047099472,0.000709749505574742,3.674759047099472,0.0059454191703339175
2088,3.676759410801964,0.000771677908862671,3.6767594108019637,0.006139463989903748
2089,3.678759774504455,0.0008434444515593467,3.678759774504455,0.006349008109427688
2090,3.680760138206946,0.0009273893795375741,3.6807601382069466,0.006575405515230864
2091,3.682760501909438,0.001026611571041674,3.6827605019094376,0.006820177336787279
2092,3.684760865611929,0.0011452864008430492,3.684760865611929,0.007085035284762956
2093,3.68676122931442,0.001289150443582205,3.6867612293144205,0.007371909044662986
2094,3.688761593016912,0.001466260593726813,3.688761593016912,0.007682978374482598
2095,3.690761956719403,0.001688219315449681,3.6907619567194034,0.008020710813268852
2096,3.6927623204218945,0.0019722210005599116,3.6927623204218945,0.008387906102208645
2097,3.694762684124386,0.0023446057428795877,3.694762684124386,0.008787748659413524
2098,3.6967630478268774,0.0028473139754252677,3.6967630478268774,0.009223869744623593
2099,3.698763411529369,0.003550232160790226,3.698763411529369,0.009700421313624977
2100,3.7007637752318603,0.004576256062824424,3.7007637752318603,0.010222164010006548
2101,3.7027641389343513,0.006155731755481165,3.7027641389343513,0.01079457229264899
2102,3.704764502636843,0.008753577183171723,3.7047645026368428,0.01142396037257828
2103,3.706764866339334,0.013384338517795786,3.706764866339334,0.012117633456197109
2104,3.7087652300418252,0.02236291514317472,3.7087652300418257,0.012884069787243865
2105,3.710765593744317,0.03995310611384849,3.710765593744317,0.013733140166701529
2106,3.712765957446808,0.06148019770627775,3.712765957446808,0.014676373014910565
2107,3.714766321149299,0.053421877391573475,3.7147663211492996,0.01572727460046535
2108,3.716766684851791,0.03107845831858572,3.716766684851791,0.016901715713380647
2109,3.718767048554282,0.01794664870148729,3.7187670485542825,0.018218397608358364
2110,3.720767412256774,0.011419256586956127,3.720767412256774,0.019699411079504604
2111,3.722767775959265,0.007997397229440352,3.722767775959265,0.02137090226207385
2112,3.724768139661756,0.006072777977713176,3.7247681396617565,0.023263855728959476
2113,3.726768503364248,0.0049363332430874375,3.726768503364248,0.025414997029135578
2114,3.728768867066739,0.004255291339024024,3.7287688670667394,0.02786779837078041
2115,3.7307692307692304,0.0038633136316921605,3.730769230769231,0.03067353470283389
2116,3.732769594471722,0.0036744442471403926,3.732769594471722,0.03389226957754262
2117,3.7347699581742133,0.0036458484326187743,3.7347699581742133,0.03759352905804598
2118,3.7367703218767043,0.0037613355572551086,3.7367703218767048,0.041856213818246724
2119,3.7387706855791962,0.004024962430369312,3.7387706855791962,0.046766956635084726
2120,3.7407710492816872,0.004460857772285201,3.7407710492816877,0.0524155981379749
2121,3.742771412984179,0.005118812583889624,3.7427714129841787,0.05888569142687095
2122,3.74477177668667,0.006088056588361729,3.74477177668667,0.06623702608548487
2123,3.746772140389161,0.007526203952579245,3.7467721403891616,0.0744764636827085
2124,3.748772504091653,0.009720525924524463,3.748772504091653,0.08351395900875724
2125,3.750772867794144,0.013224740584774701,3.7507728677941445,0.0931046616324075
2126,3.752773231496635,0.019185431522646876,3.7527732314966356,0.10278845946673609
2127,3.754773595199127,0.03015713913696217,3.754773595199127,0.11185637862082966
2128,3.756773958901618,0.051904013951477444,3.7567739589016185,0.11939122386405022
2129,3.75877432260411,0.09260046857242087,3.75877432260411,0.12442462331994542
2130,3.760774686306601,0.12563670477306874,3.7607746863066014,0.12619759911173373
2131,3.762775050009092,0.09248539582155826,3.7627750500090924,0.12442068621889837
2132,3.764775413711584,0.05183277648810236,3.764775413711584,0.11938467709048944
2133,3.766775777414075,0.030122113686913313,3.766775777414075,0.11184938349795058
2134,3.7687761411165663,0.01916749492220797,3.768776141116567,0.10278333683101591
2135,3.770776504819058,0.013214984849171831,3.770776504819058,0.09310337523218822
2136,3.7727768685215493,0.009715050901990391,3.7727768685215493,0.08351789210976215
2137,3.7747772322240403,0.007523188445770518,3.7747772322240403,0.074486431696323
2138,3.776777595926532,0.006086583495798489,3.776777595926532,0.06625340380323605
2139,3.778777959629023,0.005118389646037148,3.778777959629023,0.05890856067200966
2140,3.780778323331515,0.0044612088732868625,3.780778323331515,0.052444870145109866
2141,3.782778687034006,0.004025930855719966,3.7827786870340057,0.046802457789889375
2142,3.784779050736497,0.003762837533232968,3.7847790507364976,0.04189773933779654
2143,3.786779414438989,0.003647851837168393,3.7867794144389886,0.03764087353672168
2144,3.78877977814148,0.0036769625628719116,3.7887797781414805,0.03394524257445208
2145,3.790780141843971,0.0038664130186141952,3.7907801418439715,0.0307319673820191
2146,3.792780505546463,0.004259115307895659,3.792780505546463,0.027931545147396587
2147,3.794780869248954,0.0049411599747394815,3.794780869248954,0.02548393464390177
2148,3.796781232951445,0.006079149698790305,3.796781232951446,0.023337881157055377
2149,3.798781596653937,0.008006425692274232,3.798781596653937,0.02144993023214662
2150,3.800781960356428,0.011433384259929244,3.800781960356429,0.019783371604886437
2151,3.80278232405892,0.01797149780239615,3.8027823240589194,0.018307233719691143
2152,3.804782687761411,0.031124898116468954,3.8047826877614113,0.016995381465066253
2153,3.8067830514639023,0.053479956969016126,3.8067830514639023,0.015825733362462287
2154,3.8087834151663937,0.061455647839162776,3.808783415166394,0.014779596031949848
2155,3.810783778868885,0.039903133108918805,3.810783778868885,0.01384110535482484
2156,3.812784142571376,0.02233762829438402,3.8127841425713767,0.012996760734414584
2157,3.814784506273868,0.013373964614066283,3.8147845062738677,0.012235038595080228
2158,3.816784869976359,0.008750184478577356,3.8167848699763596,0.011546072296851064
2159,3.81878523367885,0.006155799664056011,3.8187852336788506,0.010921387192117476
2160,3.820785597381342,0.0045782201134501295,3.8207855973813425,0.010353681203645673
2161,3.822785961083833,0.0035533438964033045,3.822785961083833,0.009836642863175446
2162,3.824786324786325,0.0028511866566566704,3.824786324786325,0.00936480013441552
2163,3.826786688488816,0.0023490255498721225,3.826786688488816,0.008933394530672949
2164,3.828787052191307,0.0019770627740752452,3.828787052191308,0.008538276032239308
2165,3.830787415893799,0.0016934062140704284,3.830787415893799,0.008175815131673462
2166,3.83278777959629,0.0014717435237703832,3.8327877795962895,0.007842829010024015
2167,3.834788143298781,0.001294896979532712,3.8347881432987814,0.007536519397544979
2168,3.836788507001273,0.0011512745269203423,3.8367885070012724,0.007254420120062029
2169,3.838788870703764,0.0010328259968198758,3.8387888707037643,0.0069943526955402605
2170,3.840789234406255,0.0009338192911291306,3.840789234406255,0.006754388640314721
2171,3.8427895981087468,0.00085008209472559,3.8427895981087468,0.0065328173838746315
2172,3.8447899618112378,0.0007785176708551652,3.8447899618112378,0.0063281188857139
2173,3.8467903255137297,0.0007167873051008195,3.8467903255137297,0.006138940206182734
2174,3.848790689216221,0.0006630970209708835,3.8487906892162207,0.005964075412504634
2175,3.850791052918712,0.0006160512332185715,3.8507910529187126,0.0058024483067499995
2176,3.852791416621204,0.000574550375579293,3.852791416621203,0.005653097549125003
2177,3.854791780323695,0.00053771802656908,3.854791780323695,0.005515163821048698
2178,3.856792144026186,0.0005048482013229203,3.856792144026186,0.005387878731093336
2179,3.858792507728678,0.00047536667024382714,3.858792507728678,0.005270555215281062
2180,3.860792871431169,0.0004488021899909814,3.8607928714311686,0.0051625792233766
2181,3.86279323513366,0.00042476484195684897,3.8627932351336605,0.005063402516201492
2182,3.864793598836152,0.00040292953594931624,3.8647935988361515,0.004972536426874775
2183,3.866793962538643,0.0003830233144873258,3.8667939625386434,0.004889546462246748
2184,3.868794326241135,0.000364815486046615,3.8687943262411344,0.004814047640469008
2185,3.870794689943626,0.00034810988670718916,3.8707946899436263,0.004745700477290412
2186,3.872795053646117,0.00033273875922867435,3.872795053646117,0.004684207547846147
2187,3.8747954173486088,0.000318557872796097,3.8747954173486088,0.004629310562858005
2188,3.8767957810511,0.0003054426028107145,3.8767957810511,0.004580787908674678
2189,3.878796144753591,0.0002932847597082295,3.8787961447535917,0.004538452609758405
2190,3.8807965084560827,0.00028199000670542525,3.8807965084560823,0.004502150680344477
2191,3.8827968721585737,0.00027147574398264207,3.882796872158574,0.004471759839285544
2192,3.884797235861065,0.0002616693648365087,3.884797235861065,0.004447188568751061
2193,3.886797599563557,0.00025250681040408363,3.886797599563557,0.004428375503658112
2194,3.888797963266048,0.00024393136552250174,3.888797963266048,0.004415289144632961
2195,3.89079832696854,0.00023589265047684854,3.89079832696854,0.004407927893095711
2196,3.892798690671031,0.0002283457727633317,3.8927986906710306,0.004406320412880082
2197,3.894799054373522,0.000221250610254093,3.8947990543735225,0.004410526328799573
2198,3.896799418076014,0.0002145712028087878,3.8967994180760135,0.0044206372789162805
2199,3.898799781778505,0.0002082752338162499,3.8987997817785054,0.0044367783441358255
2200,3.900800145480996,0.0002023335866514481,3.900800145480996,0.004459109886341359
2201,3.902800509183488,0.0001967199638116867,3.902800509183488,0.004487829834818932
2202,3.904800872885979,0.00019141055871272277,3.904800872885979,0.004523176470481347
2203,3.90680123658847,0.0001863837719031654,3.906801236588471,0.004565431768684223
2204,3.908801600290962,0.0001816199648881892,3.908801600290962,0.0046149253746225445
2205,3.910801963993453,0.0001771012459135464,3.9108019639934537,0.004672039300858645
2206,3.9128023276959447,0.00017281128300441882,3.9128023276959443,0.004737213455017515
2207,3.9148026913984357,0.00016873514032454519,3.914802691398436,0.0048109521277809085
2208,3.9168030551009267,0.00016485913455333652,3.916803055100927,0.004893831597854355
2209,3.9188034188034186,0.00016117070849965947,3.918803418803419,0.0049865090426179
2210,3.9208037825059097,0.0001576583196016002,3.9208037825059097,0.005089732981983959
2211,3.922804146208401,0.00015431134131898712,3.9228041462084016,0.005204355530182725
2212,3.9248045099108926,0.00015111997572321887,3.9248045099108926,0.005331346787756947
2213,3.926804873613384,0.00014807517583776398,3.9268048736133845,0.005471811776457249
2214,3.928805237315875,0.00014516857649138362,3.9288052373158755,0.005627010406047513
2215,3.930805601018367,0.00014239243262173894,3.9308056010183674,0.005798381068082038
2216,3.932805964720858,0.0001397395641151701,3.932805964720858,0.005987568582197182
2217,3.93480632842335,0.00013720330639385717,3.93480632842335,0.0061964573811742725
2218,3.936806692125841,0.00013477746606807277,3.936806692125841,0.0064272110190054296
2219,3.938807055828332,0.00013245628106181326,3.938807055828333,0.0066823193299101824
2220,3.940807419530824,0.00013023438469751694,3.9408074195308234,0.006964654865624249
2221,3.942807783233315,0.00012810677329175285,3.9428077832333153,0.007277540604610389
2222,3.944808146935806,0.00012606877687057957,3.9448081469358063,0.007624831372134392
2223,3.9468085106382977,0.00012411603266216094,3.946808510638298,0.008011011945843118
2224,3.9488088743407888,0.00012224446106633382,3.948808874340789,0.00844131545540023
2225,3.9508092380432798,0.0001204502438372337,3.9508092380432798,0.008921866415540183
2226,3.9528096017457717,0.00011872980424664188,3.9528096017457717,0.009459853538334612
2227,3.9548099654482627,0.00011707978902306801,3.9548099654482627,0.010063738292194044
2228,3.9568103291507546,0.00011549705188539727,3.9568103291507546,0.010743505878134763
2229,3.9588106928532456,0.00011397863851070716,3.9588106928532456,0.011510965609736086
2230,3.960811056555737,0.00011252177279395435,3.960811056555737,0.012380107103541297
2231,3.9628114202582285,0.00011112384427312743,3.962811420258228,0.013367516281083508
2232,3.96481178396072,0.000109782396607351,3.96481178396072,0.014492849293078603
2233,3.966812147663211,0.00010849511700764442,3.966812147663211,0.015779350204391585
2234,3.968812511365703,0.00010725982653080336,3.968812511365703,0.017254374681163653
2235,3.970812875068194,0.00010607447115633473,3.9708128750681935,0.01894983878575334
2236,3.972813238770685,0.00010493711357474317,3.9728132387706854,0.020902436185912993
2237,3.974813602473177,0.00010384592562288199,3.9748136024731764,0.023153338909310563
2238,3.976813966175668,0.0001027991813086237,3.9768139661756683,0.025746889806887163
2239,3.9788143298781598,0.00010179525037292333,3.9788143298781593,0.028727482067232354
2240,3.9808146935806508,0.00010083259234253196,3.9808146935806508,0.03213339810250608
2241,3.982815057283142,9.990975103119539e-05,3.982815057283142,0.03598592810221046
2242,3.9848154209856337,9.902534945129674e-05,3.9848154209856337,0.04027190835024121
2243,3.9868157846881247,9.817808510154673e-05,3.9868157846881247,0.0449186439611514
2244,3.9888161483906157,9.736672559959931e-05,3.9888161483906166,0.04976331985745677
2245,3.9908165120931076,9.65901046314069e-05,3.990816512093107,0.05452585746069614
2246,3.9928168757955986,9.584711819174522e-05,3.992816875795599,0.058804049613254895
2247,3.99481723949809,9.513672109269348e-05,3.99481723949809,0.06211588774346092
2248,3.9968176032005815,9.445792371898096e-05,3.996817603200582,0.06400235678223179
2249,3.998817966903073,9.380978901100643e-05,3.998817966903073,0.0641662772727991
2250,4.000818330605565,9.319142965805414e-05,4.000818330605565,0.06258031369217779
2251,4.002818694308056,9.260200548578635e-05,4.002818694308056,0.05949756585253556
2252,4.004819058010547,9.204072102347626e-05,4.004819058010548,0.055357694060536394
2253,4.006819421713039,9.150682323772312e-05,4.006819421713038,0.05064789289939774
2254,4.00881978541553,9.099959942052695e-05,4.00881978541553,0.04579011918450809
2255,4.010820149118021,9.051837522063857e-05,4.010820149118021,0.0410877749190896
2256,4.012820512820513,9.006251280804717e-05,4.012820512820513,0.0367236944713561
2257,4.014820876523004,8.963140916231782e-05,4.014820876523004,0.03278488106274839
2258,4.016821240225495,8.922449447626912e-05,4.016821240225496,0.02929340473030937
2259,4.018821603927987,8.88412306671952e-05,4.018821603927987,0.026232807824989508
2260,4.020821967630478,8.848110998847748e-05,4.020821967630479,0.023566952588222164
2261,4.02282233133297,8.814365373502148e-05,4.02282233133297,0.021251986377282855
2262,4.024822695035461,8.782841103649869e-05,4.0248226950354615,0.01924323876803178
2263,4.026823058737952,8.753495773285952e-05,4.026823058737952,0.017498798747016875
2264,4.028823422440444,8.726289532704324e-05,4.028823422440444,0.015981086169894524
2265,4.030823786142935,8.701185001022052e-05,4.030823786142935,0.014657292923726011
2266,4.032824149845426,8.678147175528854e-05,4.0328241498454265,0.013499234943880235
2267,4.0348245135479175,8.657143347469033e-05,4.0348245135479175,0.012482931490155067
2268,4.0368248772504085,8.638143023895233e-05,4.036824877250409,0.011588087466320191
2269,4.0388252409529,8.6211178552634e-05,4.0388252409529,0.01079757076703878
2270,4.040825604655391,8.606041568466127e-05,4.040825604655392,0.010096928614687604
2271,4.042825968357882,8.592889905026903e-05,4.042825968357883,0.009473960372922178
2272,4.044826332060374,8.581640564201995e-05,4.044826332060375,0.008918350404720873
2273,4.046826695762865,8.57227315075854e-05,4.046826695762865,0.008421357736068839
2274,4.048827059465356,8.564769127218166e-05,4.048827059465357,0.00797555638882148
2275,4.050827423167848,8.559111770374978e-05,4.050827423167848,0.007574619415107742
2276,4.052827786870339,8.555286131914648e-05,4.05282778687034,0.0072131398634569625
2277,4.054828150572831,8.553279002978402e-05,4.054828150572831,0.006886482563725663
2278,4.056828514275323,8.553078882532008e-05,4.056828514275323,0.006590661430665133
2279,4.058828877977814,8.554675949414735e-05,4.058828877977814,0.006322237801374981
2280,4.060829241680306,8.558062037958014e-05,4.060829241680306,0.006078236069074204
2281,4.062829605382797,8.563230617077054e-05,4.062829605382797,0.005856073527959115
2282,4.064829969085288,8.570176772752039e-05,4.064829969085289,0.005653501897311964
2283,4.06683033278778,8.578897193828089e-05,4.066830332787779,0.005468558454195577
2284,4.068830696490271,8.589390161075418e-05,4.06883069649027,0.005299525084015289
2285,4.070831060192762,8.601655539463113e-05,4.070831060192762,0.0051448938690354116
2286,4.072831423895254,8.615694773611372e-05,4.072831423895253,0.005003338088054782
2287,4.074831787597745,8.631510886398497e-05,4.074831787597745,0.004873687706092806
2288,4.076832151300236,8.649108480710216e-05,4.076832151300236,0.004754908599842114
2289,4.078832515002728,8.668493744329778e-05,4.078832515002728,0.004646084900095346
2290,4.080832878705219,8.689674457978515e-05,4.080832878705219,0.004546403942369927
2291,4.082833242407711,8.712660006527643e-05,4.082833242407711,0.004455143406413603
2292,4.084833606110202,8.737461393413012e-05,4.084833606110201,0.004371660298151779
2293,4.086833969812693,8.764091258296175e-05,4.086833969812693,0.00429538148711638
2294,4.088834333515185,8.792563898026297e-05,4.088834333515184,0.0042257955610580985
2295,4.090834697217676,8.8228952909694e-05,4.090834697217676,0.004162445799343893
2296,4.092835060920167,8.855103124783662e-05,4.092835060920167,0.004104924099550121
2297,4.094835424622659,8.889206827731631e-05,4.094835424622659,0.004052865718703821
2298,4.09683578832515,8.925227603633578e-05,4.09683578832515,0.004005944712983563
2299,4.098836152027641,8.963188470579672e-05,4.0988361520276415,0.003963869978225028
2300,4.1008365157301325,9.003114303532614e-05,4.1008365157301325,0.003926381808991662
2301,4.1028368794326235,9.045031880967437e-05,4.102836879432624,0.0038932489068267953
2302,4.104837243135115,9.088969935711041e-05,4.1048372431351146,0.0038642657790656735
2303,4.1068376068376065,9.134959210159949e-05,4.1068376068376065,0.0038392504786220034
2304,4.1088379705400975,9.183032516073351e-05,4.1088379705400975,0.003818042642783127
2305,4.110838334242589,9.233224799156097e-05,4.110838334242589,0.003800501795495951
2306,4.11283869794508,9.285573208667e-05,4.11283869794508,0.003786505883110583
2307,4.114839061647571,9.340117172308985e-05,4.114839061647572,0.0037759500182356098
2308,4.116839425350063,9.396898476679862e-05,4.116839425350063,0.0037687454103908194
2309,4.118839789052554,9.455961353587537e-05,4.118839789052555,0.003764818465633648
2310,4.120840152755045,9.517352572559685e-05,4.120840152755046,0.003764110040384394
2311,4.122840516457537,9.58112153990567e-05,4.122840516457538,0.0037665748373629194
2312,4.124840880160028,9.647320404719496e-05,4.124840880160028,0.00377218093394783
2313,4.12684124386252,9.716004172245638e-05,4.12684124386252,0.0037809094354376983
2314,4.128841607565011,9.787230825064247e-05,4.128841607565011,0.0037927542476867237
2315,4.130841971267503,9.86106145259235e-05,4.130841971267503,0.003807721965451704
2316,4.132842334969994,9.937560389437848e-05,4.132842334969994,0.0038258318745667368
2317,4.134842698672486,0.00010016795363189678,4.134842698672486,0.0038471160677981424
2318,4.136843062374977,0.00010098837652276683,4.136843062374977,0.0038716196759632474
2319,4.138843426077469,0.0001018376225458083,4.138843426077469,0.003899401217663705
2320,4.14084378977996,0.000102716480675496,4.14084378977996,0.003930533072825482
2321,4.142844153482451,0.00010362578080616363,4.142844153482452,0.0039651020871987646
2322,4.144844517184943,0.00010456639580806341,4.144844517184942,0.0040032103170955366
2323,4.146844880887434,0.00010553924372482811,4.146844880887434,0.004044975925985542
2324,4.148845244589926,0.00010654529012271688,4.148845244589925,0.004090534247187893
2325,4.150845608292417,0.00010758555060292635,4.150845608292417,0.004140039029857757
2326,4.152845971994908,0.00010866109348927052,4.152845971994908,0.004193663888849911
2327,4.1548463356974,0.00010977304270461027,4.1548463356974,0.004251603982942425
2328,4.156846699399891,0.00011092258085063517,4.156846699399891,0.00431407795043011
2329,4.158847063102382,0.00011211095250692714,4.158847063102383,0.004381330136388504
2330,4.160847426804874,0.00011333946776668711,4.160847426804874,0.0044536331521199445
2331,4.162847790507365,0.00011460950602812779,4.1628477905073655,0.00453129081462596
2332,4.164848154209856,0.00011592252006231464,4.164848154209856,0.0046146415226353205
2333,4.166848517912348,0.00011728004038018866,4.166848517912348,0.004704062136052887
2334,4.168848881614839,0.00011868367992368748,4.168848881614839,0.004799972438028257
2335,4.1708492453173305,0.00012013513910828757,4.1708492453173305,0.004902840273621323
2336,4.1728496090198215,0.0001216362112469355,4.1728496090198215,0.00501318747679288
2337,4.1748499727223125,0.00012318878838832138,4.174849972722313,0.00513159671884828
2338,4.176850336424804,0.00012479486760570124,4.176850336424804,0.005258719437322067
2339,4.178850700127295,0.00012645655777614626,4.178850700127296,0.005395285035645007
2340,4.180851063829786,0.0001281760868941632,4.180851063829787,0.005542111582035868
2341,4.182851427532278,0.00012995580996814804,4.182851427532278,0.005700118282499453
2342,4.184851791234769,0.00013179821755321158,4.184851791234769,0.005870340059536344
2343,4.18685215493726,0.00013370594497957532,4.18685215493726,0.006053944637631999
2344,4.188852518639752,0.00013568178234204956,4.188852518639752,0.00625225262182048
2345,4.190852882342243,0.00013772868532322034,4.190852882342243,0.006466761160374698
2346,4.192853246044735,0.00013984978693094353,4.192853246044735,0.006699171911627842
2347,4.194853609747226,0.0001420484102396678,4.194853609747226,0.006951424193785027
2348,4.196853973449717,0.00014432808223523478,4.196853973449718,0.007225734392336166
2349,4.198854337152209,0.00014669254887412171,4.198854337152209,0.0075246429406873195
2350,4.2008547008547,0.00014914579148095434,4.200854700854701,0.007851070485775411
2351,4.202855064557192,0.00015169204462262502,4.202855064557192,0.008208385212902382
2352,4.204855428259683,0.00015433581561376914,4.204855428259683,0.008600483744873011
2353,4.206855791962175,0.00015708190582702225,4.206855791962174,0.009031888561206678
2354,4.208856155664666,0.00015993543400268591,4.208856155664666,0.009507865511913037
2355,4.210856519367158,0.00016290186177653657,4.210856519367157,0.010034565726358852
2356,4.212856883069649,0.0001659870216720744,4.212856883069649,0.01061919702137578
2357,4.214857246772141,0.0001691971478349798,4.21485724677214,0.011270230736321628
2358,4.216857610474632,0.0001725389098235335,4.216857610474632,0.01199765063750615
2359,4.218857974177123,0.0001760194498101641,4.218857974177123,0.012813250881067776
2360,4.220858337879615,0.0001796464235967455,4.220858337879615,0.013730989510072709
2361,4.222858701582106,0.00018342804590106894,4.222858701582106,0.014767401686668383
2362,4.224859065284597,0.0001873731404351371,4.224859065284597,0.015942071213661983
2363,4.226859428987089,0.00019149119536905745,4.226859428987088,0.01727814706849366
2364,4.22885979268958,0.00019579242485921085,4.22885979268958,0.018802868847571902
2365,4.230860156392071,0.00020028783741804607,4.230860156392071,0.020548023198578878
2366,4.232860520094563,0.00020498931201781988,4.232860520094563,0.022550179683649994
2367,4.234860883797054,0.000209909682955037,4.234860883797054,0.024850429732973498
2368,4.2368612474995455,0.0002150628346598225,4.2368612474995455,0.027493150290327378
2369,4.2388616112020365,0.00022046380781940456,4.2388616112020365,0.030523007030164633
2370,4.2408619749045275,0.00022612891840297173,4.240861974904528,0.03397899398708394
2371,4.2428623386070194,0.00023207589143266926,4.2428623386070194,0.03788385113839969
2372,4.2448627023095105,0.00023832401165090536,4.2448627023095105,0.04222699327542183
2373,4.2468630660120015,0.0002448942935972314,4.2468630660120015,0.04693982676543272
2374,4.248863429714493,0.0002518096740411765,4.248863429714493,0.051865307479507544
2375,4.250863793416984,0.0002590952302360452,4.250863793416984,0.05673023337203548
2376,4.252864157119475,0.0002667784280817107,4.252864157119476,0.061138579368181165
2377,4.254864520821967,0.0002748894050356444,4.254864520821967,0.06461077317543718
2378,4.256864884524458,0.0002834612935209418,4.256864884524459,0.0666834729928963
2379,4.25886524822695,0.0002925305916855018,4.25886524822695,0.0670479029845642
2380,4.260865611929441,0.000302137589715573,4.260865611929442,0.06566146207757764
2381,4.262865975631932,0.0003123268615610369,4.262865975631933,0.06276435610641325
2382,4.264866339334424,0.0003231478339665902,4.264866339334424,0.05879019410792018
2383,4.266866703036915,0.0003346554472238118,4.266866703036915,0.0542273870400259
2384,4.268867066739406,0.0003469109251941787,4.268867066739407,0.04950371886524842
2385,4.270867430441898,0.00035998267607269784,4.270867430441898,0.044929812853663396
2386,4.272867794144389,0.0003739473502898604,4.27286779414439,0.040694988501864544
2387,4.274868157846881,0.00038889108818118483,4.274868157846881,0.03689118535261388
2388,4.276868521549372,0.0004049109979817001,4.276868521549373,0.03354389334145356
2389,4.278868885251864,0.0004221169148547421,4.278868885251864,0.030638930633283483
2390,4.280869248954355,0.00044063350475203087,4.280869248954356,0.02814170305147249
2391,4.282869612656847,0.0004606027938948818,4.282869612656847,0.02600950194482928
2392,4.284869976359338,0.0004821872268981394,4.284869976359338,0.024198634904400076
2393,4.28687034006183,0.0005055733858756761,4.286870340061829,0.02266815548682865
2394,4.288870703764321,0.0005309765418577372,4.288870703764321,0.0213815313419085
2395,4.290871067466812,0.0005586462621750555,4.290871067466812,0.020307147535599358
2396,4.292871431169304,0.0005888733683554522,4.292871431169304,0.01941820148591125
2397,4.294871794871795,0.0006219986361055709,4.294871794871795,0.018692316009153487
2398,4.296872158574286,0.000658423763196065,4.296872158574287,0.01811105272838413
2399,4.298872522276778,0.0006986253189742042,4.298872522276778,0.017659422011240163
2400,4.300872885979269,0.0007431726555269685,4.300872885979269,0.017325436264838685
2401,4.3028732496817605,0.0007927511429723062,4.3028732496817605,0.017099726267340038
2402,4.304873613384252,0.000848192648553063,4.304873613384251,0.016975226046079067
2403,4.306873977086743,0.0009105160036196026,4.306873977086743,0.016946925036860287
2404,4.3088743407892345,0.0009809814428857738,4.308874340789234,0.017011683594937536
2405,4.3108747044917255,0.0010611649004060566,4.3108747044917255,0.017168107493448926
2406,4.3128750681942165,0.001153061015341152,4.3128750681942165,0.017416477789100663
2407,4.314875431896708,0.00125922843932918,4.314875431896708,0.017758733791113878
2408,4.316875795599199,0.00138299878154354,4.316875795599199,0.018198508548058195
2409,4.31887615930169,0.0015287835146533906,4.318876159301691,0.018741218132206985
2410,4.320876523004182,0.0017025355739282773,4.320876523004182,0.01939420799548947
2411,4.322876886706673,0.0019124622884065616,4.322876886706674,0.020166961767131588
2412,4.324877250409165,0.0021701598913217704,4.324877250409164,0.021071380019941747
2413,4.326877614111656,0.002492481063684717,4.326877614111656,0.022122138648375814
2414,4.328877977814147,0.002904730035865472,4.328877977814147,0.02333713834364877
2415,4.330878341516639,0.003446375975808698,4.330878341516639,0.024738057737677538
2416,4.33287870521913,0.004181802566491838,4.33287870521913,0.026351022189359957
2417,4.334879068921621,0.005221752420147504,4.334879068921622,0.028207396186807374
2418,4.336879432624113,0.0067690560560671395,4.336879432624113,0.030344696856745783
2419,4.338879796326604,0.00922349655555406,4.338879796326605,0.03280760370780466
2420,4.340880160029096,0.013438770777996647,4.340880160029096,0.03564899623565181
2421,4.342880523731587,0.02135273059201655,4.342880523731588,0.03893087095060403
2422,4.344880887434078,0.03693035519511171,4.344880887434078,0.04272484793894658
2423,4.34688125113657,0.06014463711028821,4.34688125113657,0.04711173660257776
2424,4.348881614839061,0.060790817366982636,4.348881614839061,0.05217923932422842
2425,4.350881978541552,0.03863999673955232,4.350881978541553,0.058016274987732416
2426,4.352882342244044,0.024179961248022148,4.352882342244044,0.06470158244461592
2427,4.354882705946536,0.017692183115647454,4.354882705946536,0.07228334688247466
2428,4.356883069649027,0.015403252359517337,4.356883069649027,0.08074610523247219
2429,4.358883433351519,0.015721523341423,4.358883433351519,0.08996246265571303
2430,4.36088379705401,0.01847431275222493,4.36088379705401,0.09963267528366626
2431,4.362884160756502,0.024696094498706325,4.362884160756502,0.1092278497618503
2432,4.364884524458993,0.037418705715578454,4.364884524458992,0.11797191641800159
2433,4.366884888161484,0.06355021433883937,4.366884888161484,0.12491197629960916
2434,4.368885251863976,0.10822620248586592,4.368885251863975,0.129109399773793
2435,4.370885615566467,0.12431282072268524,4.370885615566467,0.1299144726209474
2436,4.372885979268958,0.0814210065473,4.372885979268958,0.12719877649464179
2437,4.3748863429714495,0.0466024377446914,4.3748863429714495,0.12140485720994959
2438,4.3768867066739405,0.029162694054277422,4.3768867066739405,0.1133802033141331
2439,4.3788870703764315,0.020654902269614334,4.378887070376432,0.1041018960813022
2440,4.3808874340789234,0.016602685269404515,4.3808874340789234,0.09443879141141931
2441,4.3828877977814145,0.015267814924412287,4.382887797781415,0.08502954775814137
2442,4.384888161483906,0.01632356362291548,4.3848881614839055,0.07626824768005319
2443,4.386888525186397,0.020658072519302993,4.386888525186397,0.06834979809776458
2444,4.388888888888888,0.031051242636086364,4.388888888888888,0.061331749841585646
2445,4.39088925259138,0.05125084466722021,4.39088925259138,0.05518881073181386
2446,4.392889616293871,0.06549964996880027,4.392889616293871,0.04985246008758381
2447,4.394889979996362,0.04698579042059533,4.394889979996363,0.0452364280496929
2448,4.396890343698854,0.026934791401594473,4.396890343698854,0.04125156223606314
2449,4.398890707401345,0.01628249232935266,4.398890707401346,0.03781365874004012
2450,4.400891071103836,0.010793940246167045,4.400891071103837,0.03484700399109593
2451,4.402891434806328,0.007720561315829308,4.402891434806329,0.03228547891016715
2452,4.404891798508819,0.005846230816445347,4.404891798508819,0.030072379090214926
2453,4.406892162211311,0.004619630004435844,4.406892162211311,0.02815963009875393
2454,4.408892525913802,0.0037706065166487517,4.408892525913802,0.026506777855401512
2455,4.410892889616293,0.0031561320958159076,4.410892889616294,0.02507995483977817
2456,4.412893253318785,0.0026951982035773444,4.412893253318785,0.02385091975502202
2457,4.414893617021276,0.0023392269258610946,4.414893617021277,0.02279621117734566
2458,4.416893980723767,0.0020576501119784906,4.416893980723768,0.021896425569408833
2459,4.418894344426259,0.001830430675027747,4.418894344426259,0.021135615213349185
2460,4.42089470812875,0.0016439685030335837,4.420894708128751,0.020500795277596608
2461,4.422895071831241,0.0014887514254585195,4.422895071831241,0.01998154742319037
2462,4.424895435533733,0.001357951148284999,4.424895435533733,0.019569707857193825
2463,4.426895799236224,0.0012465534180434337,4.426895799236224,0.019259129332994434
2464,4.428896162938716,0.0011508018851630769,4.428896162938716,0.019045508633901618
2465,4.430896526641207,0.0010678324637433052,4.430896526641207,0.018926273234007723
2466,4.432896890343699,0.0009954268820751844,4.432896890343699,0.018900522960382637
2467,4.434897254046191,0.0009318428302784118,4.43489725404619,0.0189690245229296
2468,4.436897617748682,0.0008756945303004836,4.436897617748682,0.01913425870431742
2469,4.438897981451173,0.0008258672264902436,4.438897981451173,0.01940052177341871
2470,4.4408983451536646,0.0007814549493112675,4.4408983451536646,0.01977408420742687
2471,4.442898708856156,0.0007417145357851627,4.442898708856155,0.020263410869265915
2472,4.444899072558647,0.0007060311931508419,4.444899072558647,0.02087944696181969
2473,4.4468994362611385,0.0006738923829324265,4.446899436261138,0.02163597256250036
2474,4.4488997999636295,0.0006448677858442488,4.4488997999636295,0.02255002386656663
2475,4.450900163666121,0.0006185937677882833,4.4509001636661205,0.023642368852515278
2476,4.452900527368612,0.0005947612171215033,4.452900527368612,0.024938004484805387
2477,4.454900891071103,0.0005731059347345879,4.454900891071103,0.02646660435176038
2478,4.456901254773595,0.0005534009769424597,4.456901254773595,0.028262777800273642
2479,4.458901618476086,0.0005354505064341725,4.458901618476086,0.030365885871752346
2480,4.460901982178577,0.000519084818181208,4.460901982178578,0.03281897040288551
2481,4.462902345881069,0.0005041562884026867,4.462902345881068,0.035666062529104016
2482,4.46490270958356,0.0004905360543593632,4.46490270958356,0.0389467333550766
2483,4.466903073286051,0.00047811127703533736,4.466903073286051,0.0426862890418818
2484,4.468903436988543,0.0004667828719392976,4.468903436988543,0.04687973738291943
2485,4.470903800691034,0.0004564636183218502,4.470903800691034,0.0514681922335135
2486,4.472904164393526,0.0004470765762004705,4.472904164393526,0.05630893711845876
2487,4.474904528096017,0.0004385537552441607,4.474904528096017,0.06114642519580554
2488,4.476904891798508,0.0004308349909086415,4.476904891798509,0.06560105568341118
2489,4.478905255501,0.00042386699204471147,4.478905255501,0.06920034485838499
2490,4.480905619203491,0.00041760253112697675,4.480905619203492,0.07147015760483193
2491,4.482905982905982,0.0004119997537143944,4.482905982905982,0.07207067199975362
2492,4.484906346608474,0.0004070215880923385,4.484906346608474,0.07091675254869548
2493,4.486906710310965,0.0004026352395103783,4.486906710310965,0.06821089526448844
2494,4.488907074013456,0.0003988117562126653,4.488907074013457,0.06436692186259767
2495,4.490907437715948,0.00039552565670540016,4.490907437715948,0.059873651620268094
2496,4.492907801418439,0.0003927546095311046,4.49290780141844,0.055172728403077465
2497,4.494908165120931,0.00039047915831001787,4.494908165120931,0.05059315644187711
2498,4.496908528823422,0.00038868248603301934,4.496908528823423,0.046340938695863886
2499,4.498908892525913,0.000387350213601397,4.498908892525914,0.042520447695161785
2500,4.500909256228405,0.0003864702284489207,4.500909256228406,0.03916526667556123
2501,4.502909619930896,0.0003860325397843069,4.502909619930896,0.036265921890410245
2502,4.504909983633388,0.0003860291575841426,4.504909983633388,0.03379025841623065
2503,4.506910347335879,0.0003864539929691257,4.506910347335879,0.0316966515718636
2504,4.508910711038371,0.0003873027780274738,4.508910711038371,0.0299417756317392
2505,4.510911074740862,0.0003885730035228463,4.510911074740862,0.028484739076258
2506,4.5129114384433535,0.00039026387325182004,4.5129114384433535,0.027288994039693527
2507,4.5149118021458445,0.0003923762741077244,4.5149118021458445,0.026322975870177838
2508,4.516912165848336,0.00039491276117181745,4.516912165848336,0.025560071561306304
2509,4.5189125295508275,0.0003978775573965302,4.5189125295508275,0.024978271131389673
2510,4.5209128932533185,0.0004012765676753135,4.520912893253319,0.02455970118312498
2511,4.52291325695581,0.0004051174073151116,4.5229132569558095,0.02429014689756071
2512,4.524913620658301,0.00040940944514623596,4.524913620658301,0.024158615152609943
2513,4.526913984360792,0.0004141638617255671,4.526913984360792,0.02415696183451091
2514,4.528914348063284,0.00041939372331776045,4.528914348063284,0.02427959085719178
2515,4.530914711765775,0.0004251140725810448,4.530914711765775,0.024523224905478362
2516,4.532915075468266,0.0004313420371449402,4.532915075468267,0.02488674492610295
2517,4.534915439170758,0.00043809695755311423,4.534915439170758,0.025371094868218674
2518,4.536915802873249,0.0004454005363629598,4.536915802873249,0.025979248985181176
2519,4.538916166575741,0.0004532770105523618,4.538916166575741,0.026716240541121424
2520,4.540916530278232,0.00046175334979301104,4.540916530278232,0.027589252713235285
2521,4.542916893980723,0.00047085948362013766,4.542916893980723,0.028607774711471898
2522,4.544917257683215,0.00048062856107359485,4.544917257683214,0.02978382861583362
2523,4.546917621385706,0.0004910972470215199,4.546917621385706,0.031132275171358567
2524,4.548917985088197,0.0005023060601246441,4.548917985088197,0.03267120981018347
2525,4.550918348790689,0.0005142997582805525,4.550918348790689,0.034422463498570394
2526,4.55291871249318,0.0005271277784324268,4.55291871249318,0.036412226580360724
2527,4.554919076195671,0.0005408447388719172,4.554919076195672,0.03867181741720464
2528,4.556919439898163,0.0005555110136553936,4.556919439898163,0.04123862085897735
2529,4.558919803600654,0.0005711933905430317,4.558919803600655,0.044157223484985915
2530,4.560920167303146,0.0005879658260302269,4.560920167303146,0.047480771348452855
2531,4.562920531005637,0.000605910313658044,4.562920531005637,0.0512725683318225
2532,4.564920894708128,0.0006251178849748974,4.564920894708128,0.055607913254984404
2533,4.56692125841062,0.0006456897664143494,4.56692125841062,0.06057613118455633
2534,4.568921622113111,0.0006677387201334803,4.568921622113111,0.06628267114826461
2535,4.570921985815602,0.0006913906027509649,4.570921985815603,0.07285098887653356
2536,4.572922349518094,0.0007167861832286369,4.572922349518094,0.08042366123607832
2537,4.574922713220585,0.0007440832702379496,4.574922713220586,0.08916171544438792
2538,4.576923076923077,0.000773459210741231,4.576923076923077,0.099240399877907
2539,4.578923440625568,0.000805113835850768,4.5789234406255686,0.11083846229620839
2540,4.58092380432806,0.000839272948170745,4.58092380432806,0.12411638698929109
2541,4.582924168030551,0.0008761924679249806,4.582924168030551,0.13917720011924478
2542,4.5849245317330425,0.0009161633847633918,4.584924531733042,0.15600235232108667
2543,4.5869248954355335,0.0009595177002962226,4.5869248954355335,0.1743573468012352
2544,4.588925259138025,0.001006635595941636,4.5889252591380245,0.19367200543802596
2545,4.590925622840516,0.0010579541254526026,4.590925622840516,0.21292449524945448
2546,4.592925986543007,0.0011139778168488277,4.592925986543007,0.23059649267129068
2547,4.594926350245499,0.0011752916818647124,4.594926350245499,0.24479796331787193
2548,4.59692671394799,0.001242577282925997,4.59692671394799,0.25363218973969104
2549,4.598927077650481,0.0013166327130127108,4.598927077650482,0.25573966442408586
2550,4.600927441352973,0.001398397624030795,4.600927441352973,0.25077949029786156
2551,4.602927805055464,0.0014889848257575759,4.602927805055464,0.23956097375135457
2552,4.604928168757956,0.001589720516094875,4.604928168757955,0.22373823792243214
2553,4.606928532460447,0.0017021959629920762,4.606928532460447,0.20526486236600344
2554,4.608928896162938,0.0018283345430332163,4.608928896162938,0.18590524570360062
2555,4.61092925986543,0.0019704796111535863,4.61092925986543,0.1669728294497896
2556,4.612929623567921,0.0021315109798177526,4.612929623567921,0.14928869974683034
2557,4.614929987270412,0.002315001220617208,4.614929987270413,0.13326707264392737
2558,4.616930350972904,0.0025254282080156946,4.616930350972904,0.11903862627615393
2559,4.618930714675395,0.002768468362823304,4.618930714675396,0.10656137905631624
2560,4.620931078377886,0.0030514077087843085,4.620931078377887,0.09570213274715098
2561,4.622931442080378,0.003383728217048,4.622931442080378,0.08628925236100064
2562,4.624931805782869,0.0037779604556393708,4.624931805782869,0.07814366942273086
2563,4.626932169485361,0.0042509502736580475,4.626932169485361,0.07109534374207574
2564,4.628932533187852,0.00482578593540655,4.628932533187852,0.06499081190935246
2565,4.630932896890343,0.005534809410382077,4.630932896890344,0.05969564350604112
2566,4.632933260592835,0.006424465565481234,4.632933260592835,0.055094197195473614
2567,4.634933624295326,0.007563382354815603,4.634933624295327,0.05108808981612067
2568,4.636933987997817,0.009056370256358331,4.636933987997818,0.04759417176989106
2569,4.638934351700309,0.011069788024457959,4.63893435170031,0.04454242945572678
2570,4.6409347154028,0.013879938401790083,4.640934715402801,0.0418740204308975
2571,4.642935079105292,0.01797106063151865,4.642935079105292,0.039539527467148367
2572,4.644935442807783,0.024247606167109692,4.644935442807783,0.03749745417484042
2573,4.646935806510274,0.03452861877712359,4.646935806510275,0.03571295328639294
2574,4.648936170212766,0.05277124051377685,4.648936170212766,0.034156764763517866
2575,4.650936533915257,0.0880021722555044,4.650936533915257,0.032804336385579766
2576,4.6529368976177485,0.15717080454135035,4.6529368976177485,0.031635099733678076
2577,4.6549372613202395,0.24478711314216975,4.6549372613202395,0.030631876936039845
2578,4.6569376250227315,0.21739531407866708,4.6569376250227315,0.029780396809232123
2579,4.6589379887252225,0.12778800174470678,4.6589379887252225,0.02906890241403051
2580,4.660938352427714,0.07454984231511377,4.660938352427714,0.02848783521464652
2581,4.662938716130205,0.04850329084060461,4.6629387161302045,0.02802958385695492
2582,4.664939079832697,0.035449828285555145,4.664939079832696,0.02768828804155119
2583,4.666939443535188,0.02891346673802117,4.666939443535187,0.0274596900889085
2584,4.668939807237679,0.02620771030326572,4.668939807237679,0.027341028627380876
2585,4.670940170940171,0.026363263699055048,4.67094017094017,0.027330970439471778
2586,4.672940534642662,0.029433530120838075,4.672940534642662,0.02742957793793347
2587,4.674940898345153,0.03653135178493466,4.674940898345153,0.02763831106978168
2588,4.676941262047645,0.05063374769058313,4.676941262047645,0.027960063720156622
2589,4.678941625750136,0.07888238832143768,4.678941625750136,0.028399235964980615
2590,4.680941989452627,0.13644930957810006,4.680941989452628,0.028961844857469613
2591,4.682942353155119,0.22722522621070038,4.682942353155118,0.029655677885900646
2592,4.68494271685761,0.23784992541798386,4.68494271685761,0.03049049486773369
2593,4.686943080560102,0.14710388331219337,4.686943080560101,0.031478285908571095
2594,4.688943444262593,0.08262918949414752,4.688943444262593,0.032633595212186034
2595,4.690943807965084,0.05006051239450318,4.690943807965084,0.03397392302907227
2596,4.692944171667576,0.033047659012490495,4.692944171667576,0.035520220899562346
2597,4.694944535370067,0.023365270936943426,4.694944535370067,0.03729749855103933
2598,4.696944899072558,0.01740512300914033,4.696944899072559,0.03933556420166652
2599,4.69894526277505,0.013494257732123822,4.69894526277505,0.04166992324339957
2600,4.700945626477541,0.01079343364174107,4.700945626477542,0.04434286256403804
2601,4.702945990180032,0.008849805408396236,4.702945990180032,0.04740474764098484
2602,4.704946353882524,0.007403270664651967,4.704946353882524,0.0509155542439795
2603,4.706946717585015,0.006296350273911096,4.706946717585015,0.054946641146041475
2604,4.708947081287507,0.005429359089427945,4.708947081287507,0.059582735884782606
2605,4.710947444989998,0.004736761712902078,4.710947444989998,0.06492403718236986
2606,4.712947808692489,0.004174052057819121,4.71294780869249,0.07108820956955844
2607,4.714948172394981,0.0037101446544904135,4.714948172394981,0.07821181634569675
2608,4.716948536097472,0.0033227895406296166,4.7169485360974726,0.08645034133235083
2609,4.718948899799963,0.002995714619050643,4.718948899799964,0.09597529492863172
2610,4.720949263502455,0.0027167909772629942,4.7209492635024555,0.10696587293355957
2611,4.722949627204946,0.0024768235244250836,4.722949627204946,0.11959115556236462
2612,4.724949990907437,0.0022687348440207744,4.7249499909074375,0.1339770056730973
2613,4.7269503546099285,0.0020870026591556243,4.7269503546099285,0.15015032180079083
2614,4.7289507183124195,0.0019272646471691598,4.72895071831242,0.16795406949635622
2615,4.730951082014911,0.0017860359857049739,4.730951082014911,0.1869336371194373
2616,4.732951445717403,0.0016605042763640247,4.732951445717403,0.20621451408594244
2617,4.734951809419894,0.0015483784964615914,4.734951809419894,0.22442617871634457
2618,4.736952173122386,0.0014477762714166721,4.736952173122386,0.239764547473737
2619,4.738952536824877,0.0013571387212934817,4.738952536824877,0.25028207710409933
2620,4.740952900527368,0.0012751654139914832,4.740952900527369,0.25439507498540515
2621,4.74295326422986,0.00120076416106015,4.742953264229859,0.251417228913655
2622,4.744953627932351,0.001133011895740842,4.744953627932351,0.2418206059643584
2623,4.746953991634842,0.0010711239135964517,4.746953991634842,0.22705414013640476
2624,4.748954355337334,0.001014429486060311,4.748954355337334,0.20903925377362487
2625,4.750954719039825,0.0009623523755777692,4.750954719039825,0.18963716157620478
2626,4.752955082742317,0.000914395153349171,4.752955082742317,0.1703115416925589
2627,4.754955446444808,0.000870126491040824,4.754955446444808,0.15202804445508938
2628,4.756955810147299,0.0008291707961369856,4.7569558101473,0.13531191556356947
2629,4.758956173849791,0.000791199707457138,4.758956173849791,0.12036701054399031
2630,4.760956537552282,0.0007559250770863374,4.760956537552283,0.10719350203455491
2631,4.762956901254773,0.0007230931476469168,4.762956901254773,0.0956787488493627
2632,4.764957264957265,0.0006924796966419814,4.764957264957265,0.0856582073559327
2633,4.766957628659756,0.0006638859676651668,4.766957628659756,0.07695225956675082
2634,4.768957992362247,0.0006371352453210541,4.768957992362247,0.06938642216174395
2635,4.770958356064739,0.0006120699594550301,4.770958356064739,0.06280112604266182
2636,4.77295871976723,0.0005885492267514458,4.77295871976723,0.05705541065083746
2637,4.774959083469722,0.00056644675541125,4.774959083469722,0.05202731135148991
2638,4.776959447172213,0.0005456490525754065,4.776959447172213,0.04761260814606177
2639,4.778959810874704,0.0005260538852534117,4.778959810874705,0.043722886852292774
2640,4.780960174577196,0.0005075689543826133,4.780960174577195,0.040283426752622004
2641,4.782960538279687,0.0004901107487654488,4.782960538279687,0.0372311733802627
2642,4.784960901982178,0.00047360355138028194,4.784960901982178,0.03451291151319924
2643,4.78696126568467,0.0004579785752234454,4.78696126568467,0.03208367598205625
2644,4.788961629387161,0.0004431732096372085,4.788961629387161,0.029905398428972656
2645,4.790961993089652,0.0004291303611848093,4.7909619930896525,0.027945769899511037
2646,4.7929623567921436,0.0004157978756854872,4.7929623567921436,0.02617729234935117
2647,4.794962720494635,0.0004031280301265036,4.7949627204946355,0.024576491247358907
2648,4.7969630841971265,0.00039107708491098524,4.7969630841971265,0.02312326336537281
2649,4.7989634478996175,0.0003796048883476928,4.798963447899618,0.02180033688863445
2650,4.8009638116021085,0.0003686745264950201,4.8009638116021085,0.02059282428858964
2651,4.8029641753046,0.00035825201248103344,4.8029641753046,0.019487851547468685
2652,4.804964539007091,0.0003483060102681914,4.804964539007091,0.018474250130451078
2653,4.806964902709583,0.0003388075885444958,4.806964902709583,0.01754230051230487
2654,4.808965266412074,0.0003297300010250632,4.808965266412074,0.016683518090737186
2655,4.810965630114566,0.0003210484899579699,4.810965630114566,0.015890473995801263
2656,4.812965993817057,0.0003127401100613335,4.812965993817057,0.01515664468100766
2657,4.814966357519549,0.0003047835704875317,4.814966357519549,0.014476285304752702
2658,4.81696672122204,0.0002971590927252991,4.81696672122204,0.013844322823979165
2659,4.818967084924532,0.0002898482826200505,4.818967084924532,0.013256265463432485
2660,4.820967448627023,0.00028283401492424856,4.820967448627022,0.012708125825580143
2661,4.822967812329514,0.00027610032898848586,4.822967812329514,0.012196355394665381
2662,4.824968176032006,0.0002696323343757171,4.824968176032005,0.011717788585264594
2663,4.826968539734497,0.0002634161253292599,4.826968539734497,0.011269594808666888
2664,4.828968903436988,0.0002574387031536168,4.828968903436988,0.010849237293708274
2665,4.83096926713948,0.0002516879056786951,4.83096926713948,0.010454437613776553
2666,4.832969630841971,0.0002461523430748574,4.832969630841971,0.010083145047838986
2667,4.834969994544462,0.00024082133937070786,4.834969994544463,0.009733510047886028
2668,4.836970358246954,0.00023568487909932215,4.836970358246954,0.009403861204138724
2669,4.838970721949445,0.00023073355856307177,4.838970721949446,0.009092685197473598
2670,4.840971085651937,0.0002259585412637304,4.840971085651936,0.008798609309680287
2671,4.842971449354428,0.00022135151709424083,4.842971449354428,0.008520386129449609
2672,4.844971813056919,0.00021690466493206345,4.844971813056919,0.008256880147947268
2673,4.846972176759411,0.00021261061831257306,4.846972176759411,0.008007055984456219
2674,4.848972540461902,0.00020846243389483374,4.848972540461902,0.0077699680215555615
2675,4.850972904164393,0.00020445356246206542,4.850972904164394,0.007544751261953537
2676,4.852973267866885,0.00020057782222569824,4.852973267866885,0.007330613246532469
2677,4.854973631569376,0.00019682937422539122,4.854973631569377,0.007126826896257367
2678,4.856973995271867,0.0001932026996382845,4.856973995271868,0.006932724160108299
2679,4.858974358974359,0.00018969257882936184,4.8589743589743595,0.006747690367692257
2680,4.86097472267685,0.00018629407199129621,4.86097472267685,0.006571159199194071
2681,4.8629750863793415,0.00018300250123689445,4.8629750863793415,0.006402608197220445
2682,4.8649754500818325,0.00017981343402046537,4.8649754500818325,0.006241554755237625
2683,4.8669758137843235,0.00017672266777612994,4.866975813784324,0.00608755252595821
2684,4.868976177486815,0.0001737262156716946,4.868976177486815,0.0059401882004502604
2685,4.8709765411893065,0.00017082029338610515,4.870976541189307,0.00579907861509468
2686,4.8729769048917975,0.00016800130682697039,4.872976904891798,0.00566386814898627
2687,4.874977268594289,0.00016526584071228646,4.87497726859429,0.005534226379075943
2688,4.87697763229678,0.00016261064794730588,4.876977632296781,0.005409845964417632
2689,4.878977995999272,0.00016003263973366118,4.878977995999273,0.005290440734391638
2690,4.880978359701763,0.00015752887635343712,4.880978359701763,0.005175743958822837
2691,4.882978723404255,0.00015509655857587234,4.882978723404255,0.005065506780549466
2692,4.884979087106746,0.00015273301963890295,4.884979087106746,0.004959496793298459
2693,4.886979450809238,0.00015043571776189008,4.886979450809237,0.0048574967497204
2694,4.888979814511729,0.00014820222914953355,4.888979814511729,0.004759303386185966
2695,4.890980178214221,0.0001460302414503856,4.89098017821422,0.004664726352469954
2696,4.892980541916712,0.00014391754763639592,4.892980541916712,0.0045735872357852815
2697,4.894980905619203,0.0001418620402726934,4.894980905619203,0.004485718669802915
2698,4.896981269321695,0.0001398617061493462,4.896981269321695,0.0044009635203205765
2699,4.898981633024186,0.00013791462124911164,4.898981633024186,0.004319174140151567
2700,4.900981996726677,0.00013601894602727264,4.900981996726677,0.00424021168660053
2701,4.902982360429169,0.00013417292098157828,4.902982360429168,0.0041639454955997935
2702,4.90498272413166,0.0001323748624920195,4.90498272413166,0.004090252507199992
2703,4.906983087834152,0.00013062315891175307,4.906983087834151,0.004019016737661955
2704,4.908983451536643,0.00012891626689195824,4.908983451536643,0.003950128793882782
2705,4.910983815239134,0.00012725270792469468,4.910983815239134,0.003883485426324707
2706,4.912984178941626,0.00012563106508907792,4.912984178941626,0.003818989116998211
2707,4.914984542644117,0.0001240499799871745,4.914984542644117,0.0037565476993957764
2708,4.916984906346608,0.00012250814985703546,4.916984906346609,0.0036960740075759383
2709,4.9189852700491,0.00012100432485123758,4.9189852700491,0.0036374855518717794
2710,4.920985633751591,0.00011953730547013922,4.920985633751591,0.0035807042189394283
2711,4.922985997454083,0.00011810594013984572,4.922985997454082,0.0035256559940816867
2712,4.924986361156574,0.00011670912292562096,4.924986361156574,0.0034722707039749967
2713,4.926986724859065,0.00011534579137211801,4.926986724859065,0.003420481778104446
2714,4.9289870885615565,0.00011401492446244234,4.9289870885615565,0.0033702260273666008
2715,4.9309874522640476,0.00011271554068860894,4.9309874522640476,0.003321443438442591
2716,4.932987815966539,0.00011144669622647475,4.9329878159665395,0.003274076982668903
2717,4.9349881796690305,0.00011020748320872162,4.9349881796690305,0.0032280724382491134
2718,4.9369885433715215,0.00010899702808989547,4.936988543371522,0.0031833782247511363
2719,4.9389889070740125,0.00010781449009791674,4.938988907074013,0.0031399452489288366
2720,4.940989270776504,0.00010665905976686863,4.940989270776504,0.0030977267609893218
2721,4.942989634478995,0.00010552995754620728,4.942989634478995,0.0030566782205044374
2722,4.944989998181487,0.00010442643248186216,4.944989998181487,0.0030167571712322303
2723,4.946990361883978,0.00010334776096501001,4.946990361883978,0.002977923124177676
2724,4.948990725586469,0.00010229324554456137,4.94899072558647,0.0029401374482770273
2725,4.950991089288961,0.00010126221379967814,4.950991089288961,0.002903363268142584
2726,4.952991452991452,0.00010025401726886739,4.952991452991453,0.0028675653683499346
2727,4.954991816693944,9.926803043241784e-05,4.954991816693944,0.002832710103793199
2728,4.956992180396435,9.830364974516377e-05,4.956992180396436,0.0027987653156711007
2729,4.958992544098927,9.736029271674097e-05,4.958992544098927,0.002765700252702873
2730,4.960992907801418,9.643739703667907e-05,4.960992907801418,0.002733485497203852
2731,4.96299327150391,9.553441974184998e-05,4.962993271503909,0.002702092895680823
2732,4.964993635206401,9.465083642393665e-05,4.964993635206401,0.0026714954936327777
2733,4.966993998908893,9.378614047473005e-05,4.966993998908892,0.002641667474268061
2734,4.968994362611384,9.293984236720893e-05,4.968994362611384,0.0026125841008701653
2735,4.970994726313875,9.211146897046191e-05,4.970994726313875,0.002584221662565745
2736,4.972995090016367,9.130056289664806e-05,4.972995090016367,0.002556557423266159
2737,4.974995453718858,9.050668187828804e-05,4.974995453718858,0.0025295695735718477
2738,4.976995817421349,8.972939817428022e-05,4.97699581742135,0.002503237185443671
2739,4.978996181123841,8.896829800314028e-05,4.978996181123841,0.002477540169460586
2740,4.980996544826332,8.82229810020414e-05,4.980996544826332,0.0024524592344954636
2741,4.982996908528823,8.749305971031713e-05,4.982996908528823,0.002427975849653792
2742,4.984997272231315,8.677815907617324e-05,4.984997272231315,0.0024040722083304624
2743,4.986997635933806,8.607791598541918e-05,4.986997635933806,0.002380731194250872
2744,4.988997999636298,8.53919788110992e-05,4.988997999636298,0.0023579363493713497
2745,4.990998363338789,8.47200069829748e-05,4.990998363338789,0.002335671843523375
2746,4.99299872704128,8.406167057585581e-05,4.992998727041281,0.0023139224456934643
2747,4.994999090743772,8.341664991584716e-05,4.994999090743772,0.0022926734968386955
2748,4.996999454446263,8.278463520362322e-05,4.9969994544462635,0.002271910884144093
2749,4.998999818148754,8.216532615388847e-05,4.9989998181487545,0.0022516210166350936
2750,5.0010001818512455,8.155843165023932e-05,5.0010001818512455,0.002231790802063594
2751,5.0030005455537365,8.096366941467598e-05,5.0030005455537365,0.0022124076249921015
2752,5.0050009092562275,8.038076569105514e-05,5.0050009092562275,0.0021934593260049934
2753,5.007001272958719,7.980945494181941e-05,5.007001272958719,0.00217493418198109
2754,5.0090016366612105,7.924947955736764e-05,5.0090016366612105,0.002156820887365707
2755,5.011002000363702,7.870058957746587e-05,5.011002000363702,0.002139108536384441
2756,5.013002364066193,7.816254242413583e-05,5.013002364066193,0.0021217866061449355
2757,5.015002727768684,7.763510264547873e-05,5.015002727768685,0.0021048449405758544
2758,5.017003091471176,7.711804166992942e-05,5.017003091471176,0.0020882737351560657
2759,5.019003455173667,7.661113757045683e-05,5.019003455173668,0.0020720635223894775
2760,5.021003818876158,7.611417483825158e-05,5.021003818876158,0.0020562051579842856
2761,5.02300418257865,7.56269441654701e-05,5.02300418257865,0.002040689807697448
2762,5.025004546281141,7.514924223662248e-05,5.025004546281141,0.0020255089348081446
2763,5.027004909983632,7.468087152821094e-05,5.027004909983633,0.0020106542881857107
2764,5.029005273686124,7.422164011625242e-05,5.029005273686124,0.001996117890920113
2765,5.031005637388616,7.377136149133099e-05,5.031005637388616,0.0019818920294845293
2766,5.033006001091107,7.332985438084395e-05,5.033006001091107,0.0019679692434018442
2767,5.035006364793599,7.289694257812837e-05,5.035006364793599,0.001954342315388172
2768,5.03700672849609,7.2472454778161e-05,5.03700672849609,0.0019410042619484858
2769,5.039007092198582,7.20562244195483e-05,5.039007092198582,0.0019279483244005354
2770,5.041007455901073,7.164808953253228e-05,5.041007455901072,0.0019151679603050125
2771,5.043007819603564,7.12478925927509e-05,5.043007819603564,0.0019026568352808165
2772,5.045008183306056,7.085548038050858e-05,5.045008183306055,0.0018904088151858911
2773,5.047008547008547,7.047070384532059e-05,5.047008547008547,0.0018784179586448385
2774,5.049008910711038,7.009341797550549e-05,5.049008910711038,0.0018666785099059656
2775,5.05100927441353,6.972348167261588e-05,5.05100927441353,0.0018551848920110438
2776,5.053009638116021,6.936075763050219e-05,5.053009638116021,0.0018439317002623488
2777,5.055010001818513,6.900511221881514e-05,5.055010001818513,0.0018329136959720838
2778,5.057010365521004,6.86564153707658e-05,5.057010365521004,0.0018221258004804388
2779,5.059010729223495,6.831454047496334e-05,5.059010729223496,0.0018115630894289805
2780,5.061011092925987,6.797936427116605e-05,5.061011092925986,0.0018012207872771242
2781,5.063011456628478,6.765076674978476e-05,5.063011456628478,0.0017910942620497792
2782,5.065011820330969,6.732863105498461e-05,5.065011820330969,0.0017811790203052327
2783,5.0670121840334605,6.701284339124217e-05,5.0670121840334605,0.0017714707023126068
2784,5.069012547735952,6.670329293321786e-05,5.069012547735952,0.001761965077429115
2785,5.071012911438443,6.639987173880979e-05,5.0710129114384435,0.0017526580396675477
2786,5.0730132751409345,6.61024746652646e-05,5.0730132751409345,0.0017435456034452321
2787,5.0750136388434255,6.581099928822363e-05,5.075013638843426,0.001734623899505881
2788,5.077014002545917,6.552534582358702e-05,5.077014002545917,0.001725889171006474
2789,5.079014366248408,6.524541705208883e-05,5.079014366248409,0.0017173377697614523
2790,5.081014729950899,6.49711182464739e-05,5.081014729950899,0.0017089661526371717
2791,5.083015093653391,6.470235710117839e-05,5.083015093653391,0.001700770878089668
2792,5.085015457355882,6.443904366441662e-05,5.085015457355882,0.0016927486028393912
2793,5.087015821058373,6.418109027258063e-05,5.087015821058374,0.00168489607867664
2794,5.089016184760865,6.392841148686638e-05,5.089016184760865,0.0016772101493919944
2795,5.091016548463356,6.368092403204108e-05,5.091016548463357,0.0016696877478260886
2796,5.093016912165847,6.343854673726988e-05,5.093016912165848,0.0016623258930335847
2797,5.095017275868339,6.320120047892637e-05,5.09501727586834,0.0016551216875562214
2798,5.09701763957083,6.296880812531201e-05,5.097017639570831,0.0016480723148003234
2799,5.099018003273322,6.274129448321242e-05,5.099018003273323,0.00164117503651412
2800,5.101018366975813,6.251858624622497e-05,5.101018366975813,0.0016344271903607024
2801,5.103018730678304,6.230061194479014e-05,5.103018730678305,0.001627826187582414
2802,5.105019094380796,6.208730189786585e-05,5.105019094380796,0.0016213695107529034
2803,5.107019458083287,6.187858816618488e-05,5.107019458083288,0.0016150547116130173
2804,5.109019821785779,6.167440450703665e-05,5.109019821785779,0.001608879408987125
2805,5.111020185488271,6.147468633052036e-05,5.111020185488271,0.0016028412867764136
2806,5.113020549190762,6.127937065721593e-05,5.113020549190762,0.0015969380920260459
2807,5.115020912893253,6.108839607722147e-05,5.115020912893254,0.0015911676330630515
2808,5.117021276595745,6.0901702710510195e-05,5.117021276595745,0.0015855277777021282
2809,5.119021640298236,6.0719232168559754e-05,5.119021640298235,0.0015800164515165046
2810,5.121022004000728,6.0540927517208525e-05,5.121022004000727,0.001574631636171289
2811,5.123022367703219,6.0366733240697696e-05,5.123022367703218,0.0015693713678167577
2812,5.12502273140571,6.019659520685623e-05,5.12502273140571,0.0015642337355391564
2813,5.127023095108202,6.003046063339078e-05,5.127023095108201,0.0015592168798667888
2814,5.129023458810693,5.986827805524191e-05,5.129023458810693,0.0015543189913291124
2815,5.131023822513184,5.970999729296985e-05,5.131023822513184,0.0015495383090668498
2816,5.133024186215676,5.955556942213583e-05,5.133024186215676,0.001544873119491026
2817,5.135024549918167,5.940494674364489e-05,5.135024549918167,0.0015403217549891108
2818,5.137024913620658,5.9258082755017385e-05,5.1370249136206585,0.001535882592676368
2819,5.1390252773231495,5.911493212255905e-05,5.139025277323149,0.00153155405319074
2820,5.1410256410256405,5.8975450654399686e-05,5.1410256410256405,0.0015273345995295443
2821,5.143026004728132,5.883959527437093e-05,5.1430260047281315,0.001523222735926445
2822,5.145026368430623,5.8707323996697024e-05,5.145026368430623,0.0015192170067671274
2823,5.1470267321331145,5.857859590147048e-05,5.1470267321331145,0.0015153159955422762
2824,5.149027095835606,5.845337111088871e-05,5.149027095835606,0.0015115183238364042
2825,5.151027459538097,5.833161076622621e-05,5.151027459538097,0.0015078226503512685
2826,5.153027823240588,5.8213277005518634e-05,5.153027823240589,0.0015042276699625333
2827,5.15502818694308,5.809833294193689e-05,5.15502818694308,0.001500732112808519
2828,5.157028550645571,5.79867426428289e-05,5.157028550645572,0.0014973347434098219
2829,5.159028914348062,5.787847110940787e-05,5.159028914348062,0.0014940343598187278
2830,5.161029278050554,5.77734842570674e-05,5.161029278050554,0.0014908297927973128
2831,5.163029641753045,5.7671748896303854e-05,5.163029641753045,0.001487719905023242
2832,5.165030005455537,5.757323271422691e-05,5.165030005455537,0.001484703590322245
2833,5.167030369158028,5.7477904256640925e-05,5.167030369158028,0.0014817797729263732
2834,5.169030732860519,5.7385732910679155e-05,5.16903073286052,0.0014789474067570829
2835,5.171031096563011,5.7296688887974634e-05,5.171031096563011,0.0014762054747323413
2836,5.173031460265502,5.7210743208351615e-05,5.173031460265503,0.0014735529880968651
2837,5.175031823967993,5.712786768402153e-05,5.175031823967994,0.0014709889857747508
2838,5.177032187670485,5.704803490426944e-05,5.177032187670486,0.0014685125337436952
2839,5.179032551372976,5.697121822061612e-05,5.179032551372976,0.0014661227244301056
2840,5.181032915075468,5.6897391732441875e-05,5.181032915075468,0.0014638186761243726
2841,5.183033278777959,5.6826530273059195e-05,5.183033278777959,0.0014615995324156622
2842,5.185033642480451,5.675860939622127e-05,5.185033642480451,0.001459464461645553
2843,5.187034006182942,5.6693605363053706e-05,5.187034006182942,0.0014574126563799265
2844,5.189034369885434,5.663149512939817e-05,5.189034369885434,0.0014554433328984957
2845,5.191034733587925,5.657225633355597e-05,5.191034733587925,0.0014535557307014215
2846,5.193035097290417,5.651586728442089e-05,5.193035097290417,0.0014517491120324497
2847,5.195035460992908,5.646230694999057e-05,5.195035460992908,0.0014500227614180723
2848,5.197035824695399,5.6411554946246074e-05,5.1970358246954,0.001448375985222172
2849,5.199036188397891,5.636359152638997e-05,5.19903618839789,0.001446808111215707
2850,5.201036552100382,5.631839757043348e-05,5.201036552100382,0.0014453184881609393
2851,5.203036915802873,5.627595457512331e-05,5.203036915802873,0.001443906485409785
2852,5.2050372795053645,5.623624464419951e-05,5.2050372795053645,0.0014425714925158373
2853,5.207037643207856,5.619925047897616e-05,5.207037643207856,0.001441312918859677
2854,5.2090380069103475,5.6164955369236114e-05,5.2090380069103475,0.0014401301932870489
2855,5.2110383706128385,5.613334318443269e-05,5.2110383706128385,0.0014390227637595537
2856,5.2130387343153295,5.610439836518991e-05,5.21303873431533,0.0014379900970174623
2857,5.215039098017821,5.6078105915095055e-05,5.215039098017821,0.0014370316782543386
2858,5.217039461720312,5.6054451392775435e-05,5.217039461720313,0.0014361470108030967
2859,5.219039825422803,5.603342090425347e-05,5.219039825422803,0.0014353356158332109
2860,5.221040189125295,5.601500109557319e-05,5.221040189125295,0.0014345970320587358
2861,5.223040552827786,5.599917914569213e-05,5.223040552827786,0.0014339308154568662
2862,5.225040916530278,5.5985942759632405e-05,5.225040916530278,0.0014333365389967365
2863,5.227041280232769,5.597528016188546e-05,5.227041280232769,0.0014328137923781939
2864,5.22904164393526,5.596718009006475e-05,5.229041643935261,0.0014323621817802854
2865,5.231042007637752,5.5961631788801236e-05,5.231042007637752,0.0014319813296192025
2866,5.233042371340243,5.5958625003876346e-05,5.233042371340244,0.001431670874315446
2867,5.235042735042734,5.5958149976587825e-05,5.235042735042735,0.0014314304700699823
2868,5.237043098745226,5.596019743834339e-05,5.237043098745226,0.0014312597866491658
2869,5.239043462447717,5.596475860547811e-05,5.239043462447717,0.0014311585091782188
2870,5.241043826150208,5.597182517429073e-05,5.241043826150208,0.0014311263379430666
2871,5.2430441898527,5.598138931629526e-05,5.2430441898527,0.0014311629882003266
2872,5.245044553555191,5.59934436736835e-05,5.245044553555191,0.001431268189995277
2873,5.247044917257683,5.600798135499495e-05,5.247044917257683,0.0014314416879876164
2874,5.249045280960174,5.6024995930990236e-05,5.249045280960174,0.0014316832412848528
2875,5.251045644662665,5.6044481430725154e-05,5.251045644662666,0.0014319926232831458
2876,5.253046008365157,5.606643233782097e-05,5.253046008365157,0.0014323696215154697
2877,5.255046372067648,5.6090843586929146e-05,5.255046372067649,0.0014328140375069217
2878,5.25704673577014,5.611771056038649e-05,5.25704673577014,0.0014333256866370559
2879,5.259047099472631,5.614702908505821e-05,5.259047099472631,0.0014339043980090955
2880,5.261047463175123,5.617879542936636e-05,5.261047463175122,0.0014345500143258983
2881,5.263047826877614,5.621300630050084e-05,5.263047826877614,0.0014352623917725583
2882,5.265048190580106,5.624965884181066e-05,5.265048190580105,0.0014360413999055164
2883,5.267048554282597,5.6288750630373045e-05,5.267048554282597,0.0014368869215480805
2884,5.269048917985089,5.63302796747385e-05,5.269048917985088,0.001437798852692242
2885,5.27104928168758,5.637424441284939e-05,5.27104928168758,0.001438777102406703
2886,5.273049645390071,5.642064371013055e-05,5.273049645390071,0.0014398215927509984
2887,5.2750500090925625,5.6469476857749804e-05,5.2750500090925625,0.00144093225869565
2888,5.2770503727950535,5.652074357104695e-05,5.2770503727950535,0.0014421090480482494
2889,5.2790507364975445,5.657444398812959e-05,5.2790507364975445,0.0014433519213854092
2890,5.281051100200036,5.663057866863431e-05,5.2810511002000355,0.0014446608519904883
2891,5.2830514639025274,5.6689148592652016e-05,5.2830514639025274,0.0014460358257970512
2892,5.2850518276050185,5.6750155159816273e-05,5.2850518276050185,0.001447476841337963
2893,5.28705219130751,5.68136001885533e-05,5.28705219130751,0.0014489839097001035
2894,5.289052555010001,5.687948591549296e-05,5.289052555010001,0.0014505570544846018
2895,5.291052918712493,5.694781499503977e-05,5.291052918712493,0.0014521963117725834
2896,5.293053282414984,5.7018590499103027e-05,5.293053282414984,0.0014539017300963459
2897,5.295053646117475,5.709181591698567e-05,5.295053646117476,0.0014556733704159603
2898,5.297054009819967,5.716749515543122e-05,5.297054009819967,0.0014575113061012276
2899,5.299054373522458,5.724563253882813e-05,5.299054373522458,0.0014594156229189841
2900,5.301054737224949,5.732623280957182e-05,5.301054737224949,0.0014613864190257096
2901,5.303055100927441,5.7409301128583446e-05,5.303055100927441,0.0014634238049654285
2902,5.305055464629932,5.749484307598573e-05,5.305055464629932,0.0014655279036728688
2903,5.307055828332423,5.758286465193595e-05,5.307055828332424,0.0014676988504818823
2904,5.309056192034915,5.767337227761562e-05,5.309056192034915,0.0014699367931390902
2905,5.311056555737406,5.776637279637755e-05,5.311056555737407,0.0014722418918227773
2906,5.313056919439898,5.786187347505064e-05,5.313056919439898,0.0014746143191669899
2907,5.315057283142389,5.7959882005402056e-05,5.31505728314239,0.0014770542602908871
2908,5.31705764684488,5.8060406505758366e-05,5.317057646844881,0.0014795619128332997
2909,5.319058010547372,5.816345552278537e-05,5.319058010547372,0.001482137486992547
2910,5.321058374249863,5.8269038033427537e-05,5.321058374249863,0.0014847812055714864
2911,5.323058737952354,5.8377163447008444e-05,5.323058737952355,0.0014874933040278518
2912,5.325059101654846,5.848784160749206e-05,5.325059101654846,0.0014902740305298558
2913,5.327059465357337,5.860108279590676e-05,5.327059465357338,0.0014931236460171212
2914,5.329059829059829,5.8716897732933054e-05,5.329059829059829,0.0014960424242669364
2915,5.33106019276232,5.8835297581655784e-05,5.331060192762321,0.001499030651965892
2916,5.333060556464812,5.8956293950482576e-05,5.333060556464812,0.0015020886287869096
2917,5.335060920167303,5.907989889623005e-05,5.335060920167304,0.001505216667471734
2918,5.337061283869795,5.9206124927378726e-05,5.337061283869795,0.0015084150939188893
2919,5.339061647572286,5.933498500749931e-05,5.339061647572286,0.0015116842472772
2920,5.3410620112747775,5.946649255885105e-05,5.341062011274777,0.001515024480044871
2921,5.3430623749772685,5.960066146615459e-05,5.3430623749772685,0.001518436158174241
2922,5.34506273867976,5.973750608054165e-05,5.34506273867976,0.0015219196611822125
2923,5.3470631023822515,5.9877041223683005e-05,5.3470631023822515,0.00152547538226648
2924,5.3490634660847425,6.001928219209707e-05,5.3490634660847425,0.0015291037284275698
2925,5.3510638297872335,6.0164244761642285e-05,5.351063829787234,0.0015328051205968159
2926,5.353064193489725,6.0311945192194694e-05,5.353064193489725,0.0015365799937703045
2927,5.355064557192216,6.0462400232513626e-05,5.355064557192216,0.0015404287971489115
2928,5.357064920894708,6.0615627125299155e-05,5.357064920894708,0.0015443519942844872
2929,5.359065284597199,6.077164361244252e-05,5.359065284597198,0.0015483500632322898
2930,5.36106564829969,6.0930467940474144e-05,5.36106564829969,0.0015524234967097892
2931,5.363066012002182,6.109211886621135e-05,5.363066012002181,0.0015565728022618884
2932,5.365066375704673,6.125661566260904e-05,5.365066375704673,0.0015607985024327403
2933,5.367066739407164,6.142397812481787e-05,5.367066739407164,0.0015651011349441988
2934,5.369067103109656,6.159422657645201e-05,5.369067103109656,0.0015694812528810873
2935,5.371067466812147,6.176738187607082e-05,5.371067466812147,0.0015739394248833506
2936,5.373067830514638,6.194346542387896e-05,5.373067830514639,0.0015784762353452722
2937,5.37506819421713,6.212249916864778e-05,5.37506819421713,0.001583092284621834
2938,5.377068557919621,6.230450561486256e-05,5.377068557919622,0.0015877881892424216
2939,5.379068921622113,6.248950783010084e-05,5.379068921622112,0.0015925645821319538
2940,5.381069285324604,6.267752945264456e-05,5.381069285324604,0.001597422112839656
2941,5.383069649027095,6.286859469933253e-05,5.383069649027095,0.001602361447775569
2942,5.385070012729587,6.306272837365688e-05,5.385070012729587,0.0016073832704550273
2943,5.387070376432078,6.325995587410846e-05,5.387070376432078,0.0016124882817512038
2944,5.389070740134569,6.346030320277767e-05,5.38907074013457,0.0016176772001559843
2945,5.391071103837061,6.366379697421464e-05,5.391071103837061,0.0016229507620492579
2946,5.393071467539552,6.387046442455479e-05,5.393071467539553,0.001628309721976929
2947,5.395071831242043,6.408033342091648e-05,5.395071831242044,0.001633754852937739
2948,5.397072194944535,6.429343247107549e-05,5.397072194944536,0.0016392869466792038
2949,5.399072558647026,6.450979073342278e-05,5.399072558647026,0.0016449068140028046
2950,5.401072922349518,6.472943802721336e-05,5.401072922349518,0.0016506152850787254
2951,5.403073286052009,6.495240484311041e-05,5.403073286052009,0.0016564132097703023
2952,5.4050736497545,6.517872235403431e-05,5.405073649754501,0.0016623014579684968
2953,5.407074013456992,6.540842242632155e-05,5.407074013456992,0.0016682809199365784
2954,5.409074377159484,6.564153763120174e-05,5.409074377159484,0.0016743525066653382
2955,5.411074740861975,6.587810125660108e-05,5.411074740861975,0.0016805171502390405
2956,5.4130751045644665,6.611814731927883e-05,5.4130751045644665,0.0016867758042124717
2957,5.4150754682669575,6.636171057730543e-05,5.4150754682669575,0.0016931294439992792
2958,5.4170758319694485,6.660882654289201e-05,5.417075831969449,0.0016995790672720175
2959,5.41907619567194,6.685953149557778e-05,5.4190761956719395,0.0017061256943740936
2960,5.4210765593744314,6.711386249578576e-05,5.4210765593744314,0.0017127703687440552
2961,5.423076923076923,6.737185739875687e-05,5.4230769230769225,0.0017195141573524513
2962,5.425077286779414,6.763355486886962e-05,5.425077286779414,0.0017263581511517074
2963,5.427077650481905,6.789899439435857e-05,5.427077650481905,0.0017333034655392973
2964,5.429078014184397,6.816821630243915e-05,5.429078014184397,0.0017403512408346684
2965,5.431078377886888,6.844126177485077e-05,5.431078377886888,0.0017475026427702222
2966,5.433078741589379,6.871817286383017e-05,5.43307874158938,0.00175475886299685
2967,5.435079105291871,6.899899250852456e-05,5.435079105291871,0.001762121119604346
2968,5.437079468994362,6.928376455185717e-05,5.437079468994363,0.0017695906576572328
2969,5.439079832696853,6.957253375785887e-05,5.439079832696853,0.0017771687497463485
2970,5.441080196399345,6.986534582947604e-05,5.441080196399345,0.0017848566965567678
2971,5.443080560101836,7.016224742686927e-05,5.443080560101836,0.0017926558274524403
2972,5.445080923804328,7.046328618621719e-05,5.445080923804328,0.0018005675010781554
2973,5.447081287506819,7.07685107390366e-05,5.447081287506819,0.001808593105979243
2974,5.44908165120931,7.107797073203737e-05,5.449081651209311,0.0018167340612396782
2975,5.451082014911802,7.139171684752345e-05,5.451082014911802,0.0018249918171390246
2976,5.453082378614293,7.17098008243573e-05,5.453082378614294,0.0018333678558289269
2977,5.455082742316784,7.203227547950439e-05,5.455082742316785,0.0018418636920296326
2978,5.457083106019276,7.235919473017269e-05,5.457083106019277,0.0018504808737473107
2979,5.459083469721767,7.269061361656486e-05,5.459083469721767,0.001859220983012672
2980,5.461083833424258,7.302658832526275e-05,5.461083833424259,0.0018680856366417233
2981,5.46308419712675,7.336717621325937e-05,5.46308419712675,0.0018770764870192135
2982,5.465084560829241,7.371243583265972e-05,5.465084560829242,0.001886195222905641
2983,5.467084924531733,7.40624269560704e-05,5.467084924531733,0.0018954435702684565
2984,5.469085288234224,7.441721060269586e-05,5.469085288234225,0.0019048232931383696
2985,5.471085651936715,7.477684906516592e-05,5.471085651936716,0.0019143361944914676
2986,5.473086015639207,7.514140593711338e-05,5.473086015639207,0.0019239841171581062
2987,5.475086379341698,7.551094614152572e-05,5.475086379341699,0.0019337689447593755
2988,5.477086743044189,7.588553595989514e-05,5.477086743044189,0.0019436926026720894
2989,5.479087106746681,7.626524306218952e-05,5.479087106746681,0.001953757059023303
2990,5.481087470449172,7.665013653766974e-05,5.481087470449172,0.0019639643257152524
2991,5.483087834151664,7.704028692658153e-05,5.483087834151664,0.001974316459481881
2992,5.485088197854155,7.743576625274601e-05,5.485088197854155,0.001984815562977887
2993,5.4870885615566465,7.783664805707773e-05,5.4870885615566465,0.0019954637859015637
2994,5.489088925259138,7.82430074320613e-05,5.4890889252591375,0.0020062633261524413
2995,5.491089288961629,7.86549210572127e-05,5.491089288961629,0.002017216431025106
2996,5.49308965266412,7.907246723556068e-05,5.49308965266412,0.002028325398440292
2997,5.495090016366612,7.949572593117697e-05,5.495090016366612,0.002039592578214723
2998,5.497090380069103,7.992477880779033e-05,5.4970903800691024,0.0020510203733709103
2999,5.499090743771594,8.035970926852023e-05,5.499090743771594,0.002062611241488506
3000,5.501091107474086,8.080060249676357e-05,5.501091107474085,0.0020743676960985006
3001,5.503091471176577,8.124754549827298e-05,5.503091471176577,0.00208629230812201
3002,5.505091834879069,8.170062714446716e-05,5.505091834879068,0.002098387707355074
3003,5.50709219858156,8.215993821700917e-05,5.50709219858156,0.0021106565840013185
3004,5.509092562284051,8.262557145369936e-05,5.509092562284051,0.00212310169025406
3005,5.511092925986543,8.309762159572206e-05,5.511092925986543,0.0021357258419298503
3006,5.513093289689034,8.357618543629201e-05,5.513093289689034,0.0021485319201551794
3007,5.515093653391525,8.406136187074959e-05,5.515093653391526,0.002161522873108507
3008,5.517094017094017,8.455325194814915e-05,5.517094017094016,0.0021747017178195033
3009,5.519094380796508,8.505195892439266e-05,5.519094380796508,0.002188071542027847
3010,5.521094744498999,8.555758831696212e-05,5.521094744498999,0.002201635506103634
3011,5.523095108201491,8.607024796130182e-05,5.523095108201491,0.0022153968450319556
3012,5.525095471903982,8.659004806890835e-05,5.525095471903982,0.0022293588704638888
3013,5.527095835606474,8.7117101287188e-05,5.527095835606474,0.0022435249728366743
3014,5.529096199308965,8.765152276113836e-05,5.529096199308965,0.0022578986235655433
3015,5.531096563011456,8.819343019692233e-05,5.531096563011457,0.002272483377310216
3016,5.533096926713948,8.87429439273953e-05,5.533096926713948,0.002287282874318769
3017,5.535097290416439,8.930018697965569e-05,5.53509729041644,0.00230230084285214
3018,5.53709765411893,8.986528514469154e-05,5.53709765411893,0.002317541101692269
3019,5.539098017821422,9.043836704919303e-05,5.539098017821422,0.0023330075627374133
3020,5.541098381523913,9.101956422960898e-05,5.541098381523913,0.002348704233687923
3021,5.543098745226404,9.160901120853011e-05,5.543098745226405,0.0023646352208263554
3022,5.545099108928896,9.220684557347648e-05,5.545099108928896,0.002380804731895537
3023,5.547099472631387,9.281320805817875e-05,5.547099472631388,0.002397217079078797
3024,5.549099836333879,9.34282426264444e-05,5.549099836333879,0.002413876682086344
3025,5.55110020003637,9.405209655869713e-05,5.5511002000363705,0.0024307880713524328
3026,5.553100563738861,9.468492054129329e-05,5.5531005637388615,0.0024479558913476506
3027,5.5551009274413525,9.532686875871139e-05,5.555100927441353,0.00246538490401144
3028,5.5571012911438435,9.597809898872196e-05,5.5571012911438435,0.0024830799923096325
3029,5.5591016548463354,9.663877270065026e-05,5.5591016548463354,0.0025010461639225737
3030,5.5611020185488265,9.730905515684183e-05,5.5611020185488265,0.0025192885550691466
3031,5.563102382251318,9.798911551745254e-05,5.563102382251318,0.0025378124344727876
3032,5.565102745953809,9.867912694868967e-05,5.565102745953809,0.0025566232074753638
3033,5.567103109656301,9.937926673462945e-05,5.567103109656301,0.0025757264203056227
3034,5.569103473358792,0.00010008971639274794,5.569103473358792,0.0025951277645086903
3035,5.571103837061284,0.00010081066179330995,5.571103837061284,0.002614833081543999
3036,5.573104200763775,0.00010154229328275523,5.573104200763775,0.002634848367558818
3037,5.575104564466266,0.00010228480581124454,5.575104564466267,0.002655179778345538
3038,5.577104928168758,0.00010303839906451827,5.577104928168757,0.0026758336344906296
3039,5.579105291871249,0.00010380327760023778,5.579105291871249,0.002696816426724275
3040,5.58110565557374,0.00010457965098898642,5.58110565557374,0.002718134821479486
3041,5.583106019276232,0.00010536773396010742,5.583106019276232,0.002739795666670618
3042,5.585106382978723,0.00010616774655257115,5.585106382978723,0.002761805997701097
3043,5.587106746681214,0.00010697991427107395,5.587106746681214,0.002784173043711302
3044,5.589107110383706,0.00010780446824756973,5.589107110383706,0.0028069042340775853
3045,5.591107474086197,0.00010864164540845498,5.591107474086197,0.002830007205174373
3046,5.593107837788689,0.00010949168864763685,5.593107837788689,0.002853489807411896
3047,5.59510820149118,0.00011035484700571346,5.59510820149118,0.002877360112562474
3048,5.597108565193671,0.00011123137585552416,5.597108565193671,0.002901626421389559
3049,5.599108928896163,0.00011212153709432106,5.599108928896162,0.0029262972715938394
3050,5.601109292598654,0.00011302559934283664,5.601109292598654,0.002951381446092227
3051,5.603109656301145,0.0001139438381515336,5.603109656301145,0.0029768879816457453
3052,5.605110020003637,0.00011487653621432986,5.605110020003637,0.0030028261778539222
3053,5.607110383706128,0.00011582398359011091,5.607110383706128,0.0030292056065335973
3054,5.609110747408619,0.00011678647793235984,5.60911074740862,0.003056036121501856
3055,5.611111111111111,0.00011776432472724003,5.611111111111111,0.003083327868783101
3056,5.613111474813602,0.00011875783754049039,5.613111474813603,0.0031110912972623296
3057,5.615111838516094,0.00011976733827351239,5.615111838516094,0.003139337169807108
3058,5.617112202218585,0.00012079315742903222,5.617112202218585,0.003168076574882919
3059,5.619112565921076,0.0001218356343867608,5.619112565921076,0.0031973209386872087
3060,5.621112929623568,0.00012289511768947476,5.621112929623568,0.003227082037829808
3061,5.623113293326059,0.00012397196533997417,5.623113293326059,0.003257372012588268
3062,5.62511365702855,0.00012506654510939692,5.6251136570285505,0.003288203380769226
3063,5.6271140207310415,0.00012617923485738115,5.6271140207310415,0.0033195890522079953
3064,5.6291143844335325,0.00012731042286460287,5.629114384433533,0.0033515423439414503
3065,5.631114748136024,0.00012846050817824243,5.631114748136024,0.0033840769960905874
3066,5.633115111838515,0.00012962990097095065,5.633115111838516,0.0034172071884923656
3067,5.635115475541007,0.00013081902291392419,5.635115475541007,0.003450947558122001
3068,5.637115839243498,0.00013202830756473338,5.637115839243498,0.0034853132173505606
3069,5.63911620294599,0.0001332582007705616,5.639116202945989,0.0035203197730845374
3070,5.641116566648481,0.0001345091610875744,5.641116566648481,0.003555983346838262
3071,5.643116930350973,0.0001357816602171493,5.643116930350972,0.003592320595792229
3072,5.645117294053464,0.00013707618345975002,5.645117294053464,0.0036293487348951054
3073,5.647117657755955,0.00013839323018727224,5.647117657755955,0.0036670855600699132
3074,5.649118021458447,0.0001397333143347146,5.649118021458447,0.0037055494725901587
3075,5.651118385160938,0.0001410969649120921,5.651118385160938,0.0037447595046949684
3076,5.653118748863429,0.00014248472653755284,5.65311874886343,0.003784735346518325
3077,5.655119112565921,0.00014389715999270169,5.655119112565921,0.003825497374411418
3078,5.657119476268412,0.00014533484280119868,5.657119476268412,0.0038670666807440164
3079,5.659119839970904,0.0001467983698317622,5.659119839970903,0.003909465105275545
3080,5.661120203673395,0.00014828835392674569,5.661120203673395,0.003952715268194334
3081,5.663120567375886,0.00014980542655755624,5.663120567375886,0.003996840604929346
3082,5.665120931078378,0.00015135023850821778,5.665120931078378,0.00404186540284761
3083,5.667121294780869,0.00015292346058847815,5.667121294780869,0.004087814839957606
3084,5.66912165848336,0.0001545257843779346,5.669121658483361,0.004134715025749111
3085,5.671122022185852,0.00015615792300272102,5.671122022185852,0.004182593044308522
3086,5.673122385888343,0.00015782061194640357,5.673122385888344,0.004231476999860518
3087,5.675122749590834,0.00015951460989682435,5.675122749590835,0.004281396064897166
3088,5.677123113293326,0.0001612406996307196,5.677123113293326,0.0043323805310694
3089,5.679123476995817,0.00016299968893805636,5.679123476995817,0.004384461863028057
3090,5.681123840698309,0.00016479241158815077,5.681123840698309,0.004437672755417943
3091,5.6831242044008,0.00016661972833972497,5.6831242044008,0.004492047193243046
3092,5.685124568103291,0.00016848252799722742,5.685124568103292,0.004547620515840255
3093,5.687124931805783,0.00017038172851583917,5.687124931805783,0.0046044294847165665
3094,5.689125295508274,0.00017231827815775882,5.6891252955082745,0.004662512355527503
3095,5.691125659210765,0.00017429315670251645,5.6911256592107655,0.004721908954495814
3096,5.6931260229132565,0.00017630737671421007,5.693126022913257,0.004782660759596428
3097,5.6951263866157475,0.00017836198486875907,5.695126386615748,0.004844810986859599
3098,5.697126750318239,0.00018045806334445608,5.6971267503182395,0.004908404682176184
3099,5.6991271140207305,0.00018259673127928383,5.6991271140207305,0.004973488819020584
3100,5.7011274777232215,0.00018477914629869813,5.701127477723222,0.005040112402545212
3101,5.703127841425713,0.00018700650611781493,5.703127841425713,0.005108326580538782
3102,5.705128205128204,0.00018928005022215568,5.705128205128204,0.005178184761786914
3103,5.707128568830696,0.00019160106163142003,5.707128568830696,0.0052497427424207195
3104,5.709128932533187,0.00019397086875099154,5.709128932533187,0.005323058840894003
3105,5.711129296235679,0.00019639084731621807,5.711129296235679,0.005398194042289394
3106,5.71312965993817,0.00019886242243483636,5.71312965993817,0.005475212152718342
3107,5.715130023640662,0.00020138707073323698,5.715130023640662,0.005554179964654899
3108,5.717130387343153,0.0002039663226126677,5.717130387343152,0.0056351674341217515
3109,5.719130751045644,0.00020660176462187943,5.719130751045644,0.005718247870739098
3110,5.721131114748136,0.00020929504195312898,5.721131114748135,0.005803498141744338
3111,5.723131478450627,0.0002120478610689471,5.723131478450627,0.005890998891203774
3112,5.725131842153119,0.00021486199246758509,5.725131842153118,0.005980834775758755
3113,5.72713220585561,0.0002177392735955611,5.72713220585561,0.006073094718388854
3114,5.729132569558101,0.00022068161191636865,5.729132569558101,0.006167872181826059
3115,5.731132933260593,0.00022369098814497914,5.731132933260593,0.006265265463428516
3116,5.733133296963084,0.0002267694596584891,5.733133296963084,0.0063653780135123
3117,5.735133660665575,0.00022991916409399342,5.735133660665576,0.006468318779358379
3118,5.737134024368067,0.00023314232314552622,5.737134024368066,0.006574202577351387
3119,5.739134388070558,0.0002364412465727929,5.739134388070558,0.006683150495982394
3120,5.741134751773049,0.0002398183364353457,5.741134751773049,0.006795290332751527
3121,5.743135115475541,0.00024327609156681436,5.743135115475541,0.006910757068355441
3122,5.745135479178032,0.0002468171123049194,5.745135479178032,0.007029693381932026
3123,5.747135842880524,0.00025044410549416733,5.747135842880524,0.0071522502115799495
3124,5.749136206583015,0.0002541598897793444,5.749136206583015,0.007278587364867661
3125,5.751136570285506,0.00025796740120937725,5.751136570285507,0.007408874184617885
3126,5.753136933987998,0.0002618696991725397,5.753136933987998,0.007543290275895457
3127,5.755137297690489,0.0002658699726856539,5.7551372976904895,0.007682026300864624
3128,5.75713766139298,0.000269971547061688,5.75713766139298,0.007825284849015984
3129,5.759138025095472,0.0002741778909820303,5.759138025095472,0.0079732813912242
3130,5.761138388797963,0.0002784926240018269,5.761138388797963,0.008126245327188624
3131,5.763138752500454,0.0002829195245190482,5.7631387525004545,0.00828442113706901
3132,5.7651391162029455,0.00028746253824036135,5.7651391162029455,0.00844806964956608
3133,5.7671394799054365,0.0002921257871796238,5.767139479905437,0.008617469440361188
3134,5.769139843607928,0.00029691357922774996,5.769139843607928,0.008792918376738287
3135,5.771140207310419,0.00030183041833584546,5.77114020731042,0.008974735326427362
3136,5.7731405710129104,0.000306881015357102,5.773140571012911,0.009163262051263284
3137,5.775140934715402,0.0003120702995966816,5.775140934715403,0.009358865309228956
3138,5.777141298417893,0.0003174034311230742,5.777141298417893,0.009561939191898917
3139,5.779141662120384,0.00032288581389900524,5.779141662120385,0.009772907728327632
3140,5.781142025822876,0.0003285231097949629,5.781142025822876,0.009992227791118398
3141,5.783142389525367,0.00033432125355398965,5.783142389525368,0.010220392345912249
3142,5.785142753227859,0.0003402864687824667,5.785142753227859,0.010457934091978798
3143,5.787143116930351,0.0003464252850482414,5.787143116930351,0.010705429549180153
3144,5.789143480632842,0.00035274455617485205,5.789143480632842,0.010963503655509547
3145,5.791143844335334,0.0003592514798287164,5.791143844335334,0.011232834949972653
3146,5.793144208037825,0.0003659536185049916,5.793144208037825,0.011514161428079617
3147,5.795144571740316,0.00037285892202780274,5.795144571740317,0.011808287172075157
3148,5.797144935442808,0.00037997575169129385,5.797144935442807,0.012116089875706795
3149,5.799145299145299,0.0003873129061800836,5.799145299145299,0.012438529404443534
3150,5.80114566284779,0.0003948796494210432,5.80114566284779,0.012776657557303783
3151,5.803146026550282,0.0004026857405330167,5.803146026550282,0.013131629226764127
3152,5.805146390252773,0.00041074146605757204,5.805146390252773,0.01350471518966946
3153,5.807146753955265,0.00041905767467209046,5.807146753955265,0.013897316806054617
3154,5.809147117657756,0.0004276458146066456,5.809147117657756,0.014310982955971295
3155,5.811147481360247,0.0004365179740088345,5.811147481360248,0.014747429608933358
3156,5.813147845062739,0.00044568692452568327,5.813147845062739,0.015208562499012947
3157,5.81514820876523,0.0004551661683998988,5.815148208765231,0.015696503474230208
3158,5.817148572467721,0.0004649699894090706,5.817148572467721,0.016213621205668424
3159,5.819148936170213,0.0004751135080113893,5.819148936170213,0.016762567084788526
3160,5.821149299872704,0.0004856127411008008,5.821149299872704,0.017346317312901507
3161,5.823149663575195,0.0004964846668185724,5.823149663575195,0.017968222402486318
3162,5.825150027277687,0.0005077472949176072,5.825150027277687,0.018632065575524864
3163,5.827150390980178,0.0005194197432315954,5.827150390980178,0.019342131871070947
3164,5.8291507546826695,0.0005315223208637752,5.8291507546826695,0.020103290177144167
3165,5.8311511183851605,0.0005440766187806285,5.8311511183851605,0.020921090897885755
3166,5.8331514820876516,0.000557105608575945,5.833151482087652,0.02180188257587756
3167,5.8351518457901435,0.0005706337502608214,5.835151845790143,0.02275295153426606
3168,5.8371522094926345,0.0005846871100377259,5.8371522094926345,0.023782689508063396
3169,5.8391525731951255,0.0005992934891330023,5.8391525731951255,0.02490079532118921
3170,5.841152936897617,0.0006144825648942236,5.841152936897617,0.026118517950449543
3171,5.843153300600108,0.0006302860455094435,5.843153300600108,0.02744894979488109
3172,5.845153664302599,0.0006467378398771233,5.8451536643026,0.02890738059232512
3173,5.847154028005091,0.0006638742443516233,5.847154028005091,0.030511724066006156
3174,5.849154391707582,0.0006817341483140059,5.849154391707583,0.032283030759839425
3175,5.851154755410074,0.0007003592607757142,5.851154755410074,0.034246101068908325
3176,5.853155119112565,0.0007197943605187723,5.853155119112566,0.03643021112750403
3177,5.855155482815056,0.0007400875726177878,5.855155482815056,0.03886995903910364
3178,5.857155846517548,0.0007612906745825218,5.857155846517548,0.041606226462717256
3179,5.859156210220039,0.0007834594358155473,5.859156210220039,0.04468722478111021
3180,5.861156573922531,0.0008066539946075126,5.861156573922531,0.048169545698138874
3181,5.863156937625022,0.0008309392775056618,5.863156937625022,0.05211904612271488
3182,5.865157301327514,0.0008563854666056429,5.865157301327514,0.05661123948978296
3183,5.867157665030005,0.0008830685211502697,5.867157665030005,0.061730599776816567
3184,5.869158028732497,0.0009110707607939686,5.869158028732497,0.06756775681723277
3185,5.871158392434988,0.0009404815190360575,5.871158392434988,0.07421291906612654
3186,5.87315875613748,0.000971397876671713,5.87315875613748,0.08174300092919808
3187,5.875159119839971,0.0010039254866961605,5.87515911983997,0.09019903934073582
3188,5.877159483542462,0.0010381795039752031,5.877159483542462,0.09955020736444838
3189,5.879159847244954,0.0010742856352209322,5.879159847244953,0.10964261718271064
3190,5.881160210947445,0.0011123813274605873,5.881160210947445,0.12013784361997262
3191,5.883160574649936,0.001152617116347599,5.883160574649936,0.13046038948563513
3192,5.885160938352428,0.001195158159448275,5.885160938352428,0.1397931704422777
3193,5.887161302054919,0.0012401859841846398,5.887161302054919,0.14717072460108446
3194,5.88916166575741,0.001287900485595206,5.889161665757411,0.15169290607276523
3195,5.891162029459902,0.0013385222157066207,5.891162029459902,0.15280335552251154
3196,5.893162393162393,0.001392295014363271,5.8931623931623935,0.15049502384505037
3197,5.895162756864885,0.001449489041181192,5.895162756864884,0.14531476709422883
3198,5.897163120567376,0.0015104042803122028,5.897163120567376,0.13816398835202134
3199,5.899163484269867,0.0015753746044827957,5.899163484269867,0.1300201927945775
3200,5.9011638479723585,0.001644772503018612,5.9011638479723585,0.12171912612314191
3201,5.9031642116748495,0.0017190146012024776,5.9031642116748495,0.11385697321119574
3202,5.9051645753773405,0.001798568126530552,5.905164575377341,0.1067920568099591
3203,5.907164939079832,0.00188395851278015,5.907164939079832,0.10069648613232404
3204,5.909165302782323,0.001975778377323459,5.909165302782324,0.09561792746069493
3205,5.9111656664848145,0.0020746981635010333,5.911165666484815,0.09153155206063193
3206,5.913166030187306,0.002181478811680424,5.913166030187307,0.08837682285508089
3207,5.915166393889797,0.0022969869146531267,5.915166393889797,0.08608077892554368
3208,5.917166757592289,0.0024222129317104523,5.917166757592289,0.0845714970956483
3209,5.91916712129478,0.0025582931898398167,5.91916712129478,0.08378518312552347
3210,5.921167484997271,0.0027065366019922254,5.921167484997272,0.08366946192532165
3211,5.923167848699763,0.002868457297838595,5.923167848699763,0.08418457241985054
3212,5.925168212402254,0.003045814714940569,5.925168212402255,0.08530352354149522
3213,5.927168576104745,0.0032406631702687457,5.927168576104746,0.08701183562814362
3214,5.929168939807237,0.0034554135696407834,5.929168939807238,0.0893072240599712
3215,5.931169303509728,0.003692910782192983,5.931169303509729,0.092199425460313
3216,5.93316966721222,0.003956531404700105,5.933169667212221,0.09571028032211717
3217,5.935170030914711,0.004250308307956126,5.935170030914711,0.09987414205695157
3218,5.937170394617203,0.004579090705332075,5.937170394617203,0.10473866392837249
3219,5.939170758319694,0.004948751830331238,5.939170758319694,0.11036601159663566
3220,5.941171122022186,0.005366461143202109,5.941171122022185,0.11683455359463665
3221,5.943171485724677,0.005841045065724326,5.943171485724677,0.1242410905949702
3222,5.945171849427169,0.0063834707703114175,5.945171849427168,0.1327036929946869
3223,5.94717221312966,0.007007503463277069,5.94717221312966,0.14236522041558108
3224,5.949172576832151,0.007730612091414403,5.949172576832151,0.15339758877891355
3225,5.951172940534643,0.008575236825458103,5.951172940534643,0.16600681792328553
3226,5.953173304237134,0.009570593254419855,5.953173304237134,0.18043881303409015
3227,5.955173667939625,0.010755289236159536,5.955173667939625,0.19698566791839422
3228,5.957174031642117,0.01218120033367106,5.957174031642116,0.21599196198480122
3229,5.959174395344608,0.013919344025165602,5.959174395344608,0.2378599477008635
3230,5.9611747590471,0.016069018515315923,5.961174759047099,0.2630515203419265
3231,5.963175122749591,0.018772444398721243,5.963175122749591,0.292083174328019
3232,5.965175486452082,0.02223901834639411,5.965175486452082,0.32550745260828134
3233,5.9671758501545735,0.026787049755047435,5.9671758501545735,0.36387038287915435
3234,5.9691762138570645,0.032918799385864825,5.9691762138570645,0.4076291300800309
3235,5.9711765775595556,0.04146239259134226,5.971176577559556,0.457008894478941
3236,5.9731769412620475,0.053856350509720624,5.9731769412620475,0.5117773215125924
3237,5.9751773049645385,0.07275937449369303,5.9751773049645385,0.570928423922728
3238,5.9771776686670295,0.10345525649737865,5.9771776686670295,0.6323130353717702
3239,5.979178032369521,0.15730356744515808,5.979178032369521,0.6923440166124979
3240,5.981178396072012,0.2601061122574218,5.981178396072012,0.746023613504514
3241,5.983178759774504,0.4627591175365201,5.983178759774504,0.7875874620829746
3242,5.985179123476995,0.7463557454615505,5.985179123476995,0.8118618394292982
3243,5.987179487179486,0.7303952290908166,5.987179487179487,0.8159337816007288
3244,5.989179850881978,0.5022371189064826,5.989179850881978,0.8002760623838177
3245,5.991180214584469,0.34493890224397833,5.99118021458447,0.7686161519479925
3246,5.99318057828696,0.21603163444758314,5.993180578286961,0.7266351713931493
3247,5.995180941989452,0.13716821783539765,5.995180941989452,0.6802947100216457
3248,5.997181305691943,0.09505367932073605,5.997181305691943,0.6345892244842092
3249,5.999181669394434,0.07194297793292567,5.999181669394435,0.5930097474524761
3250,6.001182033096926,0.059165188157760215,6.001182033096926,0.5575514674494855
3251,6.003182396799417,0.05299504386008082,6.003182396799418,0.5289592565135528
3252,6.005182760501909,0.05224859511281342,6.005182760501909,0.5069844566606692
3253,6.0071831242044,0.05768950566158985,6.007183124204401,0.4905620567751258
3254,6.009183487906892,0.07285365585321256,6.009183487906892,0.4779324136196477
3255,6.011183851609383,0.10692217905185762,6.011183851609384,0.4668081854690082
3256,6.013184215311875,0.17679966729114244,6.013184215311875,0.454703160399506
3257,6.015184579014366,0.25908228335388644,6.015184579014366,0.4394534494682711
3258,6.017184942716858,0.21953567626118384,6.017184942716857,0.4197806955717743
3259,6.019185306419349,0.13006037183819438,6.019185306419349,0.3956112171383214
3260,6.02118567012184,0.07836803914908728,6.02118567012184,0.36795391195040167
3261,6.023186033824332,0.05263503307648879,6.023186033824332,0.33841955358118225
3262,6.025186397526823,0.03931627983303829,6.025186397526823,0.3086684172242101
3263,6.027186761229315,0.032353346170107974,6.027186761229315,0.28003252473862245
3264,6.029187124931806,0.029303722807566792,6.029187124931806,0.25337922251950645
3265,6.031187488634297,0.029489412682414326,6.0311874886342975,0.22914777646509835
3266,6.033187852336789,0.03358529196365472,6.033187852336789,0.20746021883063862
3267,6.03518821603928,0.04427625590314829,6.03518821603928,0.18823791038560195
3268,6.037188579741771,0.06807230746447729,6.037188579741771,0.17129373069026474
3269,6.0391889434442625,0.11100455081051608,6.0391889434442625,0.15639446958228723
3270,6.0411893071467535,0.13035777613451088,6.0411893071467535,0.14329852718422728
3271,6.0431896708492445,0.08807778730199167,6.043189670849245,0.13177634244788064
3272,6.045190034551736,0.05107220377884382,6.045190034551736,0.12161992610894913
3273,6.047190398254227,0.03186199300226904,6.047190398254228,0.11264604377850874
3274,6.049190761956719,0.021834575297378915,6.049190761956719,0.10469597812800001
3275,6.05119112565921,0.016116291717044682,6.051191125659211,0.09763363343258816
3276,6.053191489361701,0.01256440396051149,6.053191489361702,0.09134298629979137
3277,6.055191853064193,0.010197733317329741,6.055191853064192,0.08572542165022491
3278,6.057192216766684,0.008529953275759542,6.057192216766684,0.08069722132270561
3279,6.059192580469175,0.007300933481979288,6.059192580469175,0.07618732018178118
3280,6.061192944171667,0.006362033704465955,6.061192944171667,0.07213536281270048
3281,6.063193307874158,0.005623428788105278,6.063193307874158,0.06849005272057467
3282,6.065193671576649,0.0050281998416356,6.06519367157665,0.06520776742797126
3283,6.067194035279141,0.004538792368704975,6.067194035279141,0.06225140652665773
3284,6.069194398981632,0.004129553828495505,6.069194398981633,0.059589439635466535
3285,6.071194762684124,0.0037824278741041078,6.071194762684124,0.057195124046477454
3286,6.073195126386615,0.0034843682736433223,6.073195126386616,0.055045865829042036
3287,6.075195490089106,0.0032257300317327544,6.075195490089106,0.05312270239340382
3288,6.077195853791598,0.0029992368516216367,6.077195853791598,0.05140988856058608
3289,6.079196217494089,0.0027992999212698715,6.079196217494089,0.0498945718729498
3290,6.08119658119658,0.0026215572553167222,6.081196581196581,0.048566546177972694
3291,6.083196944899072,0.0024625552012824455,6.083196944899072,0.04741807546390063
3292,6.085197308601564,0.0023195237862055555,6.085197308601564,0.046443782588837676
3293,6.087197672304055,0.0021902153540912218,6.087197672304055,0.04564060000512872
3294,6.089198036006547,0.0020727867339380506,6.089198036006547,0.04500778191806165
3295,6.091198399709038,0.0019657118874916936,6.091198399709038,0.04454697960213702
3296,6.09319876341153,0.0018677162510499174,6.09319876341153,0.044262383879046546
3297,6.095199127114021,0.0017777267523322923,6.09519912711402,0.04416094105152038
3298,6.097199490816512,0.0016948333117414404,6.097199490816512,0.0442526508305577
3299,6.099199854519004,0.0016182588664335456,6.099199854519003,0.0445509568113326
3300,6.101200218221495,0.001547335795084555,6.101200218221495,0.0450732414446454
3301,6.103200581923986,0.0014814872031000486,6.103200581923986,0.04584143742144957
3302,6.1052009456264775,0.0014202119368848735,6.1052009456264775,0.046882764450217065
3303,6.1072013093289685,0.0013630724867883302,6.1072013093289685,0.0482305918716461
3304,6.1092016730314604,0.0013096851479408452,6.1092016730314604,0.04992540868254803
3305,6.1112020367339515,0.001259711960866542,6.1112020367339515,0.052015845163048746
3306,6.1132024004364425,0.0012128540661281023,6.113202400436443,0.05455962069769839
3307,6.115202764138934,0.0011688461907958564,6.1152027641389335,0.05762416826909559
3308,6.117203127841425,0.0011274520472088808,6.117203127841425,0.061286473121584445
3309,6.119203491543916,0.0010884604719369805,6.119203491543916,0.06563131280710577
3310,6.121203855246408,0.0010516821690605708,6.121203855246408,0.07074654169218106
3311,6.123204218948899,0.0010169469497366467,6.123204218948899,0.07671329081768782
3312,6.12520458265139,0.0009841013816028004,6.125204582651391,0.08358803230685043
3313,6.127204946353882,0.000953006778416108,6.127204946353882,0.09137278720918372
3314,6.129205310056373,0.000923537473557421,6.129205310056374,0.09997043725598859
3315,6.131205673758865,0.0008955793314954592,6.131205673758865,0.10912634597835522
3316,6.133206037461356,0.0008690284596291373,6.133206037461357,0.11836831372421079
3317,6.135206401163847,0.0008437900895853775,6.135206401163847,0.1269752063615904
3318,6.137206764866339,0.0008197776024075891,6.137206764866339,0.134022136290915
3319,6.13920712856883,0.0007969116764020632,6.13920712856883,0.13854307774740687
3320,6.141207492271321,0.000775119539930805,6.141207492271322,0.13979432149895174
3321,6.143207855973813,0.0007543343143152064,6.143207855973813,0.13751096913054972
3322,6.145208219676304,0.000734494434373874,6.145208219676305,0.13200818316202514
3323,6.147208583378795,0.0007155431360619621,6.147208583378796,0.12406062610363323
3324,6.149208947081287,0.0006974280022881515,6.149208947081288,0.11463888237082469
3325,6.151209310783778,0.0006801005593216667,6.151209310783779,0.1046521625540523
3326,6.15320967448627,0.0006635159173163807,6.153209674486271,0.09479714473919244
3327,6.155210038188761,0.0006476324494124042,6.155210038188761,0.08552201474089867
3328,6.157210401891252,0.00063241150465912,6.157210401891253,0.07706230981005281
3329,6.159210765593744,0.0006178171506648472,6.159210765593744,0.0695017510765659
3330,6.161211129296235,0.0006038159424370406,6.161211129296236,0.06282962153774702
3331,6.163211492998727,0.0005903767143512228,6.163211492998727,0.05698400742342654
3332,6.165211856701219,0.0005774703925906165,6.165211856701219,0.0518803212856777
3333,6.16721222040371,0.0005650698257428471,6.16721222040371,0.04742831615934392
3334,6.169212584106201,0.000553149631535015,6.1692125841062015,0.043541282420498505
3335,6.171212947808693,0.0005416860579417481,6.171212947808693,0.04014039321181501
3336,6.173213311511184,0.0005306568571185738,6.173213311511183,0.037156246726609506
3337,6.1752136752136755,0.0005200411708009645,6.175213675213675,0.034528902018718687
3338,6.1772140389161665,0.0005098194259721749,6.177214038916166,0.03220718095190255
3339,6.1792144026186575,0.0004999732397437408,6.1792144026186575,0.030147673626716085
3340,6.181214766321149,0.0004904853325152768,6.1812147663211485,0.02831368161132503
3341,6.18321513002364,0.00048133944858678096,6.18321513002364,0.026674215370477723
3342,6.185215493726131,0.0004725202834898279,6.185215493726131,0.025203096322972844
3343,6.187215857428623,0.0004640134173856027,6.187215857428623,0.02387817861532982
3344,6.189216221131114,0.00045580525394905345,6.189216221131114,0.022680687879022797
3345,6.191216584833605,0.00044788296422116356,6.191216584833606,0.021594666159474547
3346,6.193216948536097,0.00044023443496661715,6.193216948536096,0.020606509356543942
3347,6.195217312238588,0.0004328482211226887,6.195217312238588,0.019704583338848454
3348,6.19721767594108,0.0004257135019681508,6.197217675941079,0.018878905968470566
3349,6.199218039643571,0.00041882004067909977,6.199218039643571,0.018120883833238444
3350,6.201218403346062,0.000412158146972113,6.201218403346062,0.017423094135842518
3351,6.203218767048554,0.00040571864256520277,6.203218767048554,0.016779103742492914
3352,6.205219130751045,0.00039949282921350455,6.205219130751045,0.016183318769864813
3353,6.207219494453536,0.00039347245910030716,6.207219494453537,0.01563085926670825
3354,6.209219858156028,0.0003876497073851962,6.209219858156028,0.015117454533337956
3355,6.211220221858519,0.0003820171467298603,6.21122022185852,0.014639355438122816
3356,6.21322058556101,0.00037656772363896674,6.21322058556101,0.01419326075902036
3357,6.215220949263502,0.00037129473646866154,6.215220949263502,0.01377625512368126
3358,6.217221312965993,0.0003661918149687311,6.217221312965993,0.013385756565156486
3359,6.219221676668485,0.00036125290123661344,6.219221676668485,0.013019472070252234
3360,6.221222040370976,0.0003564722319724491,6.221222040370976,0.012675359789753364
3361,6.223222404073467,0.00035184432193409427,6.223222404073468,0.012351596816925738
3362,6.225222767775959,0.0003473639484999951,6.225222767775959,0.012046551633506757
3363,6.22722313147845,0.0003430261372557573,6.227223131478451,0.01175876047931195
3364,6.229223495180941,0.00033882614852749296,6.229223495180942,0.011486907029574816
3365,6.231223858883433,0.00033475946479160235,6.231223858883434,0.011229804868718208
3366,6.233224222585924,0.0003308217788965415,6.233224222585924,0.010986382334937322
3367,6.235224586288416,0.00032700898303749315,6.235224586288416,0.01075566938031292
3368,6.237224949990907,0.000323317158429779,6.237224949990907,0.010536786149089717
3369,6.239225313693399,0.00031974256563124256,6.239225313693399,0.010328933024539138
3370,6.24122567739589,0.00031628163546785777,6.24122567739589,0.010131381934378682
3371,6.2432260410983815,0.00031293096052053914,6.2432260410983815,0.009943468737521638
3372,6.2452264048008725,0.00030968728713439705,6.2452264048008725,0.009764586542228103
3373,6.2472267685033644,0.0003065475079148043,6.2472267685033644,0.009594179828482138
3374,6.2492271322058555,0.00030350865467738204,6.2492271322058555,0.009431739266456907
3375,6.2512274959083465,0.0003005678918215555,6.251227495908347,0.009276797138878256
3376,6.253227859610838,0.0002977225100997012,6.2532278596108375,0.00912892328851068
3377,6.255228223313329,0.0002949699207559953,6.255228223313329,0.00898772152328209
3378,6.25722858701582,0.0002923076500110384,6.25722858701582,0.00885282642111023
3379,6.259228950718312,0.00028973333387014965,6.259228950718312,0.008723900484567974
3380,6.261229314420803,0.000287244713234841,6.261229314420803,0.008600631602385334
3381,6.263229678123295,0.0002848396292984941,6.263229678123295,0.008482730780614208
3382,6.265230041825786,0.00028251601920869113,6.265230041825786,0.008369930111258767
3383,6.267230405528277,0.00028027191197987775,6.267230405528278,0.008261980950419617
3384,6.269230769230769,0.0002781054246412663,6.269230769230769,0.008158652281642847
3385,6.27123113293326,0.0002760147586059464,6.271231132933261,0.00805972924328463
3386,6.273231496635751,0.00027399819624817793,6.273231496635751,0.007965011801391465
3387,6.275231860338243,0.00027205409767678813,6.275231860338243,0.00787431355190796
3388,6.277232224040734,0.00027018089769343355,6.277232224040734,0.007787460638026089
3389,6.279232587743225,0.0002683771029252851,6.279232587743226,0.0077042907702167
3390,6.281232951445717,0.0002666412891224449,6.281232951445717,0.007624652337986384
3391,6.283233315148208,0.0002649720986110728,6.283233315148209,0.007548403603702639
3392,6.2852336788507,0.00026336823789382984,6.2852336788507,0.0074754119699662475
3393,6.287234042553191,0.00026182847538986075,6.287234042553192,0.007405553312995359
3394,6.289234406255682,0.00026035163930704803,6.289234406255683,0.007338711375351102
3395,6.291234769958174,0.0002589366156398163,6.291234769958174,0.007274777212087174
3396,6.293235133660665,0.000257582346286219,6.293235133660665,0.007213648685069352
3397,6.295235497363156,0.0002562878272784849,6.295235497363156,0.007155230000790457
3398,6.297235861065648,0.000255052107121631,6.297235861065648,0.007099431287516841
3399,6.299236224768139,0.00025387428523512416,6.299236224768139,0.007046168208053306
3400,6.30123658847063,0.0002527535104929358,6.301236588470631,0.006995361604808332
3401,6.303236952173122,0.00025168897985768937,6.303236952173122,0.006946937174193636
3402,6.305237315875613,0.0002506799371049103,6.305237315875614,0.0069008251677004865
3403,6.307237679578105,0.00024972567163368715,6.307237679578105,0.006856960117271602
3404,6.309238043280596,0.0002488255173603574,6.309238043280597,0.0068152805828296924
3405,6.311238406983088,0.0002479788516920741,6.311238406983088,0.006775728920041989
3406,6.313238770685579,0.0002471850945773897,6.313238770685579,0.006738251066591521
3407,6.3152391343880705,0.0002464437076312213,6.31523913438807,0.006702796345399326
3408,6.3172394980905615,0.00024575419333179517,6.3172394980905615,0.006669317283393928
3409,6.319239861793053,0.0002451160942873941,6.3192398617930525,0.006637769444562861
3410,6.321240225495544,0.0002445289925709372,6.321240225495544,0.006608111276142861
3411,6.323240589198035,0.00024399250912062286,6.323240589198035,0.006580303966916425
3412,6.325240952900527,0.0002435063032050662,6.325240952900527,0.006554311316680524
3413,6.327241316603019,0.0002430700719515465,6.327241316603018,0.006530099616042993
3414,6.32924168030551,0.00024268354993616065,6.32924168030551,0.006507637535781518
3415,6.331242044008001,0.000242346508834862,6.331242044008001,0.006486896025073091
3416,6.333242407710492,0.00024205875713453185,6.333242407710492,0.00646784821796645
3417,6.335242771412983,0.00024182013990340333,6.335242771412983,0.006450469347529747
3418,6.337243135115476,0.00024163053862032385,6.337243135115475,0.006434736667158637
3419,6.339243498817967,0.00024148987106250712,6.339243498817966,0.00642062937857925
3420,6.341243862520458,0.00024139809125159066,6.341243862520458,0.006408128566124169
3421,6.343244226222949,0.00024135518945797753,6.343244226222949,0.006397217136900488
3422,6.34524458992544,0.00024136119226360588,6.345244589925441,0.006387879766505385
3423,6.347244953627931,0.00024141616268345129,6.347244953627932,0.0063801028499788645
3424,6.349245317330424,0.0002415202003462383,6.349245317330424,0.006373874457713975
3425,6.351245681032915,0.00024167344173500085,6.351245681032915,0.0063691842960736655
3426,6.353246044735406,0.00024187606048830788,6.353246044735406,0.006366023672489537
3427,6.355246408437897,0.00024212826776314077,6.355246408437897,0.006364385464842395
3428,6.357246772140388,0.00024243031266059592,6.357246772140389,0.006364264094946983
3429,6.359247135842881,0.0002427824827157642,6.35924713584288,0.006365655505984635
3430,6.361247499545372,0.0002431851044533378,6.361247499545372,0.006368557143747199
3431,6.363247863247863,0.00024363854401069152,6.363247863247863,0.006372967941574417
3432,6.365248226950354,0.0002441432078303903,6.365248226950355,0.006378888308884381
3433,6.367248590652845,0.0002446995434242978,6.367248590652846,0.006386320123213508
3434,6.369248954355336,0.0002453080402116814,6.369248954355338,0.006395266725698409
3435,6.371249318057829,0.000245969230433953,6.371249318057829,0.006405732919947274
3436,6.37324968176032,0.0002466836901489289,6.37324968176032,0.006417724974263331
3437,6.375250045462811,0.0002474520403077685,6.375250045462811,0.006431250627197078
3438,6.377250409165302,0.0002482749479180159,6.377250409165303,0.006446319096418281
3439,6.379250772867793,0.00024915312729647865,6.379250772867794,0.006462941090912259
3440,6.3812511365702855,0.00025008734141598844,6.3812511365702855,0.00648112882651897
3441,6.3832515002727765,0.00025107840335041775,6.3832515002727765,0.006500896044846644
3442,6.385251863975268,0.0002521271778227004,6.3852518639752684,0.006522258035605856
3443,6.3872522276777595,0.0002532345828609614,6.3872522276777595,0.006545231662423191
3444,6.3892525913802505,0.00025440159156829047,6.389252591380251,0.006569835392208223
3445,6.3912529550827415,0.00025562923401211806,6.391252955082742,0.006596089328161303
3446,6.393253318785233,0.0002569185992396241,6.393253318785233,0.006624015246524918
3447,6.395253682487725,0.0002582708374261044,6.395253682487724,0.0066536366371959975
3448,6.397254046190216,0.0002596871621637786,6.397254046190216,0.006684978748332974
3449,6.399254409892707,0.0002611688528990692,6.399254409892707,0.006718068635107164
3450,6.401254773595198,0.0002627172575270376,6.401254773595199,0.0067529352127660746
3451,6.403255137297691,0.00026433379515231786,6.40325513729769,0.006789609314193542
3452,6.405255501000182,0.00026601995902661153,6.405255501000182,0.006828123752171689
3453,6.407255864702673,0.00026777731967361264,6.407255864702673,0.0068685133865690595
3454,6.409256228405164,0.0002696075282130392,6.409256228405164,0.006910815196701826
3455,6.411256592107655,0.0002715123198964019,6.411256592107656,0.006955068359137129
3456,6.413256955810146,0.00027349351786810813,6.413256955810146,0.00700131433123272
3457,6.415257319512639,0.0002755530371665818,6.415257319512638,0.007049596940733491
3458,6.41725768321513,0.00027769288898123374,6.417257683215129,0.007099962481773064
3459,6.419258046917621,0.00027991518518241426,6.419258046917621,0.007152459817660164
3460,6.421258410620112,0.0002822221431427953,6.421258410620112,0.007207140490860926
3461,6.423258774322603,0.00028461609087018216,6.423258774322604,0.007264058840625156
3462,6.425259138025096,0.00028709947247334443,6.425259138025095,0.0073232721287412724
3463,6.427259501727587,0.00028967485398422727,6.427259501727587,0.007384840673947687
3464,6.429259865430078,0.00029234492956186655,6.429259865430078,0.007448827995571656
3465,6.431260229132569,0.00029511252810537507,6.43126022913257,0.0075153009670171
3466,6.43326059283506,0.00029798062030572594,6.43326059283506,0.007584329979774144
3467,6.435260956537551,0.00030095232616853397,6.435260956537552,0.0076559891186826325
3468,6.437261320240044,0.0003040309230427931,6.437261320240043,0.007730356349242835
3469,6.439261683942535,0.0003072198541935216,6.439261683942535,0.007807513717837104
3470,6.441262047645026,0.0003105227379596015,6.441262047645026,0.007887547565799019
3471,6.443262411347517,0.0003139433775416345,6.443262411347518,0.007970548758350503
3472,6.445262775050008,0.0003174857714686763,6.445262775050009,0.008056612929514716
3473,6.447263138752501,0.000321154124797021,6.447263138752501,0.008145840744212814
3474,6.449263502454992,0.0003249528610989915,6.449263502454992,0.008238338178857786
3475,6.451263866157483,0.0003288866353050125,6.4512638661574835,0.008334216821879022
3476,6.453264229859974,0.0003329603474679519,6.453264229859974,0.008433594195738095
3477,6.455264593562465,0.0003371791575252122,6.4552645935624655,0.00853659410214155
3478,6.4572649572649565,0.0003415485011410541,6.4572649572649565,0.008643346992310287
3479,6.459265320967448,0.0003460741067194666,6.459265320967448,0.008753990364340842
3480,6.4612656846699394,0.00035076201368649385,6.4612656846699394,0.008868669189881237
3481,6.463266048372431,0.0003556185921505639,6.463266048372431,0.008987536372557475
3482,6.465266412074922,0.00036065056405982403,6.465266412074922,0.009110753240815731
3483,6.467266775777413,0.0003658650259873619,6.467266775777414,0.00923849007810573
3484,6.469267139479905,0.00037126947368817107,6.469267139479905,0.00937092669361173
3485,6.471267503182397,0.00037687182858621996,6.471267503182397,0.009508253037056493
3486,6.473267866884888,0.00038268046636622335,6.473267866884887,0.009650669861449948
3487,6.475268230587379,0.0003887042478625683,6.475268230587379,0.009798389438046635
3488,6.47726859428987,0.00039495255245807826,6.47726859428987,0.009951636328204415
3489,6.479268957992361,0.00040143531422765345,6.479268957992362,0.01011064821732223
3490,6.481269321694854,0.00040816306108695994,6.481269321694853,0.010275676816566706
3491,6.483269685397345,0.0004151469572344167,6.483269685397345,0.01044698883870039
3492,6.485270049099836,0.00042239884920636266,6.485270049099836,0.0106248670549882
3493,6.487270412802327,0.00042993131590051976,6.487270412802328,0.010809611440911476
3494,6.489270776504818,0.0004377577229628554,6.489270776504819,0.011001540419251155
3495,6.491271140207311,0.0004458922819776868,6.491271140207311,0.011200992210046055
3496,6.493271503909802,0.00045435011495141797,6.493271503909801,0.011408326297980751
3497,6.495271867612293,0.00046314732463752624,6.495271867612293,0.011623925028948372
3498,6.497272231314784,0.00047230107131477456,6.497272231314784,0.011848195348861612
3499,6.499272595017275,0.00048182965670400245,6.499272595017276,0.012081570699295014
3500,6.501272958719766,0.0004917526157917065,6.501272958719767,0.012324513086232242
3501,6.503273322422259,0.0005020908174229974,6.503273322422259,0.012577515340117166
3502,6.50527368612475,0.0005128665746338091,6.50527368612475,0.012841103587571852
3503,6.507274049827241,0.0005241037658148125,6.507274049827242,0.013115839957613585
3504,6.509274413529732,0.0005358279679390245,6.509274413529733,0.013402325547990125
3505,6.511274777232223,0.000548066603245357,6.511274777232225,0.013701203680438062
3506,6.513275140934716,0.0005608491009535929,6.513275140934715,0.014013163477280056
3507,6.515275504637207,0.0005742070757968852,6.515275504637207,0.014338943795913694
3508,6.517275868339698,0.0005881745254004684,6.517275868339698,0.014679337562452514
3509,6.519276232042189,0.0006027880488144022,6.5192762320421895,0.015035196551187714
3510,6.52127659574468,0.0006180870888314318,6.5212765957446805,0.0154074366627184
3511,6.523276959447171,0.0006341142010947536,6.523276959447172,0.015797043760716292
3512,6.5252773231496635,0.0006509153534344292,6.5252773231496635,0.01620508013546001
3513,6.5272776868521545,0.000668540259375704,6.5272776868521545,0.016632691671706126
3514,6.5292780505546455,0.0006870427503509781,6.529278050554646,0.01708111580935111
3515,6.5312784142571365,0.0007064811918340689,6.5312784142571365,0.01755169039792685
3516,6.533278777959628,0.0007269189494209789,6.533278777959628,0.018045863560586267
3517,6.53527914166212,0.0007484249118266333,6.535279141662119,0.018565204700185432
3518,6.537279505364611,0.0007710740788803022,6.537279505364611,0.019111416799828255
3519,6.539279869067102,0.0007949482239171133,6.539279869067102,0.019686350193258127
3520,6.541280232769594,0.0008201366415186319,6.541280232769594,0.02029201800742179
3521,6.543280596472085,0.0008467369934037747,6.543280596472085,0.020930613511059012
3522,6.545280960174576,0.000874856267471528,6.545280960174577,0.02160452964022781
3523,6.547281323877069,0.0009046118676259645,6.547281323877068,0.022316381015247185
3524,6.54928168757956,0.0009361328551645814,6.54928168757956,0.02306902881497735
3525,6.551282051282051,0.00096956136630022,6.55128205128205,0.023865608935136996
3526,6.553282414984542,0.0010050542349578245,6.553282414984542,0.024709563929442208
3527,6.555282778687033,0.0010427848555245882,6.555282778687033,0.025604679317956534
3528,6.557283142389526,0.0010829453269615118,6.557283142389525,0.026555124949062238
3529,6.559283506092017,0.0011257489278966274,6.559283506092016,0.02756550222324344
3530,6.561283869794508,0.0011714329823825987,6.561283869794508,0.028640898132732268
3531,6.563284233496999,0.001220262188380147,6.563284233496999,0.029786947246098996
3532,6.56528459719949,0.0012725324963285248,6.565284597199491,0.03100990297758084
3533,6.567284960901981,0.001328575644156094,6.567284960901982,0.03231671973514039
3534,6.569285324604474,0.0013887644787752055,6.569285324604474,0.03371514784884978
3535,6.571285688306965,0.0014535192238045562,6.571285688306964,0.035213843554233945
3536,6.573286052009456,0.0015233148906896826,6.573286052009456,0.036822496758922935
3537,6.575286415711947,0.001598690077813169,6.575286415711947,0.03855197987398957
3538,6.577286779414438,0.001680257462621235,6.577286779414439,0.040414521667223924
3539,6.579287143116931,0.0017687163692710983,6.57928714311693,0.042423910923236954
3540,6.581287506819422,0.0018648678942639527,6.581287506819422,0.04459573571105388
3541,6.583287870521913,0.0019696332023559364,6.583287870521913,0.04694766530844667
3542,6.585288234224404,0.002084075774836192,6.585288234224405,0.0494997833694021
3543,6.587288597926895,0.0022094286159889463,6.587288597926896,0.05227498281486304
3544,6.589288961629386,0.0023471277206417868,6.5892889616293875,0.05529943526068312
3545,6.5912893253318785,0.002498853503475503,6.591289325331878,0.05860315067037468
3546,6.5932896890343695,0.0026665824280300947,6.5932896890343695,0.06222064645181107
3547,6.5952900527368605,0.0028526518057737484,6.5952900527368605,0.06619174954035084
3548,6.5972904164393515,0.003059841744001614,6.597290416439352,0.07056256027036115
3549,6.599290780141843,0.0032914796243786633,6.5992907801418434,0.07538661317091991
3550,6.601291143844335,0.003551574468108114,6.601291143844335,0.08072627732973774
3551,6.603291507546826,0.003844991355059988,6.603291507546826,0.08665444764791783
3552,6.605291871249317,0.004177680119676488,6.605291871249318,0.09325658792934338
3553,6.607292234951808,0.004556978478227739,6.607292234951809,0.10063319663815495
3554,6.6092925986543,0.004992018548614364,6.609292598654301,0.1089027748029504
3555,6.611292962356791,0.0054942790113662815,6.611292962356791,0.11820537989628495
3556,6.613293326059283,0.006078345562429711,6.613293326059283,0.12870684377409017
3557,6.615293689761774,0.006762974235692762,6.615293689761774,0.14060370628548577
3558,6.617294053464266,0.00757260318500935,6.617294053464266,0.1541288499550309
3559,6.619294417166757,0.00853954189380464,6.619294417166757,0.16955768196546964
3560,6.621294780869248,0.009707206511622758,6.621294780869249,0.18721444069217832
3561,6.623295144571741,0.011135010741988137,6.62329514457174,0.2074777105975434
3562,6.625295508274232,0.012905949307999735,6.625295508274232,0.23078335952927992
3563,6.627295871976723,0.015138696906216432,6.627295871976723,0.2576216368318002
3564,6.629296235679214,0.018007546028077113,6.629296235679215,0.2885227776248439
3565,6.631296599381705,0.021776497002081844,6.631296599381705,0.3240218176067858
3566,6.633296963084196,0.02686006520494881,6.633296963084197,0.3645883397175572
3567,6.635297326786689,0.033937166475083436,6.635297326786688,0.41050139278431824
3568,6.63729769048918,0.04417676823688663,6.63729769048918,0.4616471506740474
3569,6.639298054191671,0.05971477553635028,6.639298054191671,0.5172252872577578
3570,6.641298417894162,0.08473634139445832,6.641298417894162,0.575384723762541
3571,6.643298781596653,0.1281067776947978,6.643298781596654,0.6328876914355254
3572,6.645299145299146,0.20990440689409595,6.645299145299145,0.6850183368451052
3573,6.647299509001637,0.37334113666471197,6.647299509001637,0.7260343080527597
3574,6.649299872704128,0.6445844385661433,6.649299872704128,0.7503440401614417
3575,6.651300236406619,0.7226317378634697,6.651300236406619,0.7541624473212535
3576,6.65330060010911,0.45955871535620924,6.65330060010911,0.7368726469560853
3577,6.655300963811601,0.2546471219960393,6.655300963811602,0.7012647840607291
3578,6.6573013275140935,0.15071965683116018,6.657301327514093,0.6524932177262677
3579,6.6593016912165846,0.09712209590806743,6.6593016912165846,0.5964171085770839
3580,6.661302054919076,0.06708241668896782,6.661302054919076,0.5381983454912889
3581,6.663302418621567,0.048872839407001024,6.6633024186215675,0.4816019146248283
3582,6.665302782324058,0.03710314268722572,6.6653027823240585,0.4289317993544479
3583,6.66730314602655,0.02909481829713735,6.66730314602655,0.38131234303957884
3584,6.669303509729041,0.02341555685213736,6.669303509729041,0.3390593447161118
3585,6.671303873431532,0.019249634840184823,6.671303873431532,0.3020036385282631
3586,6.673304237134023,0.016107154592197147,6.673304237134023,0.2697247429716884
3587,6.6753046008365144,0.013680432329139795,6.675304600836515,0.2417004453368893
3588,6.6773049645390055,0.01176874368123288,6.677304964539006,0.21739370371450958
3589,6.679305328241498,0.010236813791577983,6.679305328241498,0.19629816777111347
3590,6.681305691943989,0.008990880009768859,6.681305691943989,0.17795855008134998
3591,6.68330605564648,0.007964343791255771,6.683306055646481,0.16197674360424222
3592,6.685306419348972,0.0071088743576815435,6.685306419348972,0.1480104552888416
3593,6.687306783051463,0.006388725774783221,6.687306783051464,0.13576833088860704
3594,6.689307146753955,0.0057770095877336,6.689307146753955,0.1250037889763991
3595,6.691307510456446,0.005253191844397831,6.691307510456446,0.1155087313839978
3596,6.693307874158938,0.004801376461977424,6.693307874158937,0.10710769330237407
3597,6.695308237861429,0.004409105292846128,6.695308237861429,0.09965266216791929
3598,6.69730860156392,0.004066504798301253,6.69730860156392,0.09301861801584811
3599,6.699308965266411,0.003765669633740986,6.699308965266412,0.08709976105312414
3600,6.701309328968904,0.00350021095882523,6.701309328968903,0.0818063546061694
3601,6.703309692671395,0.0032649210873914075,6.703309692671395,0.077062100178602
3602,6.705310056373886,0.0030555214934600027,6.705310056373886,0.07280196305365773
3603,6.707310420076377,0.0028684713369743985,6.707310420076378,0.06897037450335597
3604,6.709310783778868,0.0027008204702972517,6.709310783778869,0.06551974638687567
3605,6.711311147481361,0.002550095510224525,6.71131114748136,0.06240924378457636
3606,6.713311511183852,0.0024142107504716973,6.713311511183851,0.05960377041393297
3607,6.715311874886343,0.0022913979199637416,6.715311874886343,0.05707312955925125
3608,6.717312238588834,0.0021801503709159547,6.717312238588834,0.05479133005706707
3609,6.719312602291325,0.0020791784109708417,6.719312602291326,0.052736012589634645
3610,6.721312965993816,0.0019873733116739655,6.721312965993817,0.05088797628415719
3611,6.723313329696309,0.0019037781235976105,6.723313329696309,0.0492307895445422
3612,6.7253136933988,0.0018275638697904573,6.7253136933988,0.047750472300324816
3613,6.727314057101291,0.0017580100179040144,6.7273140571012915,0.046435239574564746
3614,6.729314420803782,0.0016944883781759182,6.7293144208037825,0.045275298563553716
3615,6.731314784506273,0.001636449761295038,6.7313147845062735,0.04426269338374174
3616,6.733315148208765,0.0015834128726907892,6.7333151482087645,0.04339119335801879
3617,6.735315511911256,0.0015349550292757287,6.735315511911256,0.042656222251812634
3618,6.7373158756137475,0.0014907043693596898,6.7373158756137475,0.04205482728147008
3619,6.7393162393162385,0.0014503332923940027,6.739316239316239,0.041585688035433464
3620,6.7413166030187295,0.001413552916865488,6.74131660301873,0.04124916667706467
3621,6.7433169667212205,0.001380108385383577,6.743316966721222,0.04104740189460899
3622,6.745317330423713,0.001349774878292204,6.745317330423713,0.040984449908079465
3623,6.747317694126204,0.0013223542228873305,6.747317694126205,0.041066476176589976
3624,6.749318057828695,0.001297672005971775,6.749318057828696,0.041302000775163855
3625,6.751318421531186,0.0012755751141380095,6.751318421531187,0.04170219781472928
3626,6.753318785233677,0.0012559296396853776,6.753318785233678,0.042281243141704325
3627,6.75531914893617,0.0012386191011143364,6.75531914893617,0.04305669206515492
3628,6.757319512638661,0.001223542936210869,6.757319512638661,0.04404984527557405
3629,6.759319876341152,0.0012106152332453254,6.759319876341152,0.045286018683400486
3630,6.761320240043644,0.001199763672083797,6.761320240043644,0.04679455953372713
3631,6.763320603746135,0.0011909286523021799,6.763320603746135,0.048608329497312246
3632,6.765320967448626,0.0011840625899123339,6.765320967448627,0.05076218436838858
3633,6.767321331151118,0.0011791293682249715,6.767321331151118,0.05328970391779992
3634,6.76932169485361,0.0011761039318266581,6.76932169485361,0.056217083370695066
3635,6.771322058556101,0.0011749720157583539,6.7713220585561,0.05955281339377464
3636,6.773322422258592,0.001175730004855053,6.773322422258592,0.0632719081306679
3637,6.775322785961083,0.0011783849209342652,6.775322785961083,0.06729474911793341
3638,6.777323149663576,0.0011829545381942508,6.777323149663575,0.07146421497075495
3639,6.779323513366067,0.0011894676298875948,6.779323513366066,0.07553126900258088
3640,6.781323877068558,0.001197964352161338,6.781323877068558,0.07916624238075325
3641,6.783324240771049,0.001208496773997059,6.783324240771049,0.08201265414327434
3642,6.78532460447354,0.0012211295655507515,6.785324604473541,0.08378207944132711
3643,6.787324968176031,0.0012359408610070396,6.787324968176032,0.08435480732825323
3644,6.789325331878524,0.0012530233164737615,6.789325331878524,0.08383029841777886
3645,6.791325695581015,0.001272485388631702,6.791325695581014,0.08249483753277823
3646,6.793326059283506,0.001294452866045083,6.793326059283506,0.08072798508026545
3647,6.795326422985997,0.0013190706925125908,6.795326422985997,0.0789029201889052
3648,6.797326786688488,0.0013465051309574183,6.7973267866884886,0.07732312198151448
3649,6.7993271503909805,0.0013769463275792894,6.79932715039098,0.0762037027780283
3650,6.8013275140934715,0.001410611349923375,6.8013275140934715,0.07568285169474558
3651,6.8033278777959625,0.0014477477899478193,6.8033278777959625,0.07584521665448005
3652,6.8053282414984535,0.001488638045130659,6.805328241498454,0.07674535302999438
3653,6.8073286052009445,0.001533604418535,6.807328605200945,0.07842634529175532
3654,6.8093289689034355,0.001583015214403965,6.809328968903437,0.0809329130988913
3655,6.811329332605928,0.0016372920518036053,6.811329332605927,0.08431994618885713
3656,6.813329696308419,0.0016969186785136263,6.813329696308419,0.08865757122844495
3657,6.81533006001091,0.0017624516455355074,6.81533006001091,0.0940333519721954
3658,6.817330423713401,0.001834533305868432,6.817330423713402,0.10055143192411603
3659,6.819330787415892,0.0019139077389430075,6.819330787415893,0.10832742548260994
3660,6.821331151118385,0.002001440387621019,6.821331151118385,0.11747661172096031
3661,6.823331514820876,0.0020981424472122216,6.823331514820876,0.12809150932333532
3662,6.825331878523367,0.0022052013936891377,6.825331878523368,0.14020357729501684
3663,6.827332242225858,0.0023240195230016356,6.827332242225859,0.1537237926971515
3664,6.829332605928349,0.0024562630581500345,6.829332605928351,0.16836089983646196
3665,6.831332969630842,0.002603925362105569,6.831332969630841,0.18352852226478486
3666,6.833333333333333,0.002769409223658049,6.833333333333333,0.19827639471892555
3667,6.835333697035824,0.002955635300073764,6.835333697035824,0.21131046989258873
3668,6.837334060738315,0.003166186995913139,6.837334060738316,0.22117384609140678
3669,6.839334424440807,0.003405506982512113,6.839334424440807,0.2266020548435755
3670,6.841334788143298,0.0036791683300966944,6.841334788143299,0.22693686617226191
3671,6.84333515184579,0.003994255790591956,6.84333515184579,0.2223787716681814
3672,6.845335515548282,0.004359913682947304,6.845335515548282,0.21391682215264377
3673,6.847335879250773,0.004788152759649828,6.847335879250773,0.20298274536484687
3674,6.849336242953264,0.005295072381519588,6.849336242953265,0.19103917050872496
3675,6.851336606655755,0.005902772793566007,6.851336606655755,0.1792918745441398
3676,6.853336970358248,0.006642461869035429,6.853336970358247,0.16858345737478417
3677,6.855337334060739,0.007559728786160334,6.855337334060738,0.15942065122604046
3678,6.85733769776323,0.008723967721705778,6.85733769776323,0.15206082707877655
3679,6.859338061465721,0.010246259726395347,6.859338061465721,0.1466046301786188
3680,6.861338425168212,0.012315747103649206,6.861338425168213,0.14307081588589698
3681,6.863338788870703,0.015279582125475383,6.863338788870704,0.1414484791867017
3682,6.8653391525731955,0.019832333453575223,6.8653391525731955,0.1417301420800969
3683,6.8673395162756865,0.027475270571525934,6.8673395162756865,0.14393091779731196
3684,6.8693398799781775,0.041301607648213355,6.869339879978178,0.14809789308570692
3685,6.8713402436806685,0.06281199392455872,6.8713402436806685,0.15431188359192918
3686,6.8733406073831596,0.07230298879318015,6.87334060738316,0.16268149959646452
3687,6.875340971085652,0.06606215767809677,6.8753409710856515,0.17332709130905524
3688,6.877341334788143,0.07228930854877909,6.8773413347881425,0.18634960357371
3689,6.879341698490634,0.10116581079101879,6.879341698490634,0.2017770189575338
3690,6.881342062193125,0.16263186817310754,6.881342062193125,0.2194803569810498
3691,6.883342425895616,0.22027576309453534,6.883342425895617,0.23905566112423698
3692,6.885342789598107,0.18378871890474113,6.885342789598108,0.25968416152511653
3693,6.8873431533006,0.14059520264570766,6.8873431533006,0.2800157253648322
3694,6.889343517003091,0.14347156789983187,6.88934351700309,0.2981654311434344
3695,6.891343880705582,0.19865639851367015,6.891343880705582,0.31193468865228036
3696,6.893344244408073,0.29528780329059645,6.893344244408073,0.31930247287746916
3697,6.895344608110564,0.2911288603521138,6.895344608110565,0.31905169574433007
3698,6.897344971813057,0.19446291556384523,6.897344971813056,0.31121589003898853
3699,6.899345335515548,0.1421503179138486,6.899345335515548,0.2970662350244993
3700,6.901345699218039,0.14170269372920133,6.901345699218039,0.27864756563879495
3701,6.90334606292053,0.18677258374701902,6.903346062920531,0.2581522417072499
3702,6.905346426623021,0.21945207002481354,6.905346426623022,0.23744115003376753
3703,6.907346790325513,0.15878397379930692,6.907346790325514,0.21783605375993312
3704,6.909347154028005,0.09897079576382496,6.909347154028004,0.2001314464619762
3705,6.911347517730496,0.0714663113812556,6.911347517730496,0.18471405442618763
3706,6.913347881432987,0.06617319050732091,6.913347881432987,0.17170230272430045
3707,6.915348245135479,0.07242413232267453,6.915348245135479,0.1610627095541942
3708,6.91734860883797,0.061677740841720036,6.91734860883797,0.15269219538449855
3709,6.919348972540462,0.040338441295971576,6.919348972540462,0.14647031066203392
3710,6.921349336242954,0.02691594892781734,6.921349336242953,0.14228946176701074
3711,6.923349699945445,0.019482021922488164,6.923349699945445,0.14007035809321394
3712,6.925350063647936,0.015030872065387293,6.925350063647936,0.1397675209140378
3713,6.927350427350427,0.012119803855613188,6.927350427350428,0.14136716089458934
3714,6.929350791052918,0.010079517373343231,6.929350791052918,0.14487737207745657
3715,6.9313511547554105,0.008573993665215196,6.93135115475541,0.1503083793531732
3716,6.9333515184579015,0.007419401804353287,6.933351518457901,0.15763861230407306
3717,6.935351882160393,0.006507407746705594,6.935351882160393,0.1667613837679047
3718,6.937352245862884,0.005770142135311496,6.937352245862884,0.17740893166563154
3719,6.939352609565375,0.005162913980683347,6.9393526095653755,0.18905930528381792
3720,6.941352973267867,0.004655071141629237,6.9413529732678665,0.2008513107427226
3721,6.943353336970358,0.004224871395474847,6.943353336970358,0.21156210187266483
3722,6.945353700672849,0.0038564537588496603,6.945353700672849,0.21972205775140413
3723,6.94735406437534,0.003537970455010508,6.947354064375341,0.22391134862855633
3724,6.949354428077831,0.0032603909157904462,6.949354428077831,0.22317381937538264
3725,6.9513547917803225,0.0030167109920209755,6.951354791780323,0.21735332340144475
3726,6.953355155482815,0.0028014152683201654,6.953355155482814,0.20714679530895744
3727,6.955355519185306,0.0026101024377993194,6.955355519185306,0.19383845041685333
3728,6.957355882887797,0.0024392186239434047,6.957355882887797,0.17888405179777514
3729,6.959356246590288,0.002285863905658214,6.959356246590289,0.16356287184418897
3730,6.961356610292779,0.0021476495584980405,6.96135661029278,0.1488060351531946
3731,6.963356973995272,0.002022591111738324,6.963356973995272,0.13518275019562134
3732,6.965357337697763,0.001909027137291949,6.965357337697763,0.12297161798397215
3733,6.967357701400254,0.0018055568147582466,6.967357701400255,0.11225355343997971
3734,6.969358065102745,0.0017109913912501554,6.969358065102745,0.10299252810523027
3735,6.971358428805236,0.001624316056235745,6.971358428805237,0.09509383795739254
3736,6.973358792507727,0.0015446597150319042,6.973358792507728,0.08844146531322412
3737,6.97535915621022,0.0014712708172571586,6.97535915621022,0.08291985036607996
3738,6.977359519912711,0.0014034978730367755,6.977359519912711,0.07842527753402452
3739,6.979359883615202,0.0013407736317745222,6.979359883615203,0.07487072167251307
3740,6.981360247317693,0.0012826021468353827,6.981360247317694,0.07218653053860989
3741,6.983360611020185,0.0012285481321314188,6.983360611020186,0.07031808139291224
3742,6.985360974722677,0.0011782281522586544,6.985360974722677,0.06922055763526576
3743,6.987361338425168,0.0011313032895758327,6.987361338425169,0.06885021026611843
3744,6.989361702127659,0.0010874730086249422,6.989361702127659,0.06915098834779924
3745,6.991362065830151,0.0010464699970843684,6.99136206583015,0.07003563227716877
3746,6.993362429532642,0.0010080558076855685,6.993362429532642,0.07136206015511008
3747,6.995362793235133,0.0009720171606034123,6.995362793235133,0.07291023445560674
3748,6.997363156937625,0.00093816279322184,6.997363156937625,0.07437176806301975
3749,6.999363520640117,0.0009063207657095044,6.999363520640116,0.0753705950352574
3750,7.001363884342608,0.000876336147873703,7.001363884342608,0.07552859395240437
3751,7.003364248045099,0.000848069026317745,7.003364248045099,0.07456621037017502
3752,7.00536461174759,0.0008213927817751613,7.0053646117475905,0.07239414854174156
3753,7.007364975450082,0.0007961925952242132,7.0073649754500815,0.0691415979584337
3754,7.009365339152573,0.0007723641484460046,7.0093653391525725,0.06510206532516956
3755,7.011365702855064,0.0007498124904265275,7.0113657028550636,0.06063168566688351
3756,7.0133660665575555,0.000728451045687843,7.0133660665575555,0.0560558695902251
3757,7.0153664302600465,0.0007082007444742074,7.0153664302600465,0.0516178257792863
3758,7.0173667939625375,0.0006889892578826507,7.017366793962538,0.04746902993551397
3759,7.01936715766503,0.0006707503236429101,7.019367157665029,0.04368441947933066
3760,7.021367521367521,0.0006534231504226836,7.021367521367521,0.04028534591430475
3761,7.023367885070012,0.0006369518903425153,7.023367885070012,0.03726049361999215
3762,7.025368248772503,0.0006212851708972443,7.025368248772504,0.034581347463123836
3763,7.027368612474994,0.0006063756787490292,7.027368612474995,0.032212252205856766
3764,7.029368976177487,0.0005921797889249625,7.029368976177486,0.030116330516666904
3765,7.031369339879978,0.000578657233853791,7.031369339879977,0.02825862369569409
3766,7.033369703582469,0.0005657708074395707,7.033369703582469,0.026607525767125165
3767,7.03537006728496,0.0005534861000190067,7.03537006728496,0.025135241136968717
3768,7.037370430987451,0.0005417712606013039,7.037370430987452,0.023817724193586826
3769,7.039370794689942,0.0005305967832614964,7.039370794689943,0.022634372084010805
3770,7.041371158392435,0.0005199353149623079,7.041371158392435,0.021567623091491774
3771,7.043371522094926,0.0005097614824267528,7.043371522094926,0.020602541506048885
3772,7.045371885797417,0.0005000517359823105,7.045371885797418,0.0197264285321703
3773,7.047372249499908,0.0004907842085556807,7.047372249499909,0.01892847577760047
3774,7.049372613202399,0.00048193858821994975,7.0493726132024,0.018199465635533353
3775,7.051372976904892,0.0004734960028896713,7.051372976904891,0.017531516780115095
3776,7.053373340607383,0.0004654389159275678,7.053373340607383,0.016917870300916637
3777,7.055373704309874,0.00045775103157302897,7.055373704309874,0.016352711121570933
3778,7.057374068012365,0.0004504172092308688,7.057374068012366,0.01583101938448369
3779,7.059374431714857,0.0004434233857707161,7.059374431714857,0.015348446942001279
3780,7.061374795417348,0.0004367565050860053,7.061374795417349,0.014901214708882678
3781,7.06337515911984,0.0004304044542481344,7.06337515911984,0.01448602726531984
3782,7.065375522822331,0.00042435600566789386,7.065375522822332,0.014100001689549738
3783,7.067375886524823,0.0004186007647438712,7.067375886524823,0.013740608118522919
3784,7.069376250227314,0.00041312912253783446,7.069376250227314,0.013405619978260947
3785,7.071376613929805,0.0004079322130705032,7.071376613929805,0.013093072196389687
3786,7.073376977632297,0.00040300187487913897,7.073376977632297,0.012801226015835707
3787,7.0753773413347885,0.000398330616521415,7.075377341334788,0.01252853928006493
3788,7.0773777050372795,0.00039391158574881,7.0773777050372795,0.0122736412654292
3789,7.0793780687397705,0.0003897385421081387,7.0793780687397705,0.012035311303254685
3790,7.0813784324422615,0.00038580583276187896,7.081378432442262,0.011812460570157524
3791,7.0833787961447525,0.0003821083713476083,7.083378796144753,0.011604116535565158
3792,7.085379159847245,0.0003786416197242236,7.085379159847245,0.011409409645336157
3793,7.087379523549736,0.00037540157247823493,7.087379523549736,0.011227561893667028
3794,7.089379887252227,0.0003723847440875187,7.089379887252227,0.0110578769953131
3795,7.091380250954718,0.0003695881586630373,7.091380250954718,0.010899731919135295
3796,7.093380614657209,0.0003670093422111538,7.09338061465721,0.01075256958416689
3797,7.095380978359702,0.0003646463173809279,7.095380978359701,0.010615892552469176
3798,7.097381342062193,0.00036249760068224796,7.097381342062193,0.01048925758033626
3799,7.099381705764684,0.0003605622021821474,7.099381705764684,0.010372270912020524
3800,7.101382069467175,0.00035883962770861166,7.101382069467176,0.010264584218937427
3801,7.103382433169666,0.00035732988361364914,7.103382433169667,0.010165891102994387
3802,7.105382796872157,0.0003560334841709578,7.105382796872159,0.010075924095829964
3803,7.10738316057465,0.00035495146170832196,7.10738316057465,0.00999445209682558
3804,7.109383524277141,0.0003540853796013884,7.10938352427714,0.00992127820212794
3805,7.111383887979632,0.00035343734828404506,7.111383887979632,0.009856237884918092
3806,7.113384251682123,0.00035301004446178957,7.113384251682123,0.009799197494027736
3807,7.115384615384614,0.00035280673374863135,7.115384615384615,0.00975005304395199
3808,7.117384979087107,0.0003528312969859103,7.117384979087106,0.009708729274514504
3809,7.119385342789598,0.00035308826054353064,7.119385342789598,0.00967517896305015
3810,7.121385706492089,0.00035358283095128523,7.121385706492089,0.009649382476113525
3811,7.12338607019458,0.00035432093426108373,7.123386070194581,0.009631347551499952
3812,7.125386433897071,0.0003553092606009998,7.125386433897072,0.00962110930487996
3813,7.127386797599562,0.00035655531445035225,7.127386797599564,0.009618730458677723
3814,7.129387161302055,0.000358067471242924,7.129387161302054,0.009624301794050386
3815,7.131387525004546,0.00035985504099456415,7.131387525004546,0.009637942830018224
3816,7.133387888707037,0.00036192833975382546,7.133387888707037,0.009659802737027304
3817,7.135388252409528,0.0003642987697921736,7.135388252409529,0.00969006149556693
3818,7.13738861611202,0.00036697890958660787,7.13738861611202,0.009728931313985128
3819,7.139388979814512,0.00036998261480538464,7.139388979814512,0.009776658323425473
3820,7.141389343517003,0.00037332513169098676,7.141389343517003,0.00983352457192789
3821,7.1433897072194945,0.00037702322444828373,7.1433897072194945,0.00989985034429104
3822,7.1453900709219855,0.0003810953184955179,7.1453900709219855,0.00997599683938393
3823,7.1473904346244765,0.0003855616617284789,7.147390434624477,0.010062369242344845
3824,7.1493907983269676,0.0003904445062920324,7.1493907983269676,0.01015942023564855
3825,7.15139116202946,0.00039576831375835763,7.1513911620294595,0.010267654000528098
3826,7.153391525731951,0.00040155998709001493,7.1533915257319505,0.010387630768888404
3827,7.155391889434442,0.0004078491333335378,7.155391889434442,0.010519971995882607
3828,7.157392253136933,0.00041466836166375285,7.157392253136933,0.010665366234999592
3829,7.159392616839424,0.00042205362220372776,7.159392616839425,0.010824575811170514
3830,7.161392980541917,0.000430044592007737,7.161392980541916,0.01099844440342182
3831,7.163393344244408,0.00043868511575006027,7.163393344244408,0.011187905667471895
3832,7.165393707946899,0.0004480237100542834,7.165393707946899,0.011393993050945066
3833,7.16739407164939,0.0004581141420798696,7.167394071649391,0.011617850980277898
3834,7.169394435351881,0.00046901609502404446,7.169394435351881,0.011860747629748904
3835,7.171394799054372,0.00048079593568273806,7.171394799054373,0.012124089520437302
3836,7.173395162756865,0.0004935276022539071,7.173395162756864,0.012409438241560758
3837,7.175395526459356,0.0005072936342984875,7.175395526459356,0.012718529640149202
3838,7.177395890161847,0.000522186371376382,7.177395890161847,0.01305329588928403
3839,7.179396253864338,0.000538309352574774,7.179396253864339,0.013415890922582278
3840,7.181396617566829,0.0005557789562401191,7.18139661756683,0.01380871981614759
3841,7.183396981269322,0.0005747263280960754,7.183396981269322,0.014234472812532427
3842,7.185397344971813,0.0005952996570802335,7.185397344971813,0.01469616481885368
3843,7.187397708674304,0.0006176668723238582,7.187397708674305,0.01519718137875481
3844,7.189398072376795,0.0006420188526051749,7.189398072376795,0.015741332322377115
3845,7.191398436079286,0.0006685732624972175,7.191398436079287,0.01633291454866725
3846,7.193398799781777,0.0006975791588717984,7.193398799781778,0.016976785701009803
3847,7.19539916348427,0.0007293225495341005,7.19539916348427,0.017678450873879568
3848,7.197399527186761,0.000764133135439336,7.197399527186761,0.018444164951607486
3849,7.199399890889252,0.0008023925331612744,7.199399890889253,0.019281053751129852
3850,7.201400254591743,0.0008445443605546692,7.201400254591744,0.020197257843912745
3851,7.203400618294234,0.000891106683600356,7.203400618294236,0.02120210379876948
3852,7.205400981996727,0.0009426874771460407,7.205400981996727,0.022306308653339105
3853,7.207401345699218,0.0010000039622291032,7.2074013456992185,0.02352222472988262
3854,7.209401709401709,0.0010639069703620924,7.209401709401709,0.02486413350751656
3855,7.2114020731042,0.0011354118833818776,7.211402073104201,0.026348599196163107
3856,7.213402436806692,0.0012157382547066265,7.213402436806692,0.02799489496860125
3857,7.215402800509183,0.0013063610067247768,7.2154028005091835,0.029825517515241932
3858,7.2174031642116745,0.0014090772298445981,7.2174031642116745,0.031866808658221696
3859,7.219403527914166,0.001526094251478036,7.219403527914166,0.034149706056530955
3860,7.221403891616657,0.0016601470642869218,7.221403891616657,0.036710648204106903
3861,7.223404255319148,0.0018146568269920868,7.223404255319149,0.03959266123659282
3862,7.225404619021639,0.0019939476676272684,7.22540461902164,0.0428466550941533
3863,7.227404982724132,0.0022035475714601667,7.2274049827241305,0.04653295168232891
3864,7.229405346426623,0.002450612660896812,7.229405346426622,0.050723053029525234
3865,7.231405710129114,0.0027445360342650154,7.231405710129113,0.0555016245780548
3866,7.233406073831605,0.0030978385137970608,7.233406073831605,0.06096860300090187
3867,7.235406437534096,0.00352750014248111,7.235406437534096,0.06724121454649577
3868,7.237406801236587,0.0040569988485755415,7.237406801236588,0.07445546835489263
3869,7.23940716493908,0.0047195170982633145,7.239407164939079,0.08276630617847765
3870,7.241407528641571,0.005563141561187912,7.241407528641571,0.09234495419038996
3871,7.243407892344062,0.006659591290871227,7.243407892344062,0.10337102167143898
3872,7.245408256046553,0.008119460320181876,7.245408256046554,0.1160154385080505
3873,7.247408619749044,0.01012007664094201,7.247408619749044,0.13040850557940653
3874,7.249408983451537,0.012959167691172562,7.249408983451536,0.14658576975747384
3875,7.251409347154028,0.01716468805492347,7.251409347154027,0.16440496965752946
3876,7.253409710856519,0.023735507457447517,7.253409710856519,0.1834338647340185
3877,7.25541007455901,0.034708354093736266,7.25541007455901,0.20282728438087652
3878,7.257410438261501,0.054568540148314866,7.257410438261502,0.22124578847763607
3879,7.259410801963992,0.09352437522200109,7.259410801963993,0.23690655207472847
3880,7.261411165666485,0.16875560661264633,7.261411165666485,0.247858110920538
3881,7.263411529368976,0.24789156888685238,7.263411529368976,0.2524778550491863
3882,7.265411893071467,0.1991786816497399,7.265411893071468,0.25001248645844804
3883,7.267412256773958,0.11256274359201339,7.267412256773958,0.24086339213741823
3884,7.269412620476449,0.0640300220856684,7.26941262047645,0.22643199322825847
3885,7.271412984178942,0.039665161848508525,7.271412984178941,0.20862730528845827
3886,7.273413347881433,0.026561156242738058,7.273413347881433,0.18932678280519022
3887,7.275413711583924,0.018899187259527588,7.275413711583924,0.17002391138689693
3888,7.277414075286415,0.014088830670183553,7.277414075286416,0.15171469420510414
3889,7.279414438988906,0.01089085955860446,7.279414438988907,0.1349485121043939
3890,7.281414802691398,0.008664894282615142,7.2814148026913985,0.11994559510483103
3891,7.2834151663938895,0.007056685571314499,7.2834151663938895,0.10671586856600093
3892,7.2854155300963805,0.005858627381832012,7.285415530096381,0.09515172329212904
3893,7.287415893798872,0.004942997750834614,7.287415893798872,0.0850906522300574
3894,7.2894162575013635,0.004227925800427945,7.2894162575013635,0.07635334637899822
3895,7.2914166212038545,0.0036590615545985623,7.2914166212038545,0.06876473318240696
3896,7.293416984906346,0.0031992218122849784,7.293416984906346,0.062164256776083
3897,7.295417348608837,0.002822294619451627,7.295417348608837,0.056409854422488546
3898,7.297417712311329,0.0025095190154581465,7.297417712311329,0.05137849103992725
3899,7.29941807601382,0.002247141422624741,7.29941807601382,0.046964976191118786
3900,7.301418439716311,0.0020248973795472737,7.301418439716312,0.04308004973299762
3901,7.303418803418802,0.0018350031916883342,7.303418803418803,0.03964827100796366
3902,7.305419167121295,0.0016714711839569808,7.305419167121295,0.03660598220586121
3903,7.307419530823786,0.0015296353168885123,7.307419530823785,0.03389946755956173
3904,7.309419894526277,0.0014058165520637149,7.309419894526277,0.03148334944618412
3905,7.311420258228768,0.0012970828979398756,7.311420258228768,0.029319221226675903
3906,7.313420621931259,0.0012010747585335091,7.31342062193126,0.027374497428448004
3907,7.315420985633752,0.001115876063922606,7.315420985633751,0.025621454561147405
3908,7.317421349336243,0.0010399179808783332,7.317421349336243,0.02403643469931985
3909,7.319421713038734,0.0009719061301679283,7.319421713038734,0.022599185760121383
3910,7.321422076741225,0.0009107649808523979,7.321422076741226,0.02129231540891074
3911,7.323422440443716,0.0008555949447893833,7.323422440443717,0.02010083883259084
3912,7.325422804146207,0.0008056389643975164,7.325422804146209,0.019011803785113267
3913,7.3274231678487,0.000760256268991171,7.327423167848699,0.018013979139468304
3914,7.329423531551191,0.0007189015958137621,7.329423531551191,0.017097595616098613
3915,7.331423895253682,0.0006811086139708079,7.331423895253682,0.01625412940589768
3916,7.333424258956173,0.0006464766077729203,7.333424258956174,0.015476121103204893
3917,7.335424622658664,0.0006146597075869921,7.335424622658665,0.01475702375765927
3918,7.337424986361157,0.0005853581264447408,7.337424986361157,0.014091074991040575
3919,7.339425350063648,0.0005583109868221762,7.339425350063648,0.013473189050295393
3920,7.341425713766139,0.0005332904163663188,7.34142571376614,0.012898865418994324
3921,7.34342607746863,0.0005100966625033215,7.343426077468631,0.012364111218959573
3922,7.345426441171121,0.0004885540299354745,7.345426441171122,0.011865375128505353
3923,7.347426804873612,0.0004685074864291624,7.347426804873613,0.011399490945714144
3924,7.349427168576105,0.0004498198142037996,7.349427168576104,0.010963629252230319
3925,7.351427532278596,0.00043236920899041833,7.351427532278596,0.010555255899661766
3926,7.353427895981087,0.00041604724815995435,7.353427895981087,0.01017209625845855
3927,7.355428259683578,0.0004007571645063383,7.3554282596835785,0.009812104347408972
3928,7.3574286233860695,0.00038641237426410467,7.3574286233860695,0.009473436108210243
3929,7.359428987088561,0.0003729352174676102,7.359428987088561,0.009154426209920236
3930,7.361429350791052,0.0003602558763650726,7.361429350791052,0.008853567867379954
3931,7.363429714493543,0.0003483114437031222,7.363429714493544,0.008569495239776086
3932,7.365430078196035,0.00033704511761755725,7.365430078196035,0.008300968043582966
3933,7.367430441898526,0.00032640550384962396,7.367430441898526,0.00804685807068968
3934,7.369430805601017,0.0003163460092477196,7.369430805601017,0.007806137349678539
3935,7.371431169303509,0.0003068243131608918,7.371431169303509,0.007577867727612593
3936,7.373431533006001,0.0002978019055008322,7.373431533006,0.0073611916827039745
3937,7.375431896708492,0.0002892436820354719,7.375431896708492,0.0071553242059482144
3938,7.377432260410983,0.0002811175889536932,7.377432260410983,0.006959545613156155
3939,7.379432624113474,0.00027339430996447503,7.379432624113475,0.006773195168507535
3940,7.381432987815967,0.00026604699021242777,7.381432987815966,0.006595665417423321
3941,7.383433351518458,0.0002590509921419401,7.383433351518458,0.006426397140682259
3942,7.385433715220949,0.0002523836791541596,7.385433715220949,0.006264874853727667
3943,7.38743407892344,0.0002460242234994686,7.38743407892344,0.006110622785341416
3944,7.389434442625931,0.00023995343535200103,7.389434442625931,0.005963201278607798
3945,7.391434806328422,0.00023415361043883362,7.391434806328423,0.005822203564564758
3946,7.393435170030915,0.0002286083939574021,7.393435170030914,0.00568725286535916
3947,7.395435533733406,0.00022330265882143104,7.395435533733406,0.005557999789230511
3948,7.397435897435897,0.0002182223965368578,7.397435897435897,0.0054341199843988865
3949,7.399436261138388,0.00021335461923252522,7.399436261138389,0.005315312023024366
3950,7.401436624840879,0.0002086872715613195,7.40143662484088,0.005201295489950447
3951,7.403436988543372,0.00020420915135146625,7.403436988543372,0.005091809254007241
3952,7.405437352245863,0.00019990983802872144,7.405437352245863,0.004986609902315826
3953,7.407437715948354,0.00019577962795170294,7.407437715948354,0.0048854703203457615
3954,7.409438079650845,0.00019180947590776432,7.409438079650845,0.004788178402496861
3955,7.411438443353336,0.0001879909421076344,7.411438443353337,0.004694535879731554
3956,7.413438807055829,0.00018431614409600804,7.413438807055828,0.004604357252324395
3957,7.41543917075832,0.00018077771306385093,7.41543917075832,0.004517468817137769
3958,7.417439534460811,0.0001773687541078597,7.417439534460811,0.004433707780015618
3959,7.419439898163302,0.00017408281003473646,7.4194398981633025,0.0043529214449205605
3960,7.421440261865793,0.000170913828353406,7.4214402618657935,0.004274966472353971
3961,7.423440625568284,0.00016785613113826713,7.423440625568285,0.004199708200399137
3962,7.4254409892707764,0.00016490438748155574,7.4254409892707764,0.0041270200224387136
3963,7.4274413529732675,0.00016205358828367796,7.4274413529732675,0.004056782816221359
3964,7.4294417166757585,0.00015929902315740645,7.4294417166757585,0.00398888441950892
3965,7.4314420803782495,0.0001566362592457814,7.43144208037825,0.00392321914802414
3966,7.4334424440807405,0.00015406112177456365,7.433442444080741,0.0038596873518568025
3967,7.435442807783233,0.0001515696761787731,7.435442807783233,0.003798195006871151
3968,7.437443171485724,0.00014915821165935647,7.437443171485724,0.0037386533380039076
3969,7.439443535188215,0.000146823226040637,7.439443535188216,0.0036809784716470835
3970,7.441443898890707,0.00014456141181227308,7.441443898890707,0.0036250911145853195
3971,7.443444262593198,0.00014236964325095827,7.443444262593199,0.0035709162572001405
3972,7.445444626295689,0.00014024496452744127,7.44544462629569,0.0035183828988738057
3973,7.447444989998181,0.0001381845787136203,7.447444989998181,0.0034674237937194073
3974,7.449445353700673,0.000136185837612689,7.449445353700672,0.0034179752149409077
3975,7.451445717403164,0.0001342462323426159,7.451445717403164,0.0033699767362825586
3976,7.453446081105655,0.00013236338460986653,7.453446081105655,0.0033233710291700655
3977,7.455446444808146,0.0001305350386161107,7.455446444808147,0.0032781036742715007
3978,7.457446808510639,0.00012875905354597442,7.457446808510638,0.0032341229863218504
3979,7.45944717221313,0.0001270333965886447,7.459447172213129,0.0031913798511568735
3980,7.461447535915621,0.00012535613645037652,7.461447535915621,0.0031498275739961826
3981,7.463447899618112,0.00012372543731884803,7.463447899618112,0.0031094217380987603
3982,7.465448263320603,0.0001221395532437268,7.465448263320604,0.0030701200729901152
3983,7.467448627023094,0.00012059682290096929,7.467448627023094,0.003031882331529693
3984,7.469448990725587,0.00011909566471118862,7.469448990725586,0.0029946701751483494
3985,7.471449354428078,0.00011763457228499396,7.471449354428077,0.0029584470666433184
3986,7.473449718130569,0.00011621211017049074,7.473449718130569,0.0029231781699681487
3987,7.47545008183306,0.00011482690988027,7.47545008183306,0.0028888302565027698
3988,7.477450445535551,0.0001134776661770737,7.477450445535552,0.002855371617329982
3989,7.479450809238044,0.00011216313359907298,7.479450809238043,0.0028227719810842793
3990,7.481451172940535,0.00011088212320726313,7.481451172940535,0.002791002436972863
3991,7.483451536643026,0.00010963349953888469,7.483451536643026,0.002760035362601676
3992,7.485451900345517,0.00010841617775211408,7.4854519003455176,0.0027298443562674395
3993,7.487452264048008,0.0001072291209484142,7.487452264048008,0.002700404173404213
3994,7.489452627750499,0.00010607133766003537,7.4894526277505,0.002671690666896378
3995,7.4914529914529915,0.00010494187949113291,7.491452991452991,0.0026436807309930736
3996,7.4934533551554825,0.00010383983890187431,7.4934533551554825,0.0026163522485785533
3997,7.4954537188579735,0.00010276434712571223,7.4954537188579735,0.0025896840415724287
3998,7.4974540825604645,0.00010171457221078153,7.497454082560465,0.0025636558242499745
3999,7.4994544462629555,0.00010068971717703729,7.499454446262956,0.002538248159289173
4000,7.501454809965448,9.968901828139803e-05,7.501454809965448,0.002513442416364697
4001,7.503455173667939,9.871174338373707e-05,7.503455173667939,0.0024892207331230717
4002,7.50545553737043,9.775719040707985e-05,7.505455537370431,0.002465565978384552
4003,7.507455901072921,9.682468588587946e-05,7.507455901072921,0.002442461717429219
4004,7.509456264775412,9.591358359666389e-05,7.509456264775413,0.002419892179234298
4005,7.511456628477904,9.502326326577664e-05,7.511456628477904,0.002397842225539898
4006,7.513456992180396,9.415312934930527e-05,7.513456992180396,0.0023762973216283683
4007,7.515457355882887,9.330260988064719e-05,7.515457355882887,0.0023552435087112276
4008,7.517457719585379,9.247115538147005e-05,7.517457719585379,0.002334667377824335
4009,7.51945808328787,9.165823783214361e-05,7.51945808328787,0.002314556045139511
4010,7.521458446990361,9.086334969797094e-05,7.521458446990362,0.0022948971286064906
4011,7.523458810692853,9.008600300781308e-05,7.523458810692853,0.0022756787258455856
4012,7.525459174395345,8.93257284819342e-05,7.525459174395345,0.0022568893932162276
4013,7.527459538097836,8.858207470609849e-05,7.527459538097835,0.002238518125992187
4014,7.529459901800327,8.785460734917086e-05,7.529459901800327,0.002220554339578323
4015,7.531460265502818,8.71429084216378e-05,7.531460265502818,0.0022029878517086003
4016,7.533460629205309,8.644657557264786e-05,7.53346062920531,0.0021858088655685396
4017,7.535460992907802,8.576522142332654e-05,7.535460992907801,0.002169007953789523
4018,7.537461356610293,8.509847293427058e-05,7.537461356610293,0.002152576043265304
4019,7.539461720312784,8.444597080525347e-05,7.539461720312784,0.0021365044007447547
4020,7.541462084015275,8.380736890531811e-05,7.541462084015276,0.0021207846191573856
4021,7.543462447717766,8.31823337315332e-05,7.543462447717767,0.00210540860463142
4022,7.545462811420259,8.257054389480863e-05,7.545462811420259,0.0020903685641662866
4023,7.54746317512275,8.197168963126813e-05,7.547463175122749,0.002075656993924289
4024,7.549463538825241,8.138547233776158e-05,7.549463538825241,0.002061266668107963
4025,7.551463902527732,8.081160413020465e-05,7.551463902527732,0.002047190628392177
4026,7.553464266230223,8.024980742349942e-05,7.553464266230224,0.002033422173881538
4027,7.555464629932714,7.969981453187532e-05,7.555464629932715,0.002019954851565899
4028,7.5574649936352065,7.91613672885581e-05,7.5574649936352065,0.0020067824472480554
4029,7.5594653573376975,7.86342166837443e-05,7.5594653573376975,0.001993898976919702
4030,7.5614657210401885,7.811812251991222e-05,7.561465721040189,0.001981298678562808
4031,7.56346608474268,7.761285308357268e-05,7.5634660847426805,0.0019689760043553467
4032,7.565466448445171,7.711818483260314e-05,7.565466448445172,0.001956925613261228
4033,7.567466812147663,7.663390209836733e-05,7.5674668121476625,0.001945142363985891
4034,7.569467175850154,7.615979680186995e-05,7.569467175850154,0.0019336213082797682
4035,7.571467539552645,7.569566818323288e-05,7.571467539552645,0.0019223576845732774
4036,7.573467903255136,7.524132254383388e-05,7.573467903255137,0.0019113469119276512
4037,7.575468266957627,7.479657300047496e-05,7.575468266957628,0.0019005845842872025
4038,7.577468630660118,7.436123925099138e-05,7.577468630660119,0.001890066465019187
4039,7.579468994362611,7.393514735074409e-05,7.579468994362611,0.0018797884817285436
4040,7.581469358065102,7.351812949947268e-05,7.581469358065102,0.001869746721335425
4041,7.583469721767593,7.31100238380095e-05,7.583469721767594,0.001859937425404147
4042,7.585470085470084,7.27106742543953e-05,7.585470085470084,0.0018503569857130982
4043,7.587470449172576,7.231993019895173e-05,7.587470449172576,0.0018410019400555185
4044,7.589470812875068,7.193764650789743e-05,7.589470812875067,0.0018318689682619938
4045,7.591471176577559,7.156368323511853e-05,7.591471176577559,0.0018229548884358233
4046,7.59347154028005,7.119790549171946e-05,7.59347154028005,0.0018142566533932635
4047,7.595471903982542,7.084018329301219e-05,7.595471903982542,0.0018057713473009116
4048,7.597472267685033,7.049039141261038e-05,7.597472267685033,0.0017974961825032868
4049,7.599472631387524,7.014840924332069e-05,7.599472631387525,0.001789428496533881
4050,7.601472995090017,6.981412066453727e-05,7.601472995090016,0.0017815657493036885
4051,7.603473358792508,6.948741391586554e-05,7.603473358792508,0.0017739055204614136
4052,7.605473722494999,6.916818147670993e-05,7.605473722494998,0.0017664455069202332
4053,7.60747408619749,6.885631995158554e-05,7.60747408619749,0.0017591835205461681
4054,7.609474449899981,6.855172996091725e-05,7.609474449899981,0.0017521174860037454
4055,7.611474813602474,6.825431603710876e-05,7.611474813602473,0.0017452454387547978
4056,7.613475177304965,6.796398652567651e-05,7.613475177304964,0.0017385655232068373
4057,7.615475541007456,6.768065349125008e-05,7.615475541007456,0.001732075991007588
4058,7.617475904709947,6.74042326282603e-05,7.617475904709947,0.0017257751994828327
4059,7.619476268412438,6.7134643176139e-05,7.619476268412439,0.0017196616102148634
4060,7.621476632114929,6.687180783886861e-05,7.62147663211493,0.001713733787759374
4061,7.6234769958174216,6.661565270872877e-05,7.6234769958174216,0.0017079903984987643
4062,7.625477359519913,6.636610719409633e-05,7.625477359519912,0.0017024302096303563
4063,7.627477723222404,6.612310395116148e-05,7.627477723222404,0.0016970520882881657
4064,7.629478086924895,6.588657881943623e-05,7.629478086924895,0.0016918550007973688
4065,7.631478450627386,6.565647076093374e-05,7.6314784506273865,0.0016868380120607812
4066,7.633478814329878,6.543272180290826e-05,7.6334788143298775,0.001682000285077145
4067,7.635479178032369,6.521527698405182e-05,7.635479178032369,0.0016773410805911956
4068,7.63747954173486,6.500408430404881e-05,7.63747954173486,0.0016728597568759819
4069,7.6394799054373514,6.479909467640086e-05,7.639479905437352,0.0016685557696480998
4070,7.6414802691398425,6.460026188443566e-05,7.641480269139843,0.0016644286721169924
4071,7.6434806328423335,6.440754254042309e-05,7.643480632842335,0.0016604781151696969
4072,7.645480996544826,6.422089604772653e-05,7.645480996544825,0.0016567038476929207
4073,7.647481360247317,6.404028456592413e-05,7.647481360247317,0.001653105717034585
4074,7.649481723949808,6.386567297883788e-05,7.649481723949808,0.0016496836696074828
4075,7.651482087652299,6.369702886541784e-05,7.6514820876523,0.00164643775163802
4076,7.65348245135479,6.353432247343045e-05,7.653482451354791,0.0016433681100635187
4077,7.655482815057283,6.337752669590682e-05,7.655482815057283,0.0016404749935819407
4078,7.657483178759774,6.322661705031213e-05,7.657483178759774,0.0016377587538584345
4079,7.659483542462265,6.308157166040004e-05,7.659483542462266,0.0016352198468935447
4080,7.661483906164756,6.294237124072491e-05,7.661483906164757,0.0016328588345585193
4081,7.663484269867248,6.280899908378494e-05,7.663484269867249,0.0016306763863036366
4082,7.665484633569739,6.268144104977701e-05,7.665484633569739,0.001628673281046152
4083,7.667484997272231,6.25596855589474e-05,7.667484997272231,0.001626850409245021
4084,7.669485360974722,6.244372358652816e-05,7.669485360974722,0.0016252087751703005
4085,7.671485724677214,6.233354866025105e-05,7.671485724677214,0.0016237494993757984
4086,7.673486088379705,6.222915686043979e-05,7.673486088379705,0.001622473821384371
4087,7.675486452082196,6.21305468226814e-05,7.675486452082197,0.0016213831025960448
4088,7.677486815784689,6.203771974308494e-05,7.677486815784688,0.0016204788294300982
4089,7.67948717948718,6.19506793861398e-05,7.67948717948718,0.0016197626167131437
4090,7.681487543189671,6.18694320951891e-05,7.681487543189671,0.0016192362113263451
4091,7.683487906892162,6.179398680554106e-05,7.683487906892163,0.0016189014961259876
4092,7.685488270594653,6.172435506024322e-05,7.685488270594653,0.001618760494152879
4093,7.687488634297144,6.166055102855086e-05,7.687488634297145,0.0016188153731473323
4094,7.689488997999637,6.160259152712532e-05,7.689488997999636,0.001619068450387969
4095,7.691489361702128,6.155049604400324e-05,7.691489361702128,0.0016195221978740893
4096,7.693489725404619,6.150428676538222e-05,7.693489725404619,0.0016201792478730797
4097,7.69549008910711,6.146398860527444e-05,7.69549008910711,0.0016210423988561728
4098,7.697490452809601,6.142962923808503e-05,7.6974904528096015,0.0016221146218478738
4099,7.699490816512093,6.140123913417672e-05,7.6994908165120926,0.0016233990672165767
4100,7.7014911802145845,6.137885159848939e-05,7.7014911802145845,0.0016248990719363136
4101,7.7034915439170755,6.136250281228793e-05,7.7034915439170755,0.0016266181673521708
4102,7.7054919076195665,6.13522318781185e-05,7.7054919076195665,0.0016285600874848493
4103,7.7074922713220575,6.134808086806003e-05,7.7074922713220575,0.001630728777912964
4104,7.7094926350245485,6.135009487536344e-05,7.709492635024549,0.001633128405275192
4105,7.711492998727041,6.135832206957882e-05,7.71149299872704,0.001635763367438178
4106,7.713493362429532,6.137281375527803e-05,7.713493362429532,0.0016386383043803607
4107,7.715493726132023,6.139362443448695e-05,7.715493726132023,0.0016417581098464844
4108,7.717494089834514,6.142081187295055e-05,7.717494089834515,0.0016451279438327458
4109,7.719494453537005,6.145443717036118e-05,7.719494453537006,0.0016487532459681497
4110,7.721494817239498,6.149456483469004e-05,7.721494817239498,0.0016526397498639771
4111,7.723495180941989,6.154126286076992e-05,7.723495180941989,0.0016567934985101723
4112,7.72549554464448,6.159460281328821e-05,7.72549554464448,0.0016612208608052508
4113,7.727495908346971,6.165465991435732e-05,7.727495908346971,0.0016659285493148134
4114,7.729496272049462,6.172151313584226e-05,7.729496272049463,0.001670923639363407
4115,7.731496635751953,6.179524529663455e-05,7.731496635751954,0.0016762135895749852
4116,7.733496999454446,6.187594316507459e-05,7.733496999454446,0.0016818062639892062
4117,7.735497363156937,6.196369756673612e-05,7.735497363156937,0.0016877099558939095
4118,7.737497726859428,6.205860349780054e-05,7.737497726859429,0.001693933413529095
4119,7.73949809056192,6.21607602442614e-05,7.73949809056192,0.001700485867834138
4120,7.741498454264411,6.22702715072151e-05,7.741498454264412,0.0017073770624287917
4121,7.743498817966903,6.238724553450904e-05,7.743498817966903,0.001714617286039239
4122,7.745499181669394,6.251179525903412e-05,7.745499181669394,0.0017222174076042035
4123,7.747499545371886,6.264403844396832e-05,7.747499545371885,0.001730188914322433
4124,7.749499909074377,6.278409783529279e-05,7.749499909074377,0.001738543952933028
4125,7.751500272776868,6.293210132192504e-05,7.751500272776868,0.0017472953745536993
4126,7.753500636479359,6.308818210383295e-05,7.75350063647936,0.001756456783440603
4127,7.755501000181852,6.325247886851577e-05,7.755501000181851,0.0017660425900766095
4128,7.757501363884343,6.342513597626125e-05,7.757501363884343,0.0017760680690445247
4129,7.759501727586834,6.360630365461591e-05,7.759501727586834,0.0017865494221977157
4130,7.761502091289325,6.379613820252692e-05,7.7615020912893256,0.0017975038477049765
4131,7.763502454991816,6.399480220464831e-05,7.763502454991817,0.0018089496156193992
4132,7.7655028186943085,6.420246475633089e-05,7.765502818694308,0.0018209061507051163
4133,7.7675031823967995,6.441930169984768e-05,7.767503182396799,0.001833394123351565
4134,7.7695035460992905,6.464549587244504e-05,7.7695035460992905,0.0018464355495156292
4135,7.7715039098017815,6.488123736684e-05,7.7715039098017815,0.00186005390075879
4136,7.7735042735042725,6.512672380482991e-05,7.773504273504273,0.0018742742255933378
4137,7.7755046372067635,6.53821606247192e-05,7.775504637206764,0.0018891232835208205
4138,7.777505000909256,6.564776138331384e-05,7.777505000909256,0.0019046296933425584
4139,7.779505364611747,6.592374807328162e-05,7.779505364611747,0.001920824097549568
4140,7.781505728314238,6.621035145673117e-05,7.781505728314239,0.0019377393448647721
4141,7.783506092016729,6.650781141591135e-05,7.78350609201673,0.0019554106933191385
4142,7.78550645571922,6.681637732199898e-05,7.785506455719221,0.0019738760366052243
4143,7.787506819421713,6.713630842300181e-05,7.787506819421712,0.0019931761568744997
4144,7.789507183124204,6.746787425187164e-05,7.789507183124204,0.0020133550076425486
4145,7.791507546826695,6.781135505600111e-05,7.791507546826695,0.002034460031051054
4146,7.793507910529186,6.816704224934626e-05,7.793507910529187,0.002056542514426879
4147,7.795508274231677,6.853523888851136e-05,7.795508274231678,0.0020796579918953306
4148,7.797508637934168,6.891626017421667e-05,7.79750863793417,0.00210386669777495
4149,7.799509001636661,6.931043397967053e-05,7.799509001636661,0.002129234079633715
4150,7.801509365339152,6.971810140746906e-05,7.801509365339153,0.002155831380262426
4151,7.803509729041643,7.013961737676638e-05,7.803509729041644,0.00218373629946467
4152,7.805510092744134,7.05753512425699e-05,7.805510092744135,0.002213033748534861
4153,7.807510456446625,7.102568744915678e-05,7.807510456446626,0.0022438167126650876
4154,7.809510820149118,7.149102621974423e-05,7.809510820149118,0.0022761872393791535
4155,7.811511183851609,7.197178428469789e-05,7.811511183851609,0.002310257574544389
4156,7.8135115475541,7.246839565073693e-05,7.8135115475541,0.002346151471697653
4157,7.815511911256592,7.298131241375915e-05,7.815511911256592,0.002384005705506217
4158,7.817512274959083,7.351100561811683e-05,7.817512274959083,0.0024239718263795455
4159,7.819512638661574,7.405796616537511e-05,7.819512638661575,0.0024662182008128647
4160,7.821513002364066,7.462270577581514e-05,7.821513002364066,0.002510932391301672
4161,7.823513366066558,7.520575800618661e-05,7.823513366066558,0.0025583239410228438
4162,7.825513729769049,7.580767932749024e-05,7.825513729769048,0.0026086276424276762
4163,7.82751409347154,7.642905026684552e-05,7.82751409347154,0.0026621073860559922
4164,7.829514457174031,7.707047661782822e-05,7.829514457174031,0.0027190607070087486
4165,7.8315148208765235,7.773259072399669e-05,7.831514820876523,0.002779824172533022
4166,7.8335151845790145,7.841605284069627e-05,7.833515184579014,0.0028447797861701884
4167,7.8355155482815055,7.912155258064745e-05,7.8355155482815055,0.002914362623184907
4168,7.8375159119839966,7.984981044924652e-05,7.8375159119839966,0.0029890699599649574
4169,7.839516275686488,8.060157947600656e-05,7.8395162756864885,0.0030694722182822796
4170,7.841516639388979,8.137764694908098e-05,7.8415166393889795,0.0031562261151111956
4171,7.843517003091471,8.217883626038971e-05,7.843517003091471,0.00325009049095678
4172,7.845517366793962,8.300600886948998e-05,7.8455173667939615,0.0033519453838317913
4173,7.847517730496453,8.3860066395032e-05,7.847517730496453,0.0034628150187847157
4174,7.849518094198944,8.474195284337016e-05,7.849518094198944,0.003583895485303375
4175,7.851518457901435,8.565265698474304e-05,7.851518457901436,0.0037165879577273826
4176,7.853518821603928,8.659321488832704e-05,7.853518821603927,0.003862538338862383
4177,7.855519185306419,8.756471262845762e-05,7.855519185306419,0.004023684102638115
4178,7.85751954900891,8.856828917541565e-05,7.85751954900891,0.004202308747450392
4179,7.859519912711401,8.960513948534804e-05,7.859519912711402,0.004401103416155556
4180,7.861520276413892,9.067651780523541e-05,7.861520276413893,0.004623233488877674
4181,7.863520640116383,9.178374121025703e-05,7.863520640116385,0.004872404626737188
4182,7.865521003818876,9.29281933925119e-05,7.865521003818875,0.005152916709066749
4183,7.867521367521367,9.411132872181718e-05,7.867521367521367,0.005469683576611074
4184,7.869521731223858,9.533467660128016e-05,7.869521731223858,0.005828178829208282
4185,7.871522094926349,9.659984614247468e-05,7.87152209492635,0.006234239710059743
4186,7.87352245862884,9.790853118748115e-05,7.873522458628841,0.006693619177961985
4187,7.875522822331333,9.92625157076932e-05,7.875522822331333,0.007211121334918029
4188,7.877523186033824,0.0001006636796122469,7.877523186033824,0.007789101299104739
4189,7.879523549736315,0.00010211400500223316,7.879523549736316,0.008425103275304137
4190,7.881523913438806,0.0001036155829104743,7.881523913438807,0.009108555308216762
4191,7.883524277141297,0.0001051706205707559,7.883524277141299,0.009816911270458877
4192,7.885524640843789,0.00010678144926492995,7.885524640843789,0.0105125842751882
4193,7.887525004546281,0.00010845053280139494,7.887525004546281,0.011143256897732204
4194,7.889525368248772,0.00011018047668413245,7.889525368248772,0.011648632661400829
4195,7.891525731951263,0.00011197403803787559,7.891525731951264,0.011974608197731558
4196,7.893526095653755,0.00011383413636208702,7.893526095653755,0.012090654251231741
4197,7.895526459356246,0.00011576386519449764,7.895526459356247,0.01200145492607542
4198,7.897526823058738,0.00011776650477396869,7.897526823058738,0.011745450328375127
4199,7.89952718676123,0.00011984553580262226,7.89952718676123,0.011381262955963346
4200,7.901527550463721,0.00012200465441871204,7.901527550463721,0.010970374069972802
4201,7.903527914166212,0.00012424778850465192,7.9035279141662125,0.010564372873828288
4202,7.905528277868703,0.00012657911546939333,7.905528277868703,0.010199770843153043
4203,7.907528641571194,0.00012900308166101306,7.9075286415711945,0.009898690414414695
4204,7.909529005273686,0.00013152442358436628,7.9095290052736855,0.00967231490949378
4205,7.911529368976177,0.00013414819112025572,7.911529368976177,0.009524759958062082
4206,7.913529732678668,0.0001368797729672618,7.913529732678668,0.009456260075448817
4207,7.9155300963811595,0.00013972492455548713,7.91553009638116,0.009465415918968639
4208,7.9175304600836505,0.00014268979871380453,7.917530460083651,0.009550636562125833
4209,7.919530823786143,0.00014578097940919023,7.919530823786143,0.009711012666655966
4210,7.921531187488634,0.0001490055189193094,7.921531187488634,0.00994683371638277
4211,7.923531551191125,0.00015237097884865066,7.923531551191126,0.010259906334563855
4212,7.925531914893616,0.0001558854754551333,7.925531914893616,0.010653778168787898
4213,7.927532278596107,0.0001595577298198499,7.927532278596108,0.011133932558291898
4214,7.929532642298598,0.0001633971234687797,7.929532642298599,0.01170799203347785
4215,7.931533006001091,0.00016741376014402755,7.93153300600109,0.01238594924029417
4216,7.933533369703582,0.00017161853452561584,7.933533369703582,0.013180427081825713
4217,7.935533733406073,0.00017602320882601494,7.935533733406073,0.014106950269343723
4218,7.937534097108564,0.00018064049832157588,7.937534097108565,0.015184181446724992
4219,7.939534460811055,0.0001854841670523406,7.939534460811056,0.016434027570334797
4220,7.941534824513548,0.00019056913511902792,7.941534824513548,0.01788144360287017
4221,7.943535188216039,0.000195911599239728,7.943535188216038,0.019553634133428657
4222,7.94553555191853,0.00020152916850665306,7.94553555191853,0.021478161935535735
4223,7.947535915621021,0.00020744101761431292,7.947535915621021,0.023679211388142316
4224,7.949536279323512,0.00021366806022691482,7.949536279323513,0.0261709701515282
4225,7.951536643026003,0.00022023314562877238,7.951536643026004,0.028946961776299705
4226,7.953537006728496,0.0002271612823757059,7.953537006728496,0.03196462450679179
4227,7.955537370430987,0.00023447989336077433,7.955537370430987,0.0351262878765623
4228,7.957537734133478,0.00024221910755371423,7.957537734133479,0.038261843330099486
4229,7.959538097835969,0.0002504120947070722,7.95953809783597,0.04112453723208283
4230,7.961538461538461,0.00025909545059173237,7.961538461538462,0.04341544689364009
4231,7.963538825240953,0.00026830964189146066,7.963538825240952,0.0448457730416069
4232,7.965539188943444,0.0002780995218307478,7.965539188943444,0.0452232985998523
4233,7.967539552645935,0.0002885149300375155,7.967539552645935,0.0445222550255662
4234,7.969539916348427,0.0002996113931896208,7.969539916348427,0.04289389935730824
4235,7.971540280050918,0.0003114509468455715,7.971540280050918,0.040610785856497654
4236,7.973540643753409,0.0003241031037596212,7.9735406437534095,0.03798018977827196
4237,7.975541007455901,0.00033764600026065926,7.9755410074559006,0.03527193883117399
4238,7.9775413711583925,0.0003521677603830803,7.9775413711583925,0.032683046695104474
4239,7.9795417348608835,0.0003677681279958015,7.9795417348608835,0.030335129332055042
4240,7.9815420985633745,0.0003845604310426053,7.981542098563375,0.02828941091958555
4241,7.9835424622658655,0.00040267396039356934,7.9835424622658655,0.026566147260144824
4242,7.985542825968358,0.00042225687043180246,7.985542825968357,0.02516148229729816
4243,7.987543189670849,0.0004434797418390562,7.987543189670848,0.024059630149894203
4244,7.98954355337334,0.00046653999271328855,7.98954355337334,0.023240732478112664
4245,7.991543917075831,0.0004916673875052565,7.991543917075831,0.02268551809313731
4246,7.993544280778322,0.0005191309823614402,7.993544280778323,0.022377876096614513
4247,7.995544644480815,0.0005492479726435945,7.995544644480814,0.022306188237132277
4248,7.997545008183306,0.0005823950929009631,7.997545008183306,0.022463990001231463
4249,7.999545371885797,0.000619023492003674,7.999545371885797,0.022850316729700167
4250,8.001545735588287,0.0006596784162517199,8.001545735588289,0.023469945018149075
4251,8.00354609929078,0.0007050256638571496,8.00354609929078,0.024333643610909454
4252,8.005546462993271,0.0007558877666649814,8.005546462993271,0.025458481665842636
4253,8.007546826695762,0.0008132944577435073,8.007546826695762,0.02686818699641056
4254,8.009547190398253,0.0008785546466234442,8.009547190398255,0.02859348475851894
4255,8.011547554100746,0.0009533616912418793,8.011547554100746,0.030672257987335964
4256,8.013547917803237,0.0010399518692864585,8.013547917803237,0.033149229955422764
4257,8.015548281505728,0.0011413509436284399,8.015548281505728,0.036074641729751125
4258,8.01754864520822,0.0012617726654491164,8.017548645208219,0.039501050079288266
4259,8.019549008910712,0.0014072917875528103,8.01954900891071,0.043476880883964904
4260,8.021549372613203,0.001587040075850298,8.021549372613203,0.04803479690504371
4261,8.023549736315694,0.001815460858136635,8.023549736315694,0.05317254345665228
4262,8.025550100018185,0.0021168569534380146,8.025550100018185,0.0588244412084795
4263,8.027550463720676,0.0025352869259949915,8.027550463720676,0.06482452479137725
4264,8.029550827423169,0.003157823456400528,8.029550827423169,0.07086935777900315
4265,8.03155119112566,0.004171837565368223,8.03155119112566,0.076500188280439
4266,8.03355155482815,0.005985689600147521,8.033551554828149,0.08113470231395412
4267,8.035551918530642,0.009100834152389803,8.035551918530642,0.08417286108395297
4268,8.037552282233133,0.011455342713502868,8.037552282233133,0.08516356186541625
4269,8.039552645935625,0.009982168823904826,8.039552645935625,0.08396193666448754
4270,8.041553009638116,0.008851449200726107,8.041553009638115,0.08078532766258376
4271,8.043553373340607,0.009629821501096736,8.043553373340607,0.07613104028899978
4272,8.045553737043099,0.012512904811379314,8.045553737043099,0.07060942855868929
4273,8.04755410074559,0.018806510269174223,8.04755410074559,0.06478566584589912
4274,8.04955446444808,0.031099253143347137,8.04955446444808,0.059089570470838425
4275,8.051554828150573,0.0441987917957599,8.051554828150573,0.05379648117338493
4276,8.053555191853064,0.037702846643200644,8.053555191853064,0.049051265968075256
4277,8.055555555555555,0.02618861124224798,8.055555555555554,0.044906654685111305
4278,8.057555919258046,0.02187537668404671,8.057555919258046,0.04135881751864303
4279,8.059556282960537,0.023725435773254158,8.059556282960537,0.038373992278305326
4280,8.06155664666303,0.03238478235121883,8.06155664666303,0.03590601597465124
4281,8.063557010365521,0.05215159885184941,8.06355701036552,0.03390682702604409
4282,8.065557374068012,0.08025699015916782,8.065557374068012,0.03233223853797494
4283,8.067557737770503,0.07615561083822477,8.067557737770503,0.03114481251765724
4284,8.069558101472994,0.04901848762343443,8.069558101472996,0.030315094506046834
4285,8.071558465175485,0.033620487847967694,8.071558465175485,0.02982200609137973
4286,8.073558828877978,0.029200717794400744,8.073558828877976,0.029652871021696198
4287,8.075559192580469,0.03318868023515801,8.075559192580469,0.029803341910782082
4288,8.07755955628296,0.047936358673823114,8.07755955628296,0.03027736092529104
4289,8.079559919985451,0.0748838078290113,8.079559919985451,0.031087195731817376
4290,8.081560283687942,0.08120640071643585,8.081560283687942,0.03225351336625248
4291,8.083560647390435,0.05347591382641654,8.083560647390435,0.03380536385258166
4292,8.085561011092926,0.033044530619015494,8.085561011092926,0.03577981454619831
4293,8.087561374795417,0.023968517971254183,8.087561374795417,0.03822077199296443
4294,8.089561738497908,0.021830341836986008,8.089561738497908,0.041176212701557885
4295,8.091562102200399,0.025808562181420202,8.0915621022004,0.04469258911482058
4296,8.09356246590289,0.0370405425299087,8.093562465902892,0.04880460926416592
4297,8.095562829605383,0.04441703050997126,8.095562829605381,0.053518103425839375
4298,8.097563193307874,0.031858765268372516,8.097563193307874,0.05878386757201176
4299,8.099563557010365,0.019244957595627814,8.099563557010365,0.0644624466794282
4300,8.101563920712856,0.012721957587665174,8.101563920712858,0.07028564478682826
4301,8.103564284415347,0.009715187356488844,8.103564284415347,0.07583122320324669
4302,8.10556464811784,0.00884340505861831,8.10556464811784,0.08053916761342458
4303,8.10756501182033,0.009885773797344313,8.10756501182033,0.08379807017486715
4304,8.109565375522822,0.011454915369513194,8.109565375522823,0.08510093669268155
4305,8.111565739225313,0.009272344672382209,8.111565739225313,0.08421381506626882
4306,8.113566102927804,0.00610339781369085,8.113566102927804,0.08126406175575497
4307,8.115566466630295,0.004234674533181639,8.115566466630296,0.07669099589231591
4308,8.117566830332787,0.003193399690111957,8.117566830332787,0.0710915433494416
4309,8.119567194035278,0.002557177952337865,8.119567194035278,0.06505197730100763
4310,8.12156755773777,0.0021311877225845487,8.12156755773777,0.0590383570593204
4311,8.12356792144026,0.0018252030083192163,8.123567921440262,0.05336156029797277
4312,8.125568285142752,0.0015937697443223918,8.125568285142753,0.04819345856950131
4313,8.127568648845244,0.0014119147411489979,8.127568648845244,0.043603721645811916
4314,8.129569012547735,0.0012648457169627551,8.129569012547735,0.0395969597374152
4315,8.131569376250226,0.0011432359544249213,8.131569376250228,0.03614169928245917
4316,8.133569739952717,0.0010408950028397482,8.13356973995272,0.033189962254507745
4317,8.135570103655208,0.0009535368399415655,8.135570103655208,0.030689210269857565
4318,8.1375704673577,0.0008780885566987583,8.137570467357701,0.028588994670205814
4319,8.139570831060192,0.000812281964315651,8.139570831060192,0.026844280803931996
4320,8.141571194762683,0.0007544014147240304,8.141571194762685,0.025416838515822476
4321,8.143571558465174,0.0007031220017727206,8.143571558465174,0.024275594333205298
4322,8.145571922167665,0.0006574022408927143,8.145571922167667,0.023396485866864533
4323,8.147572285870156,0.0006164107900453116,8.147572285870158,0.02276212724624573
4324,8.149572649572649,0.0005794751273851559,8.14957264957265,0.022361449637014055
4325,8.15157301327514,0.0005460447943190951,8.15157301327514,0.022189389916714625
4326,8.153573376977631,0.0005156645447812983,8.153573376977631,0.0222466376277403
4327,8.155573740680124,0.0004879543834198176,8.155573740680124,0.02253939514091402
4328,8.157574104382615,0.0004625944907287875,8.157574104382615,0.023079040590474078
4329,8.159574468085106,0.00043931367750288023,8.159574468085106,0.0238814890049457
4330,8.161574831787597,0.000417880429590298,8.161574831787597,0.02496590393258606
4331,8.16357519549009,0.0003980958817196763,8.16357519549009,0.02635220211522258
4332,8.16557555919258,0.00037978824714670966,8.165575559192579,0.028056519813358768
4333,8.167575922895072,0.00036280835933157133,8.167575922895072,0.03008353957349983
4334,8.169576286597563,0.0003470260724868899,8.169576286597563,0.0324145387911769
4335,8.171576650300056,0.0003323273322335548,8.171576650300056,0.03499074144781574
4336,8.173577014002547,0.0003186117739925526,8.173577014002545,0.037693907089813544
4337,8.175577377705038,0.00030579074058699,8.175577377705036,0.04033085033317855
4338,8.177577741407529,0.00029378563551404766,8.177577741407529,0.04263479182203059
4339,8.17957810511002,0.0002825265469921307,8.17957810511002,0.04429886957655589
4340,8.18157846881251,0.00027195109194524307,8.18157846881251,0.045046780711246646
4341,8.183578832515003,0.0002620034397835793,8.183578832515002,0.04471960982951735
4342,8.185579196217494,0.00025263348405179424,8.185579196217494,0.04333413599247786
4343,8.187579559919985,0.000243796136373186,8.187579559919985,0.04107572785579793
4344,8.189579923622476,0.0002354507220770327,8.189579923622476,0.03823053736978192
4345,8.191580287324967,0.0002275604607922252,8.191580287324967,0.03509873873635784
4346,8.19358065102746,0.00022009201837266577,8.193580651027458,0.03193049573703119
4347,8.195581014729951,0.00021301511897380286,8.195581014729951,0.028899731124265377
4348,8.197581378432442,0.00020630220806513332,8.19758137843244,0.026107300380437484
4349,8.199581742134933,0.00019992815874712318,8.199581742134933,0.023597998016096904
4350,8.201582105837424,0.0001938700150232973,8.201582105837424,0.021379665697226567
4351,8.203582469539915,0.0001881067667224648,8.203582469539917,0.01943883948547113
4352,8.205582833242408,0.00018261915162015555,8.205582833242406,0.017751640939745274
4353,8.2075831969449,0.0001773894810103912,8.2075831969449,0.016290566442032618
4354,8.20958356064739,0.0001724014855583303,8.20958356064739,0.015028338289877147
4355,8.211583924349881,0.00016764017874486972,8.211583924349883,0.013939866404241703
4356,8.213584288052372,0.00016309173561395964,8.213584288052372,0.013003086818870873
4357,8.215584651754865,0.00015874338486752314,8.215584651754863,0.012199179159111815
4358,8.217585015457356,0.00015458331263296858,8.217585015457356,0.011512470217975657
4359,8.219585379159847,0.00015060057646392304,8.219585379159847,0.0109302014856373
4360,8.221585742862338,0.00014678502833392743,8.221585742862338,0.010442257945397639
4361,8.223586106564829,0.00014312724555127669,8.223586106564829,0.010040906775377207
4362,8.22558647026732,0.00013961846866646468,8.225586470267322,0.009720564900548422
4363,8.227586833969813,0.00013625054556570205,8.227586833969813,0.009477594447319567
4364,8.229587197672304,0.00013301588104828253,8.229587197672304,0.009310108348033575
4365,8.231587561374795,0.00012990739127488756,8.231587561374795,0.009217749134587248
4366,8.233587925077286,0.0001269184625507865,8.233587925077286,0.009201377283915827
4367,8.235588288779777,0.00012404291397393992,8.235588288779779,0.00926256687219405
4368,8.23758865248227,0.000121274963535173,8.237588652482268,0.009402754316115565
4369,8.23958901618476,0.00011860919730701219,8.23958901618476,0.009621829467526736
4370,8.241589379887252,0.0001160405414006189,8.241589379887252,0.009915932423761199
4371,8.243589743589743,0.00011356423640760973,8.243589743589745,0.01027431167091891
4372,8.245590107292234,0.0001111758140759623,8.245590107292234,0.010675469379354714
4373,8.247590470994725,0.00010887107599761447,8.247590470994727,0.011083646968747411
4374,8.249590834697218,0.00010664607411015914,8.249590834697218,0.011447930132361525
4375,8.251591198399709,0.00010449709283680182,8.25159119839971,0.01170708376971645
4376,8.2535915621022,0.00010242063270781294,8.2535915621022,0.011801954057693468
4377,8.25559192580469,0.00010041339532357248,8.25559192580469,0.011692729798967669
4378,8.257592289507182,9.847226953405487e-05,8.257592289507183,0.011372926150497486
4379,8.259592653209674,9.659431872271606e-05,8.259592653209674,0.010871536093161981
4380,8.261593016912165,9.477676909430525e-05,8.261593016912165,0.010241908398740285
4381,8.263593380614656,9.301699887634143e-05,8.263593380614656,0.009544418909717549
4382,8.265593744317147,9.131252835313264e-05,8.26559374431715,0.008831993871856304
4383,8.267594108019638,8.966101065924253e-05,8.26759410801964,0.008142987227792655
4384,8.26959447172213,8.806022326652454e-05,8.269594471722131,0.007500623282160066
4385,8.271594835424622,8.6508060105239e-05,8.271594835424622,0.0069159679619214464
4386,8.273595199127113,8.500252426549225e-05,8.273595199127113,0.0063917891863830845
4387,8.275595562829604,8.354172123032185e-05,8.275595562829606,0.005925903877204995
4388,8.277595926532095,8.212385259636405e-05,8.277595926532095,0.005513586260786493
4389,8.279596290234586,8.074721024209395e-05,8.279596290234588,0.005149105160237791
4390,8.281596653937079,7.941017090732833e-05,8.281596653937079,0.004826614158497549
4391,8.28359701763957,7.811119115098135e-05,8.28359701763957,0.0045406155591452045
4392,8.285597381342061,7.684880265701204e-05,8.285597381342061,0.0042861658434181285
4393,8.287597745044552,7.56216078612126e-05,8.287597745044554,0.0040589349411366575
4394,8.289598108747043,7.442827587386108e-05,8.289598108747045,0.003855188993574736
4395,8.291598472449534,7.326753867545941e-05,8.291598472449534,0.003671737462748704
4396,8.293598836152027,7.213818756473561e-05,8.293598836152027,0.0035058673462251807
4397,8.295599199854518,7.10390698398741e-05,8.295599199854518,0.0033552764468434957
4398,8.297599563557009,6.99690856955305e-05,8.29759956355701,0.0032180114395378256
4399,8.2995999272595,6.892718531967666e-05,8.2995999272595,0.003092413047856712
4400,8.301600290961993,6.791236617561626e-05,8.301600290961993,0.0029770688346668346
4401,8.303600654664484,6.692367045573106e-05,8.303600654664484,0.0028707732233181214
4402,8.305601018366975,6.596018269461058e-05,8.305601018366977,0.002772493983783913
4403,8.307601382069466,6.502102753019935e-05,8.307601382069466,0.0026813443048994824
4404,8.309601745771959,6.410536760252657e-05,8.309601745771959,0.0025965595945829276
4405,8.31160210947445,6.321240158038526e-05,8.31160210947445,0.002517478230998032
4406,8.31360247317694,6.234136230709611e-05,8.31360247317694,0.0024435255896418746
4407,8.315602836879433,6.149151505717512e-05,8.315602836879432,0.002374200774355791
4408,8.317603200581924,6.066215589635808e-05,8.317603200581923,0.0023090655749722954
4409,8.319603564284415,5.985261013799828e-05,8.319603564284415,0.0022477352571776124
4410,8.321603927986907,5.906223088940252e-05,8.321603927986907,0.0021898708605700788
4411,8.323604291689398,5.829039768213224e-05,8.323604291689398,0.0021351727396324237
4412,8.32560465539189,5.7536515180751865e-05,8.325604655391889,0.002083375130772416
4413,8.327605019094381,5.680001196491317e-05,8.327605019094381,0.0020342415682437476
4414,8.329605382796872,5.608033938002623e-05,8.329605382796872,0.0019875610040791802
4415,8.331605746499363,5.537697045213138e-05,8.331605746499362,0.001943144513449939
4416,8.333606110201854,5.468939886288202e-05,8.333606110201854,0.0019008224882094893
4417,8.335606473904345,5.401713798085089e-05,8.335606473904345,0.00186044223871842
4418,8.337606837606838,5.3359719945636055e-05,8.337606837606838,0.00182186593813807
4419,8.33960720130933,5.2716694801493576e-05,8.339607201309327,0.0017849688548517357
4420,8.34160756501182,5.208762967744092e-05,8.34160756501182,0.0017496378280223931
4421,8.343607928714311,5.1472108011003344e-05,8.343607928714311,0.0017157699489363588
4422,8.345608292416802,5.086972881295168e-05,8.345608292416804,0.0016832714170362047
4423,8.347608656119295,5.0280105970569864e-05,8.347608656119293,0.0016520565446815907
4424,8.349609019821786,4.970286758715577e-05,8.349609019821786,0.0016220468889003709
4425,8.351609383524277,4.913765535560419e-05,8.351609383524277,0.0015931704918786223
4426,8.353609747226768,4.85841239640781e-05,8.353609747226768,0.0015653612148204083
4427,8.355610110929259,4.8041940531891094e-05,8.355610110929259,0.001538558152200679
4428,8.35761047463175,4.7510784073854946e-05,8.35761047463175,0.0015127051154229924
4429,8.359610838334243,4.6990344991456486e-05,8.359610838334243,0.0014877501765533185
4430,8.361611202036734,4.6480324589336436e-05,8.361611202036734,0.0014636452641874308
4431,8.363611565739225,4.598043461563186e-05,8.363611565739225,0.0014403458046733915
4432,8.365611929441716,4.5490396824849266e-05,8.365611929441716,0.0014178104028877542
4433,8.367612293144207,4.500994256200528e-05,8.367612293144209,0.0013960005575889066
4434,8.3696126568467,4.453881236685887e-05,8.3696126568467,0.0013748804070666774
4435,8.37161302054919,4.4076755597131795e-05,8.371613020549189,0.0013544165013981797
4436,8.373613384251682,4.3623530069674764e-05,8.373613384251682,0.0013345775981204232
4437,8.375613747954173,4.317890171861312e-05,8.375613747954173,0.0013153344785574782
4438,8.377614111656664,4.274264426955231e-05,8.377614111656666,0.0012966597824034328
4439,8.379614475359155,4.2314538928985974e-05,8.379614475359155,0.001278527858474611
4440,8.381614839061648,4.1894374088098615e-05,8.381614839061648,0.0012609146298111094
4441,8.383615202764139,4.148194504020489e-05,8.383615202764139,0.0012437974715377624
4442,8.38561556646663,4.1077053711106275e-05,8.385615566466631,0.0012271551000917512
4443,8.38761593016912,4.067950840169875e-05,8.38761593016912,0.0012109674725953462
4444,8.389616293871612,4.0289123542193294e-05,8.389616293871613,0.001195215695299445
4445,8.391616657574104,3.99057194573541e-05,8.391616657574104,0.001179881940151954
4446,8.393617021276595,3.952912214219356e-05,8.393617021276595,0.0011649493686556693
4447,8.395617384979086,3.9159163047589484e-05,8.395617384979086,0.0011504020622776071
4448,8.397617748681578,3.879567887533033e-05,8.397617748681578,0.0011362249587556186
4449,8.399618112384069,3.843851138211222e-05,8.39961811238407,0.0011224037937222861
4450,8.40161847608656,3.808750719204421e-05,8.40161847608656,0.001108925047130048
4451,8.403618839789052,3.77425176172406e-05,8.403618839789052,0.0010957758940185118
4452,8.405619203491543,3.74033984861048e-05,8.405619203491543,0.0010829441592145493
4453,8.407619567194034,3.707000997892535e-05,8.407619567194036,0.0010704182755991668
4454,8.409619930896525,3.6742216470434556e-05,8.409619930896525,0.0010581872456141208
4455,8.411620294599016,3.641988637899024e-05,8.411620294599016,0.0010462406057149512
4456,8.41362065830151,3.6102892022064545e-05,8.41362065830151,0.0010345683935075241
4457,8.415621022004,3.579110947774073e-05,8.415621022004,0.0010231611173314435
4458,8.417621385706491,3.5484418451929765e-05,8.417621385706491,0.0010120097280777514
4459,8.419621749408982,3.518270215104256e-05,8.419621749408982,0.0010011055930490601
4460,8.421622113111473,3.488584715985905e-05,8.421622113111475,0.000990440471689256
4461,8.423622476813964,3.459374332435395e-05,8.423622476813966,0.0009800064930262308
4462,8.425622840516457,3.430628363924956e-05,8.425622840516457,0.0009697961346863441
4463,8.427623204218948,3.402336414007984e-05,8.427623204218948,0.0009598022033523446
4464,8.429623567921439,3.374488379955643e-05,8.42962356792144,0.0009500178165486589
4465,8.43162393162393,3.347074442804538e-05,8.431623931623932,0.0009404363856482826
4466,8.433624295326421,3.320085057796603e-05,8.433624295326421,0.0009310516000054297
4467,8.435624659028914,3.293510945193681e-05,8.435624659028914,0.0009218574121264456
4468,8.437625022731405,3.267343081450172e-05,8.437625022731405,0.0009128480237994799
4469,8.439625386433896,3.2415726907275746e-05,8.439625386433898,0.0009040178731100742
4470,8.441625750136387,3.2161912367361964e-05,8.441625750136387,0.0008953616222764318
4471,8.443626113838878,3.191190414889407e-05,8.44362611383888,0.0008868741462435782
4472,8.445626477541369,3.1665621447568856e-05,8.44562647754137,0.0008785505219809849
4473,8.447626841243862,3.142298562803865e-05,8.447626841243864,0.0008703860184325943
4474,8.449627204946353,3.1183920154041255e-05,8.449627204946353,0.0008623760870726848
4475,8.451627568648844,3.094835052114717e-05,8.451627568648844,0.000854516353024614
4476,8.453627932351337,3.0716204192015905e-05,8.453627932351337,0.0008468026067031717
4477,8.455628296053828,3.0487410534052172e-05,8.455628296053828,0.0008392307959441495
4478,8.457628659756319,3.026190075936161e-05,8.457628659756319,0.0008317970185878849
4479,8.45962902345881,3.0039607866909916e-05,8.45962902345881,0.0008244975154859442
4480,8.461629387161302,2.9820466586791165e-05,8.461629387161302,0.0008173286639026939
4481,8.463629750863793,2.960441332652077e-05,8.463629750863793,0.0008102869712854388
4482,8.465630114566284,2.9391386119266884e-05,8.465630114566284,0.0008033690693790457
4483,8.467630478268775,2.9181324573941553e-05,8.467630478268775,0.0007965717086625959
4484,8.469630841971268,2.897416982707512e-05,8.469630841971268,0.0007898917530874707
4485,8.47163120567376,2.87698644964023e-05,8.47163120567376,0.0007833261750975541
4486,8.47363156937625,2.85683526360882e-05,8.473631569376249,0.0007768720509138823
4487,8.475631933078741,2.8369579693531386e-05,8.475631933078741,0.0007705265560671668
4488,8.477632296781232,2.817349246767828e-05,8.477632296781232,0.0007642869611629768
4489,8.479632660483725,2.7980039068789666e-05,8.479632660483725,0.0007581506278652313
4490,8.481633024186216,2.7789168879602086e-05,8.481633024186214,0.0007521150050848694
4491,8.483633387888707,2.7600832517827178e-05,8.483633387888707,0.0007461776253613155
4492,8.485633751591198,2.7414981799938954e-05,8.485633751591198,0.0007403361014253743
4493,8.48763411529369,2.7231569706196868e-05,8.487634115293691,0.0007345881229327593
4494,8.48963447899618,2.705055034685709e-05,8.48963447899618,0.0007289314533583887
4495,8.491634842698673,2.687187892952603e-05,8.491634842698671,0.0007233639270420919
4496,8.493635206401164,2.669551172761273e-05,8.493635206401164,0.0007178834463771405
4497,8.495635570103655,2.6521406049836027e-05,8.495635570103655,0.0007124879791333906
4498,8.497635933806146,2.6349520210748964e-05,8.497635933806146,0.0007071755559075495
4499,8.499636297508637,2.6179813502239813e-05,8.499636297508637,0.0007019442676934168
4500,8.50163666121113,2.6012246165973437e-05,8.50163666121113,0.0006967922635655486
4501,8.50363702491362,2.5846779366738334e-05,8.50363702491362,0.000691717748470036
4502,8.505637388616112,2.5683375166663494e-05,8.505637388616112,0.0006867189811166513
4503,8.507637752318603,2.5521996500275283e-05,8.507637752318603,0.0006817942719668575
4504,8.509638116021094,2.5362607150361236e-05,8.509638116021096,0.0006769419813126225
4505,8.511638479723585,2.5205171724611775e-05,8.511638479723587,0.0006721605174411524
4506,8.513638843426078,2.504965563301109e-05,8.513638843426076,0.0006674483348810951
4507,8.515639207128569,2.4896025065950394e-05,8.515639207128569,0.0006628039327259236
4508,8.51763957083106,2.4744246973035548e-05,8.51763957083106,0.0006582258530305828
4509,8.51963993453355,2.4594289042566386e-05,8.51963993453355,0.0006537126792775589
4510,8.521640298236042,2.4446119681661482e-05,8.521640298236042,0.0006492630349088902
4511,8.523640661938535,2.4299707997006087e-05,8.523640661938535,0.0006448755819208262
4512,8.525641025641026,2.4155023776201218e-05,8.525641025641026,0.0006405490195179253
4513,8.527641389343517,2.4012037469691212e-05,8.527641389343517,0.0006362820828237044
4514,8.529641753046008,2.3870720173251092e-05,8.529641753046008,0.0006320735416450134
4515,8.531642116748499,2.3731043611012666e-05,8.531642116748499,0.0006279221992875645
4516,8.53364248045099,2.359298011901089e-05,8.533642480450991,0.0006238268914200634
4517,8.535642844153482,2.3456502629232316e-05,8.53564284415348,0.0006197864849846644
4518,8.537643207855973,2.3321584654148522e-05,8.537643207855973,0.0006157998771514878
4519,8.539643571558464,2.3188200271716456e-05,8.539643571558464,0.0006118659943151755
4520,8.541643935260955,2.3056324110831446e-05,8.541643935260957,0.0006079837911314283
4521,8.543644298963446,2.2925931337215856e-05,8.543644298963446,0.0006041522495917181
4522,8.54564466266594,2.2796997639729115e-05,8.54564466266594,0.0006003703781343602
4523,8.54764502636843,2.266949921708507e-05,8.54764502636843,0.0005966372107903291
4524,8.549645390070921,2.2543412764961534e-05,8.549645390070923,0.0005929518063621583
4525,8.551645753773412,2.2418715463490764e-05,8.551645753773412,0.0005893132476344794
4526,8.553646117475903,2.229538496511646e-05,8.553646117475903,0.0005857206406147313
4527,8.555646481178394,2.2173399382805737e-05,8.555646481178396,0.0005821731138027465
4528,8.557646844880887,2.2052737278604055e-05,8.557646844880887,0.0005786698174878587
4529,8.559647208583378,2.193337765252217e-05,8.559647208583378,0.0005752099230723768
4530,8.56164757228587,2.181529993174287e-05,8.56164757228587,0.0005717926224202224
4531,8.56364793598836,2.169848396013875e-05,8.563647935988362,0.0005684171272296944
4532,8.565648299690851,2.1582909988089497e-05,8.565648299690853,0.0005650826684292465
4533,8.567648663393344,2.1468558662589346e-05,8.567648663393344,0.0005617884955953422
4534,8.569649027095835,2.135541101763567e-05,8.569649027095835,0.0005585338763914098
4535,8.571649390798326,2.124344846488843e-05,8.571649390798326,0.0005553180960270472
4536,8.573649754500817,2.1132652784593375e-05,8.573649754500819,0.0005521404567365649
4537,8.575650118203308,2.102300611675921e-05,8.575650118203308,0.0005490002772761079
4538,8.5776504819058,2.0914490952581184e-05,8.5776504819058,0.0005458968924385435
4539,8.579650845608292,2.0807090126103526e-05,8.579650845608292,0.0005428296525854321
4540,8.581651209310783,2.0700786806111954e-05,8.581651209310785,0.0005397979231953194
4541,8.583651573013274,2.059556448825072e-05,8.583651573013274,0.0005368010844277294
4542,8.585651936715765,2.049140698735571e-05,8.585651936715767,0.0005338385307021887
4543,8.587652300418256,2.0388298429997553e-05,8.587652300418258,0.0005309096702917218
4544,8.589652664120749,2.0286223247227828e-05,8.58965266412075,0.0005280139249301788
4545,8.59165302782324,2.0185166167522634e-05,8.59165302782324,0.0005251507294328934
4546,8.59365339152573,2.0085112209916196e-05,8.59365339152573,0.0005223195313301073
4547,8.595653755228222,1.998604667732018e-05,8.595653755228224,0.0005195197905127041
4548,8.597654118930713,1.9887955150022e-05,8.597654118930715,0.0005167509788897171
4549,8.599654482633206,1.979082347935672e-05,8.599654482633206,0.0005140125800571954
4550,8.601654846335697,1.9694637781548e-05,8.601654846335697,0.0005113040889779604
4551,8.603655210038188,1.959938443171152e-05,8.60365521003819,0.0005086250116718707
4552,8.605655573740679,1.9505050058017644e-05,8.60565557374068,0.0005059748649161493
4553,8.607655937443171,1.9411621536007345e-05,8.607655937443171,0.0005033531759554262
4554,8.609656301145662,1.9319085983057228e-05,8.609656301145662,0.0005007594822211026
4555,8.611656664848153,1.922743075298904e-05,8.611656664848153,0.0004981933310597246
4556,8.613657028550646,1.9136643430819863e-05,8.613657028550646,0.0004956542794699833
4557,8.615657392253137,1.90467118276476e-05,8.615657392253135,0.0004931418938480566
4558,8.617657755955628,1.8957623975669357e-05,8.617657755955628,0.0004906557497409594
4559,8.61965811965812,1.8869368123327555e-05,8.61965811965812,0.00048819543160764516
4560,8.621658483360612,1.8781932730580562e-05,8.621658483360612,0.00048576053258752596
4561,8.623658847063103,1.8695306464294334e-05,8.623658847063101,0.000483350654276184
4562,8.625659210765594,1.8609478193750745e-05,8.625659210765594,0.00048096540650798355
4563,8.627659574468085,1.8524436986270392e-05,8.627659574468085,0.0004786044071453728
4564,8.629659938170576,1.8440172102945644e-05,8.629659938170578,0.00047626728187459246
4565,8.631660301873067,1.8356672994481126e-05,8.631660301873067,0.0004739536640075981
4566,8.63366066557556,1.8273929297138433e-05,8.633660665575558,0.0004716631942899503
4567,8.635661029278051,1.819193082878249e-05,8.635661029278051,0.0004693955207144989
4568,8.637661392980542,1.8110667585025662e-05,8.63766139298054,0.0004671502983406154
4569,8.639661756683033,1.8030129735468172e-05,8.639661756683033,0.00046492718911880234
4570,8.641662120385524,1.7950307620031047e-05,8.641662120385524,0.00046272586172051025
4571,8.643662484088017,1.7871191745379444e-05,8.643662484088017,0.00046054599137294465
4572,8.645662847790508,1.7792772781433966e-05,8.645662847790506,0.00045838725969872475
4573,8.647663211492999,1.7715041557966756e-05,8.647663211492999,0.0004562493545602036
4574,8.64966357519549,1.7637989061280997e-05,8.64966357519549,0.00045413196990832426
4575,8.65166393889798,1.7561606430970853e-05,8.65166393889798,0.0004520348056358194
4576,8.653664302600472,1.748588495675977e-05,8.653664302600472,0.00044995756743463917
4577,8.655664666302965,1.741081607541495e-05,8.655664666302963,0.00044789996665744314
4578,8.657665030005456,1.7336391367736248e-05,8.657665030005456,0.0004458617201830527
4579,8.659665393707947,1.7262602555616552e-05,8.659665393707947,0.0004438425502856928
4580,8.661665757410438,1.7189441499172915e-05,8.661665757410438,0.00044184218450793114
4581,8.663666121112929,1.71169001939455e-05,8.663666121112929,0.0004398603555371693
4582,8.665666484815421,1.7044970768162997e-05,8.665666484815421,0.00043789680108559934
4583,8.667666848517912,1.697364548007281e-05,8.667666848517912,0.0004359512637734799
4584,8.669667212220403,1.6902916715333504e-05,8.669667212220402,0.0004340234910156487
4585,8.671667575922894,1.6832776984468986e-05,8.671667575922894,0.0004321132349111499
4586,8.673667939625386,1.6763218920381865e-05,8.673667939625386,0.00043022025213590415
4587,8.675668303327877,1.6694235275924804e-05,8.675668303327878,0.0004283443038382876
4588,8.67766866703037,1.662581892152816e-05,8.677668667030368,0.0004264851555375574
4589,8.67966903073286,1.6557962842882763e-05,8.67966903073286,0.0004246425770250129
4590,8.681669394435351,1.6490660138675643e-05,8.681669394435351,0.0004228163422678332
4591,8.683669758137842,1.6423904018378228e-05,8.683669758137844,0.0004210062293154741
4592,8.685670121840333,1.6357687800084986e-05,8.685670121840333,0.0004192120202085715
4593,8.687670485542826,1.6292004908401372e-05,8.687670485542826,0.0004174335008902537
4594,8.689670849245317,1.6226848872380096e-05,8.689670849245317,0.0004156704611198152
4595,8.691671212947808,1.6162213323503636e-05,8.691671212947808,0.00041392269438864554
4596,8.6936715766503,1.6098091993712883e-05,8.6936715766503,0.0004121899978383716
4597,8.69567194035279,1.603447871347993e-05,8.69567194035279,0.0004104721721811257
4598,8.697672304055281,1.5971367409924164e-05,8.697672304055283,0.0004087690216219014
4599,8.699672667757774,1.590875210497045e-05,8.699672667757774,0.00040708035378290194
4600,8.701673031460265,1.5846626913548682e-05,8.701673031460265,0.00040540597962984644
4601,8.703673395162756,1.5784986041832833e-05,8.703673395162756,0.00040374571340015764
4602,8.705673758865247,1.572382378551954e-05,8.705673758865249,0.00040209937253299767
4603,8.707674122567738,1.566313452814442e-05,8.70767412256774,0.0004004667776010701
4604,8.70967448627023,1.560291273943554e-05,8.709674486270229,0.0003988477522441562
4605,8.711674849972722,1.554315297370316e-05,8.711674849972722,0.0003972421231043199
4606,8.713675213675213,1.54838498682643e-05,8.713675213675213,0.0003956497197627542
4607,8.715675577377704,1.54249981419021e-05,8.715675577377706,0.0003940703746781931
4608,8.717675941080195,1.5366592593358473e-05,8.717675941080195,0.0003925039231268658
4609,8.719676304782686,1.5308628099859375e-05,8.719676304782688,0.0003909502031439326
4610,8.721676668485179,1.5251099615671992e-05,8.721676668485179,0.00038940905546638134
4611,8.72367703218767,1.5194002170693142e-05,8.723677032187672,0.0003878803234773159
4612,8.72567739589016,1.5137330869067561e-05,8.72567739589016,0.0003863638531516168
4613,8.727677759592652,1.50810808878362e-05,8.727677759592654,0.00038485949300292183
4614,8.729678123295143,1.5025247475613098e-05,8.729678123295145,0.0003833670940319079
4615,8.731678486997636,1.496982595129043e-05,8.731678486997636,0.00038188650967581296
4616,8.733678850700127,1.4914811702771202e-05,8.733678850700127,0.0003804175957591823
4617,8.735679214402618,1.486020018572828e-05,8.735679214402618,0.0003789602104457913
4618,8.737679578105109,1.4805986922390045e-05,8.73767957810511,0.00037751421419173105
4619,8.7396799418076,1.4752167500351255e-05,8.739679941807601,0.00037607946969959956
4620,8.74168030551009,1.4698737571408926e-05,8.741680305510092,0.00037465584187378883
4621,8.743680669212583,1.464569285042241e-05,8.743680669212583,0.00037324319777682106
4622,8.745681032915074,1.4593029114197453e-05,8.745681032915076,0.00037184140658672683
4623,8.747681396617565,1.4540742200392936e-05,8.747681396617565,0.00037045033955541274
4624,8.749681760320057,1.4488828006450707e-05,8.749681760320057,0.00036906986996800126
4625,8.75168212402255,1.4437282488547192e-05,8.75168212402255,0.00036769987310313024
4626,8.75368248772504,1.4386101660566649e-05,8.75368248772504,0.00036634022619416035
4627,8.755682851427531,1.433528159309558e-05,8.755682851427531,0.00036499080839128706
4628,8.757683215130022,1.4284818412437374e-05,8.757683215130022,0.00036365150072451794
4629,8.759683578832515,1.4234708299647373e-05,8.759683578832515,0.00036232218606751105
4630,8.761683942535006,1.4184947489587336e-05,8.761683942535006,0.00036100274910222906
4631,8.763684306237497,1.4135532269999141e-05,8.763684306237497,0.00035969307628440394
4632,8.765684669939988,1.4086458980597092e-05,8.765684669939988,0.00035839305580977903
4633,8.767685033642481,1.4037724012178741e-05,8.767685033642481,0.00035710257758112646
4634,8.769685397344972,1.3989323805753152e-05,8.769685397344972,0.00035582153317599465
4635,8.771685761047463,1.3941254851686994e-05,8.771685761047461,0.00035454981581518777
4636,8.773686124749954,1.3893513688867495e-05,8.773686124749954,0.00035328732033194183
4637,8.775686488452447,1.3846096903882048e-05,8.775686488452445,0.0003520339431418001
4638,8.777686852154938,1.3799001130214267e-05,8.777686852154938,0.0003507895822131455
4639,8.779687215857429,1.3752223047455597e-05,8.779687215857427,0.0003495541370383911
4640,8.78168757955992,1.370575938053282e-05,8.78168757955992,0.00034832750860579946
4641,8.78368794326241,1.3659606898950602e-05,8.78368794326241,0.0003471095993719319
4642,8.785688306964902,1.3613762416048887e-05,8.785688306964904,0.0003459003132346893
4643,8.787688670667395,1.3568222788274812e-05,8.787688670667393,0.00034469955550694824
4644,8.789689034369886,1.3522984914468983e-05,8.789689034369884,0.00034350723289076164
4645,8.791689398072377,1.3478045735165277e-05,8.791689398072377,0.00034232325345213147
4646,8.793689761774868,1.343340223190456e-05,8.793689761774868,0.00034114752659631265
4647,8.795690125477359,1.33890514265615e-05,8.795690125477359,0.0003399799630436563
4648,8.797690489179852,1.3344990380684375e-05,8.79769048917985,0.00033882047480596244
4649,8.799690852882343,1.3301216194847711e-05,8.799690852882343,0.0003376689751633503
4650,8.801691216584834,1.3257726008017014e-05,8.801691216584834,0.00033652537864160847
4651,8.803691580287325,1.3214516996925975e-05,8.803691580287325,0.00033538960099003276
4652,8.805691943989816,1.3171586375465365e-05,8.805691943989816,0.0003342615591597259
4653,8.807692307692307,1.312893139408359e-05,8.807692307692308,0.00033314117128236455
4654,8.8096926713948,1.3086549339198579e-05,8.8096926713948,0.0003320283566494027
4655,8.81169303509729,1.3044437532620937e-05,8.811693035097289,0.0003309230356917146
4656,8.813693398799781,1.3002593330987644e-05,8.813693398799781,0.00032982512995965746
4657,8.815693762502272,1.2961014125206747e-05,8.815693762502272,0.00032873456210355827
4658,8.817694126204763,1.2919697339912261e-05,8.817694126204765,0.0003276512558545942
4659,8.819694489907256,1.287864043292929e-05,8.819694489907254,0.000326575136006075
4660,8.821694853609747,1.2837840894749266e-05,8.821694853609747,0.0003255061283951023
4661,8.823695217312238,1.2797296248014609e-05,8.823695217312238,0.00032444415988461733
4662,8.82569558101473,1.275700404701329e-05,8.825695581014731,0.00032338915834580423
4663,8.82769594471722,1.271696187718255e-05,8.82769594471722,0.00032234105264085855
4664,8.829696308419711,1.2677167354621815e-05,8.829696308419711,0.0003212997726060986
4665,8.831696672122204,1.2637618125614529e-05,8.831696672122204,0.00032026524903543016
4666,8.833697035824695,1.2598311866158925e-05,8.833697035824695,0.0003192374136641333
4667,8.835697399527186,1.2559246281507035e-05,8.835697399527186,0.0003182161991529824
4668,8.837697763229677,1.2520419105712454e-05,8.837697763229677,0.0003172015390726772
4669,8.839698126932168,1.248182810118614e-05,8.83969812693217,0.00031619336788859685
4670,8.841698490634661,1.2443471058260315e-05,8.841698490634661,0.0003151916209458449
4671,8.843698854337152,1.2405345794760341e-05,8.843698854337152,0.00031419623445460014
4672,8.845699218039643,1.23674501555841e-05,8.845699218039643,0.00031320714547574877
4673,8.847699581742134,1.2329782012289167e-05,8.847699581742136,0.00031222429190681165
4674,8.849699945444625,1.2292339262687296e-05,8.849699945444627,0.0003112476124681378
4675,8.851700309147116,1.2255119830446164e-05,8.851700309147116,0.0003102770466893739
4676,8.853700672849609,1.221812166469821e-05,8.853700672849609,0.0003093125348961938
4677,8.8557010365521,1.2181342739656572e-05,8.8557010365521,0.00030835401819729425
4678,8.85770140025459,1.2144781054237563e-05,8.857701400254593,0.0003074014384716353
4679,8.859701763957082,1.2108434631690122e-05,8.859701763957082,0.00030645473835593206
4680,8.861702127659573,1.2072301519231651e-05,8.861702127659575,0.0003055138612323839
4681,8.863702491362066,1.2036379787690296e-05,8.863702491362066,0.0003045787512166469
4682,8.865702855064557,1.2000667531153624e-05,8.865702855064557,0.00030364935314603034
4683,8.867703218767048,1.1965162866623201e-05,8.867703218767048,0.0003027256125679185
4684,8.869703582469539,1.1929863933675459e-05,8.869703582469539,0.0003018074757284203
4685,8.87170394617203,1.1894768894128383e-05,8.871703946172032,0.0003008948895612279
4686,8.87370430987452,1.1859875931713966e-05,8.87370430987452,0.00029998780167668916
4687,8.875704673577014,1.182518325175636e-05,8.875704673577014,0.000299086160351083
4688,8.877705037279505,1.1790689080855709e-05,8.877705037279505,0.0002981899145161049
4689,8.879705400981996,1.1756391666577169e-05,8.879705400981997,0.0002972990137485409
4690,8.881705764684487,1.1722289277145568e-05,8.881705764684487,0.0002964134082601408
4691,8.883706128386978,1.1688380201145148e-05,8.88370612838698,0.0002955330488876745
4692,8.88570649208947,1.1654662747224468e-05,8.88570649208947,0.0002946578870831819
4693,8.887706855791961,1.162113524380645e-05,8.887706855791963,0.00029378787490439605
4694,8.889707219494452,1.1587796038803159e-05,8.889707219494452,0.0002929229650053475
4695,8.891707583196943,1.1554643499335628e-05,8.891707583196943,0.00029206311062713756
4696,8.893707946899434,1.1521676011458333e-05,8.893707946899436,0.0002912082655888893
4697,8.895708310601925,1.1488891979888352e-05,8.895708310601927,0.0002903583842788563
4698,8.897708674304418,1.1456289827739069e-05,8.897708674304418,0.00028951342164569875
4699,8.89970903800691,1.142386799625846e-05,8.89970903800691,0.0002886733331899139
4700,8.9017094017094,1.1391624944571558e-05,8.901709401709402,0.00028783807495543005
4701,8.903709765411891,1.1359559149427425e-05,8.903709765411893,0.00028700760352134497
4702,8.905710129114384,1.13276691049503e-05,8.905710129114384,0.0002861818759938187
4703,8.907710492816875,1.1295953322394809e-05,8.907710492816875,0.0002853608499981075
4704,8.909710856519366,1.126441032990542e-05,8.909710856519366,0.00028454448367074795
4705,8.911711220221859,1.1233038672279628e-05,8.911711220221859,0.00028373273565187516
4706,8.91371158392435,1.1201836910735278e-05,8.913711583924348,0.00028292556507768056
4707,8.915711947626841,1.1170803622681624e-05,8.915711947626841,0.00028212293157300157
4708,8.917712311329332,1.1139937401494186e-05,8.917712311329332,0.00028132479524404884
4709,8.919712675031825,1.110923685629324e-05,8.919712675031825,0.0002805311166712557
4710,8.921713038734316,1.1078700611726106e-05,8.921713038734314,0.00027974185690225837
4711,8.923713402436807,1.1048327307752689e-05,8.923713402436807,0.00027895697744499454
4712,8.925713766139298,1.1018115599434823e-05,8.925713766139298,0.0002781764402609316
4713,8.927714129841789,1.0988064156728855e-05,8.92771412984179,0.00027740020775840566
4714,8.929714493544282,1.0958171664281627e-05,8.92971449354428,0.000276628242786081
4715,8.931714857246773,1.092843682122987e-05,8.93171485724677,0.0002758605086265194
4716,8.933715220949264,1.0898858341002585e-05,8.933715220949264,0.0002750969689898683
4717,8.935715584651755,1.0869434951126855e-05,8.935715584651755,0.00027433758800765167
4718,8.937715948354246,1.0840165393036661e-05,8.937715948354246,0.00027358233022667096
4719,8.939716312056737,1.081104842188475e-05,8.939716312056737,0.00027283116060300845
4720,8.94171667575923,1.0782082806357523e-05,8.94171667575923,0.00027208404449613954
4721,8.94371703946172,1.075326732849297e-05,8.94371703946172,0.00027134094766313976
4722,8.945717403164211,1.0724600783501272e-05,8.945717403164211,0.00027060183625299397
4723,8.947717766866703,1.0696081979588486e-05,8.947717766866703,0.0002698666768009991
4724,8.949718130569194,1.066770973778289e-05,8.949718130569194,0.0002691354362232688
4725,8.951718494271686,1.0639482891764077e-05,8.951718494271686,0.0002684080818113239
4726,8.953718857974177,1.0611400287694864e-05,8.953718857974176,0.0002676845812267789
4727,8.955719221676668,1.0583460784055602e-05,8.955719221676668,0.0002669649024961135
4728,8.95771958537916,1.0555663251481312e-05,8.95771958537916,0.0002662490140055393
4729,8.95971994908165,1.052800657260126e-05,8.959719949081652,0.00026553688449594505
4730,8.961720312784141,1.0500489641881044e-05,8.961720312784141,0.0002648284830579314
4731,8.963720676486634,1.047311136546714e-05,8.963720676486634,0.00026412377912692347
4732,8.965721040189125,1.044587066103395e-05,8.965721040189125,0.00026342274247837194
4733,8.967721403891616,1.041876645763301e-05,8.967721403891618,0.0002627253432230273
4734,8.969721767594107,1.0391797695544743e-05,8.969721767594107,0.0002620315518022952
4735,8.971722131296598,1.0364963326132388e-05,8.971722131296598,0.0002613413389836658
4736,8.973722494999091,1.0338262311698187e-05,8.973722494999091,0.000260654675856224
4737,8.975722858701582,1.0311693625341878e-05,8.975722858701582,0.00025997153382622694
4738,8.977723222404073,1.0285256250821129e-05,8.977723222404073,0.0002592918846127581
4739,8.979723586106564,1.0258949182414346e-05,8.979723586106564,0.0002586157002434485
4740,8.981723949809055,1.0232771424785428e-05,8.981723949809057,0.0002579429530502733
4741,8.983724313511546,1.0206721992850649e-05,8.983724313511546,0.00025727361566541186
4742,8.985724677214039,1.0180799911647483e-05,8.985724677214039,0.00025660766101717416
4743,8.98772504091653,1.0155004216205564e-05,8.98772504091653,0.0002559450623259991
4744,8.989725404619021,1.0129333951419351e-05,8.989725404619021,0.00025528579310051094
4745,8.991725768321512,1.0103788171922962e-05,8.991725768321512,0.0002546298271336427
4746,8.993726132024003,1.0078365941966737e-05,8.993726132024003,0.00025397713849881806
4747,8.995726495726496,1.0053066335295692e-05,8.995726495726496,0.00025332770154620077
4748,8.997726859428987,1.0027888435029857e-05,8.997726859428987,0.00025268149089899733
4749,8.999727223131478,1.0002831333546247e-05,8.999727223131478,0.0002520384814498224
4750,9.001727586833969,9.977894132362745e-06,9.001727586833969,0.00025139864835711844
4751,9.00372795053646,9.953075942023636e-06,9.003727950536462,0.0002507619670416372
4752,9.00572831423895,9.928375881986849e-06,9.005728314238953,0.0002501284131829722
4753,9.007728677941444,9.903793080512863e-06,9.007728677941442,0.00024949796271614796
4754,9.009729041643935,9.879326674555314e-06,9.009729041643935,0.00024887059182826
4755,9.011729405346426,9.854975809653078e-06,9.011729405346426,0.00024824627695517373
4756,9.013729769048917,9.830739639824064e-06,9.013729769048918,0.0002476249947782679
4757,9.015730132751408,9.806617327460534e-06,9.015730132751408,0.00024700672222123375
4758,9.0177304964539,9.782608043225901e-06,9.0177304964539,0.0002463914364469193
4759,9.019730860156391,9.758710965953165e-06,9.019730860156391,0.000245779114854229
4760,9.021731223858882,9.734925282544623e-06,9.021731223858884,0.0002451697350750656
4761,9.023731587561374,9.71125018787323e-06,9.023731587561374,0.0002445632749713222
4762,9.025731951263865,9.687684884685276e-06,9.025731951263866,0.00024395971263191786
4763,9.027732314966356,9.66422858350454e-06,9.027732314966357,0.00024335902636988407
4764,9.029732678668848,9.64088050253775e-06,9.029732678668848,0.00024276119471948996
4765,9.03173304237134,9.617639867581546e-06,9.03173304237134,0.00024216619643341547
4766,9.03373340607383,9.594505911930553e-06,9.03373340607383,0.00024157401047996375
4767,9.035733769776321,9.571477876287002e-06,9.035733769776323,0.00024098461604032167
4768,9.037734133478812,9.54855500867151e-06,9.037734133478814,0.0002403979925058565
4769,9.039734497181305,9.525736564335164e-06,9.039734497181305,0.00023981411947545671
4770,9.041734860883796,9.503021805672928e-06,9.041734860883796,0.00023923297675290973
4771,9.043735224586287,9.480410002138125e-06,9.043735224586289,0.0002386545443443244
4772,9.045735588288778,9.457900430158284e-06,9.04573558828878,0.00023807880245558724
4773,9.04773595199127,9.435492373052103e-06,9.04773595199127,0.00023750573148985938
4774,9.049736315693762,9.413185120947615e-06,9.049736315693762,0.00023693531204510844
4775,9.051736679396253,9.39097797070146e-06,9.051736679396253,0.0002363675249116823
4776,9.053737043098744,9.368870225819398e-06,9.053737043098746,0.00023580235106991328
4777,9.055737406801235,9.346861196377784e-06,9.055737406801235,0.00023523977168776188
4778,9.057737770503728,9.324950198946263e-06,9.057737770503728,0.00023467976811849135
4779,9.059738134206219,9.303136556511516e-06,9.059738134206219,0.00023412232189838283
4780,9.06173849790871,9.28141959840202e-06,9.061738497908712,0.00023356741474447792
4781,9.063738861611201,9.259798660213992e-06,9.063738861611201,0.0002330150285523588
4782,9.065739225313694,9.23827308373813e-06,9.065739225313694,0.00023246514539395643
4783,9.067739589016185,9.216842216887593e-06,9.067739589016185,0.0002319177475153972
4784,9.069739952718676,9.195505413626878e-06,9.069739952718676,0.0002313728173348753
4785,9.071740316421167,9.17426203390166e-06,9.071740316421167,0.00023083033744055918
4786,9.07374068012366,9.153111443569635e-06,9.073740680123658,0.00023029029058852554
4787,9.07574104382615,9.132053014332353e-06,9.07574104382615,0.00022975265970072846
4788,9.077741407528642,9.111086123667849e-06,9.077741407528642,0.00022921742786299247
4789,9.079741771231133,9.090210154764336e-06,9.079741771231133,0.00022868457832303792
4790,9.081742134933624,9.069424496454752e-06,9.081742134933624,0.00022815409448853185
4791,9.083742498636116,9.048728543152165e-06,9.083742498636116,0.00022762595992517176
4792,9.085742862338607,9.028121694786151e-06,9.085742862338607,0.00022710015835479162
4793,9.087743226041098,9.00760335673989e-06,9.087743226041097,0.00022657667365349836
4794,9.08974358974359,8.98717293978825e-06,9.08974358974359,0.00022605548984983183
4795,9.09174395344608,8.966829860036632e-06,9.09174395344608,0.00022553659112295566
4796,9.093744317148571,8.946573538860671e-06,9.093744317148573,0.0002250199618008695
4797,9.095744680851064,8.92640340284672e-06,9.095744680851062,0.0002245055863586489
4798,9.097745044553555,8.906318883733202e-06,9.097745044553555,0.00022399344941670727
4799,9.099745408256046,8.886319418352619e-06,9.099745408256046,0.00022348353573908782
4800,9.101745771958537,8.866404448574462e-06,9.101745771958537,0.0002229758302317744
4801,9.103746135661028,8.846573421248831e-06,9.103746135661028,0.00022247031794102635
4802,9.105746499363521,8.82682578815078e-06,9.105746499363521,0.00022196698405174125
4803,9.107746863066012,8.807161005925501e-06,9.107746863066012,0.0002214658138858356
4804,9.109747226768503,8.787578536034072e-06,9.109747226768501,0.0002209667929006508
4805,9.111747590470994,8.768077844700075e-06,9.111747590470994,0.00022046990668737865
4806,9.113747954173485,8.748658402856838e-06,9.113747954173485,0.00021997514096951343
4807,9.115748317875976,8.729319686095403e-06,9.115748317875978,0.0002194824816013207
4808,9.117748681578469,8.71006117461315e-06,9.117748681578467,0.0002189919145663302
4809,9.11974904528096,8.690882353163168e-06,9.11974904528096,0.00021850342597584625
4810,9.121749408983451,8.671782711004155e-06,9.121749408983451,0.00021801700206748408
4811,9.123749772685942,8.652761741851108e-06,9.123749772685944,0.00021753262920372112
4812,9.125750136388433,8.633818943826585e-06,9.125750136388433,0.0002170502938704708
4813,9.127750500090926,8.6149538194126e-06,9.127750500090924,0.0002165699826756736
4814,9.129750863793417,8.59616587540323e-06,9.129750863793417,0.00021609168234791145
4815,9.131751227495908,8.577454622857673e-06,9.131751227495908,0.00021561537973503674
4816,9.133751591198399,8.558819577054059e-06,9.133751591198399,0.0002151410618028223
4817,9.13575195490089,8.540260257443808e-06,9.13575195490089,0.00021466871563362744
4818,9.13775231860338,8.521776187606554e-06,9.137752318603383,0.0002141983284250862
4819,9.139752682305874,8.503366895205679e-06,9.139752682305874,0.00021372988748880886
4820,9.141753046008365,8.485031911944437e-06,9.141753046008365,0.0002132633802491038
4821,9.143753409710856,8.46677077352255e-06,9.143753409710856,0.00021279879424171373
4822,9.145753773413347,8.448583019593464e-06,9.145753773413348,0.00021233611711257293
4823,9.147754137115838,8.430468193722092e-06,9.14775413711584,0.00021187533661657775
4824,9.14975450081833,8.412425843343102e-06,9.149754500818329,0.00021141644061637493
4825,9.151754864520822,8.39445551971979e-06,9.151754864520822,0.0002109594170811641
4826,9.153755228223313,8.37655677790335e-06,9.153755228223313,0.00021050425408552067
4827,9.155755591925804,8.358729176692793e-06,9.155755591925805,0.00021005093980822935
4828,9.157755955628295,8.3409722785953e-06,9.157755955628295,0.00020959946253113667
4829,9.159756319330787,8.323285649787068e-06,9.159756319330787,0.000209149810638015
4830,9.161756683033278,8.30566886007474e-06,9.161756683033278,0.0002087019726134466
4831,9.16375704673577,8.288121482857175e-06,9.163757046735771,0.00020825593704171784
4832,9.16575741043826,8.270643095087796e-06,9.16575741043826,0.00020781169260573025
4833,9.167757774140751,8.25323327723741e-06,9.167757774140751,0.00020736922808592382
4834,9.169758137843242,8.23589161325745e-06,9.169758137843244,0.000206928532359218
4835,9.171758501545735,8.218617690543677e-06,9.171758501545735,0.00020648959439796265
4836,9.173758865248226,8.201411099900415e-06,9.173758865248226,0.00020605240326890517
4837,9.175759228950717,8.184271435505073e-06,9.175759228950717,0.0002056169481321682
4838,9.177759592653208,8.16719829487326e-06,9.17775959265321,0.00020518321824024535
4839,9.1797599563557,8.150191278824262e-06,9.179759956355701,0.000204751202937005
4840,9.181760320058192,8.133249991446916e-06,9.181760320058192,0.00020432089165671005
4841,9.183760683760683,8.116374040066025e-06,9.183760683760683,0.0002038922739230475
4842,9.185761047463174,8.099563035208996e-06,9.185761047463176,0.00020346533934817473
4843,9.187761411165665,8.082816590573067e-06,9.187761411165667,0.00020304007763177385
4844,9.189761774868156,8.06613432299283e-06,9.189761774868156,0.00020261647856012062
4845,9.191762138570647,8.0495158524082e-06,9.191762138570649,0.00020219453200516285
4846,9.19376250227314,8.03296080183273e-06,9.19376250227314,0.00020177422792361463
4847,9.195762865975631,8.016468797322397e-06,9.195762865975633,0.0002013555563560578
4848,9.197763229678122,8.000039467944632e-06,9.197763229678122,0.00020093850742605756
4849,9.199763593380613,7.983672445747854e-06,9.199763593380615,0.00020052307133928672
4850,9.201763957083104,7.967367365731314e-06,9.201763957083106,0.00020010923838266492
4851,9.203764320785597,7.95112386581528e-06,9.203764320785599,0.00019969699892350502
4852,9.205764684488088,7.93494158681169e-06,9.205764684488088,0.00019928634340867217
4853,9.207765048190579,7.918820172394978e-06,9.207765048190579,0.00019887726236375152
4854,9.209765411893072,7.902759269073434e-06,9.209765411893072,0.00019846974639223
4855,9.211765775595563,7.886758526160779e-06,9.211765775595563,0.00019806378617468447
4856,9.213766139298054,7.870817595748158e-06,9.213766139298054,0.00019765937246798247
4857,9.215766503000545,7.85493613267641e-06,9.215766503000545,0.00019725649610449053
4858,9.217766866703037,7.839113794508742e-06,9.217766866703037,0.0001968551479912962
4859,9.219767230405528,7.82335024150363e-06,9.219767230405527,0.00019645531910943587
4860,9.22176759410802,7.80764513658811e-06,9.22176759410802,0.00019605700051313313
4861,9.22376795781051,7.791998145331388e-06,9.22376795781051,0.00019566018332904892
4862,9.225768321513003,7.776408935918712e-06,9.225768321513003,0.0001952648587555377
4863,9.227768685215494,7.760877179125648e-06,9.227768685215493,0.00019487101806191494
4864,9.229769048917985,7.74540254829251e-06,9.229769048917984,0.00019447865258773132
4865,9.231769412620476,7.729984719299232e-06,9.231769412620476,0.00019408775374205959
4866,9.233769776322967,7.714623370540469e-06,9.233769776322967,0.00019369831300278617
4867,9.235770140025458,7.699318182900995e-06,9.235770140025458,0.00019331032191591445
4868,9.237770503727951,7.68406883973139e-06,9.23777050372795,0.00019292377209487315
4869,9.239770867430442,7.668875026824058e-06,9.239770867430442,0.0001925386552198378
4870,9.241771231132933,7.653736432389409e-06,9.241771231132933,0.00019215496303705623
4871,9.243771594835424,7.63865274703245e-06,9.243771594835424,0.00019177268735818455
4872,9.245771958537915,7.623623663729564e-06,9.245771958537915,0.00019139182005962916
4873,9.247772322240408,7.60864887780558e-06,9.247772322240406,0.00019101235308190004
4874,9.249772685942899,7.593728086911154e-06,9.249772685942899,0.00019063427842896835
4875,9.25177304964539,7.578860991000301e-06,9.251773049645388,0.00019025758816763397
4876,9.253773413347881,7.564047292308303e-06,9.253773413347881,0.00018988227442689833
4877,9.255773777050372,7.549286695329809e-06,9.255773777050372,0.00018950832939734852
4878,9.257774140752863,7.534578906797198e-06,9.257774140752865,0.00018913574533054484
4879,9.259774504455356,7.519923635659185e-06,9.259774504455354,0.00018876451453841829
4880,9.261774868157847,7.505320593059718e-06,9.261774868157847,0.00018839462939267254
4881,9.263775231860338,7.490769492317016e-06,9.263775231860338,0.00018802608232419712
4882,9.265775595562829,7.476270048902946e-06,9.26577559556283,0.0001876588658224835
4883,9.26777595926532,7.4618219804225915e-06,9.26777595926532,0.0001872929724350506
4884,9.269776322967813,7.447425006594039e-06,9.269776322967811,0.00018692839476687473
4885,9.271776686670304,7.43307884922846e-06,9.271776686670304,0.00018656512547982968
4886,9.273777050372795,7.418783232210307e-06,9.273777050372795,0.00018620315729213035
4887,9.275777414075286,7.404537881477837e-06,9.275777414075286,0.00018584248297778458
4888,9.277777777777777,7.390342525003806e-06,9.277777777777777,0.00018548309536604933
4889,9.279778141480268,7.376196892776388e-06,9.27977814148027,0.0001851249873408968
4890,9.28177850518276,7.362100716780298e-06,9.28177850518276,0.0001847681518404836
4891,9.283778868885252,7.348053730978187e-06,9.283778868885252,0.00018441258185662742
4892,9.285779232587743,7.334055671292129e-06,9.285779232587743,0.00018405827043428867
4893,9.287779596290234,7.320106275585426e-06,9.287779596290234,0.00018370521067106072
4894,9.289779959992725,7.306205283644564e-06,9.289779959992726,0.0001833533957166632
4895,9.291780323695217,7.292352437161365e-06,9.291780323695216,0.00018300281877244278
4896,9.293780687397708,7.278547479715402e-06,9.293780687397708,0.00018265347309087825
4897,9.2957810511002,7.264790156756483e-06,9.2957810511002,0.00018230535197509383
4898,9.29778141480269,7.25108021558746e-06,9.297781414802692,0.0001819584487783757
4899,9.299781778505182,7.237417405347157e-06,9.299781778505182,0.00018161275690369507
4900,9.301782142207673,7.2238014769934985e-06,9.301782142207674,0.0001812682698032357
4901,9.303782505910165,7.210232183286821e-06,9.303782505910165,0.0001809249809779292
4902,9.305782869612656,7.196709278773417e-06,9.305782869612658,0.00018058288397699313
4903,9.307783233315147,7.183232519769164e-06,9.307783233315147,0.0001802419723974759
4904,9.309783597017638,7.169801664343409e-06,9.309783597017638,0.0001799022398838049
4905,9.31178396072013,7.156416472303008e-06,9.311783960720131,0.0001795636801273429
4906,9.313784324422622,7.143076705176533e-06,9.313784324422622,0.000179226286865947
4907,9.315784688125113,7.12978212619869e-06,9.315784688125113,0.00017889005388353315
4908,9.317785051827604,7.116532500294815e-06,9.317785051827604,0.00017855497500964508
4909,9.319785415530095,7.10332759406564e-06,9.319785415530097,0.00017822104411903
4910,9.321785779232586,7.0901671757721675e-06,9.321785779232588,0.0001778882551312171
4911,9.323786142935077,7.077051015320726e-06,9.323786142935079,0.0001775566020101016
4912,9.32578650663757,7.063978884248175e-06,9.32578650663757,0.00017722607876353218
4913,9.327786870340061,7.05095055570731e-06,9.327786870340061,0.0001768966794429064
4914,9.329787234042552,7.037965804452345e-06,9.329787234042554,0.00017656839814276634
4915,9.331787597745043,7.025024406824628e-06,9.331787597745043,0.00017624122900040213
4916,9.333787961447534,7.01212614073848e-06,9.333787961447536,0.00017591516619545696
4917,9.335788325150027,6.999270785667178e-06,9.335788325150027,0.00017559020394953992
4918,9.337788688852518,6.986458122629119e-06,9.337788688852518,0.00017526633652584033
4919,9.339789052555009,6.973687934174075e-06,9.339789052555009,0.00017494355822874643
4920,9.3417894162575,6.960960004369648e-06,9.341789416257502,0.0001746218634034707
4921,9.343789779959991,6.948274118787854e-06,9.343789779959993,0.00017430124643567693
4922,9.345790143662482,6.9356300644918355e-06,9.345790143662482,0.00017398170175111216
4923,9.347790507364975,6.923027630022727e-06,9.347790507364975,0.00017366322381524187
4924,9.349790871067466,6.9104666053866824e-06,9.349790871067466,0.00017334580713289187
4925,9.351791234769957,6.8979467820419655e-06,9.351791234769959,0.00017302944624789058
4926,9.353791598472448,6.885467952886267e-06,9.353791598472448,0.0001727141357427176
4927,9.35579196217494,6.873029912244093e-06,9.35579196217494,0.00017239987023815435
4928,9.357792325877432,6.8606324558543146e-06,9.357792325877432,0.00017208664439294098
4929,9.359792689579923,6.848275380857858e-06,9.359792689579924,0.00017177445290343435
4930,9.361793053282414,6.8359584857854676e-06,9.361793053282414,0.00017146329050327178
4931,9.363793416984906,6.823681570545666e-06,9.363793416984906,0.00017115315196303597
4932,9.365793780687397,6.811444436412797e-06,9.365793780687397,0.00017084403208992704
4933,9.367794144389888,6.799246886015208e-06,9.367794144389888,0.00017053592572743506
4934,9.369794508092381,6.78708872332355e-06,9.36979450809238,0.0001702288277550176
4935,9.371794871794872,6.774969753639236e-06,9.37179487179487,0.0001699227330877794
4936,9.373795235497363,6.762889783582919e-06,9.373795235497363,0.00016961763667615803
4937,9.375795599199854,6.750848621083211e-06,9.375795599199854,0.00016931353350561006
4938,9.377795962902345,6.7388460753654415e-06,9.377795962902345,0.00016901041859630265
4939,9.379796326604838,6.726881956940545e-06,9.379796326604836,0.00016870828700280637
4940,9.381796690307329,6.7149560775941215e-06,9.381796690307329,0.0001684071338137939
4941,9.38379705400982,6.7030682503754855e-06,9.38379705400982,0.00016810695415173994
4942,9.385797417712311,6.691218289586951e-06,9.38579741771231,0.00016780774317262518
4943,9.387797781414802,6.679406010773169e-06,9.387797781414802,0.00016750949606564197
4944,9.389798145117293,6.66763123071057e-06,9.389798145117293,0.00016721220805290615
4945,9.391798508819786,6.655893767396937e-06,9.391798508819786,0.00016691587438916875
4946,9.393798872522277,6.644193440041089e-06,9.393798872522275,0.00016662049036153255
4947,9.395799236224768,6.63253006905262e-06,9.395799236224768,0.00016632605128917013
4948,9.397799599927259,6.6209034760317975e-06,9.397799599927259,0.00016603255252304737
4949,9.39979996362975,6.609313483759545e-06,9.399799963629752,0.00016573998944564725
4950,9.401800327332243,6.597759916187512e-06,9.401800327332241,0.00016544835747069788
4951,9.403800691034734,6.5862425984282915e-06,9.403800691034734,0.00016515765204290253
4952,9.405801054737225,6.5747613567456475e-06,9.405801054737225,0.00016486786863767412
4953,9.407801418439716,6.563316018544933e-06,9.407801418439716,0.0001645790027608705
4954,9.409801782142207,6.551906412363561e-06,9.409801782142207,0.00016429104994853395
4955,9.411802145844698,6.540532367861562e-06,9.411802145844698,0.0001640040057666316
4956,9.41380250954719,6.529193715812258e-06,9.41380250954719,0.00016371786581080138
4957,9.415802873249682,6.517890288093056e-06,9.415802873249682,0.00016343262570609778
4958,9.417803236952173,6.506621917676239e-06,9.417803236952173,0.00016314828110674197
4959,9.419803600654664,6.49538843861995e-06,9.419803600654664,0.0001628648276958728
4960,9.421803964357155,6.48418968605922e-06,9.421803964357157,0.00016258226118530316
4961,9.423804328059648,6.47302549619708e-06,9.423804328059648,0.00016230057731527587
4962,9.425804691762139,6.461895706295806e-06,9.425804691762137,0.00016201977185422404
4963,9.42780505546463,6.45080015466817e-06,9.42780505546463,0.00016173984059853204
4964,9.42980541916712,6.4397386806688546e-06,9.42980541916712,0.00016146077937230168
4965,9.431805782869612,6.428711124685918e-06,9.431805782869613,0.00016118258402711798
4966,9.433806146572103,6.417717328132348e-06,9.433806146572103,0.0001609052504418191
4967,9.435806510274595,6.406757133437686e-06,9.435806510274595,0.00016062877452226686
4968,9.437806873977086,6.395830384039789e-06,9.437806873977086,0.00016035315220112233
4969,9.439807237679577,6.384936924376572e-06,9.43980723767958,0.00016007837943762105
4970,9.441807601382068,6.374076599877931e-06,9.441807601382068,0.00015980445221735185
4971,9.44380796508456,6.363249256957682e-06,9.443807965084561,0.00015953136655203693
4972,9.445808328787052,6.352454743005611e-06,9.445808328787052,0.00015925911847931593
4973,9.447808692489543,6.341692906379608e-06,9.447808692489543,0.00015898770406253028
4974,9.449809056192034,6.330963596397819e-06,9.449809056192034,0.0001587171193905111
4975,9.451809419894525,6.320266663330947e-06,9.451809419894525,0.00015844736057736713
4976,9.453809783597016,6.30960195839459e-06,9.453809783597018,0.00015817842376227828
4977,9.455810147299507,6.298969333741655e-06,9.455810147299507,0.00015791030510928821
4978,9.457810511002,6.288368642454852e-06,9.457810511002,0.00015764300080709921
4979,9.459810874704491,6.277799738539279e-06,9.459810874704491,0.00015737650706887146
4980,9.461811238406982,6.267262476915022e-06,9.461811238406984,0.00015711082013202178
4981,9.463811602109473,6.2567567134098834e-06,9.463811602109473,0.0001568459362580256
4982,9.465811965811964,6.246282304752169e-06,9.465811965811964,0.0001565818517322198
4983,9.467812329514457,6.2358391085635e-06,9.467812329514457,0.0001563185628636098
4984,9.469812693216948,6.225426983351789e-06,9.469812693216948,0.00015605606598467585
4985,9.471813056919439,6.215045788504157e-06,9.471813056919439,0.00015579435745118308
4986,9.47381342062193,6.204695384280026e-06,9.47381342062193,0.00015553343364199185
4987,9.475813784324421,6.194375631804216e-06,9.475813784324423,0.00015527329095887216
4988,9.477814148026912,6.184086393060143e-06,9.477814148026914,0.00015501392582631767
4989,9.479814511729405,6.173827530883048e-06,9.479814511729405,0.00015475533469136305
4990,9.481814875431896,6.163598908953337e-06,9.481814875431896,0.00015449751402340142
4991,9.483815239134387,6.153400391789922e-06,9.483815239134389,0.00015424046031400627
4992,9.485815602836878,6.143231844743675e-06,9.48581560283688,0.00015398417007675243
4993,9.487815966539369,6.133093133990928e-06,9.487815966539369,0.00015372863984704045
4994,9.489816330241862,6.122984126527022e-06,9.489816330241862,0.00015347386618192095
4995,9.491816693944353,6.112904690159967e-06,9.491816693944353,0.00015321984565992358
4996,9.493817057646844,6.102854693504065e-06,9.493817057646845,0.00015296657488088453
4997,9.495817421349335,6.092834005973691e-06,9.495817421349335,0.00015271405046577796
4998,9.497817785051826,6.0828424977770866e-06,9.497817785051827,0.00015246226905654678
4999,9.499818148754317,6.072880039910202e-06,9.499818148754319,0.00015221122731593812
5000,9.50181851245681,6.062946504150623e-06,9.501818512456811,0.00015196092192733764
5001,9.5038188761593,6.053041763051561e-06,9.5038188761593,0.00015171134959460696
5002,9.505819239861792,6.043165689935838e-06,9.505819239861792,0.0001514625070419212
5003,9.507819603564284,6.033318158890003e-06,9.507819603564284,0.00015121439101361043
5004,9.509819967266775,6.02349904475846e-06,9.509819967266775,0.0001509669982740004
5005,9.511820330969266,6.013708223137652e-06,9.511820330969266,0.0001507203256072559
5006,9.513820694671757,6.003945570370339e-06,9.513820694671757,0.00015047436981722453
5007,9.51582105837425,5.994210963539863e-06,9.51582105837425,0.00015022912772728433
5008,9.517821422076741,5.984504280464504e-06,9.517821422076741,0.0001499845961801898
5009,9.519821785779232,5.974825399691907e-06,9.519821785779232,0.000149740772037922
5010,9.521822149481723,5.965174200493517e-06,9.521822149481723,0.00014949765218153744
5011,9.523822513184216,5.955550562859094e-06,9.523822513184216,0.00014925523351102157
5012,9.525822876886707,5.945954367491282e-06,9.525822876886707,0.00014901351294514107
5013,9.527823240589198,5.936385495800187e-06,9.527823240589196,0.0001487724874212986
5014,9.529823604291689,5.926843829898055e-06,9.529823604291689,0.00014853215389538807
5015,9.53182396799418,5.917329252593976e-06,9.53182396799418,0.0001482925093416533
5016,9.533824331696673,5.9078416473886225e-06,9.533824331696673,0.00014805355075254544
5017,9.535824695399164,5.898380898469084e-06,9.535824695399162,0.00014781527513858372
5018,9.537825059101655,5.888946890703677e-06,9.537825059101655,0.00014757767952821557
5019,9.539825422804146,5.879539509636857e-06,9.539825422804146,0.00014734076096768064
5020,9.541825786506637,5.870158641484166e-06,9.541825786506639,0.00014710451652087358
5021,9.543826150209128,5.860804173127208e-06,9.543826150209128,0.0001468689432692097
5022,9.54582651391162,5.851475992108686e-06,9.545826513911619,0.00014663403831149043
5023,9.547826877614112,5.842173986627496e-06,9.547826877614112,0.00014639979876377194
5024,9.549827241316603,5.832898045533818e-06,9.549827241316603,0.00014616622175923352
5025,9.551827605019094,5.823648058324303e-06,9.551827605019094,0.00014593330444804747
5026,9.553827968721585,5.814423915137275e-06,9.553827968721585,0.00014570104399725002
5027,9.555828332424078,5.805225506747973e-06,9.555828332424078,0.0001454694375906146
5028,9.557828696126569,5.796052724563886e-06,9.557828696126569,0.0001452384824285246
5029,9.55982905982906,5.786905460620036e-06,9.55982905982906,0.0001450081757278486
5030,9.56182942353155,5.777783607574386e-06,9.56182942353155,0.00014477851472181536
5031,9.563829787234042,5.768687058703254e-06,9.563829787234043,0.00014454949665989217
5032,9.565830150936533,5.759615707896778e-06,9.565830150936534,0.00014432111880766183
5033,9.567830514639025,5.750569449654399e-06,9.567830514639024,0.00014409337844670283
5034,9.569830878341516,5.741548179080436e-06,9.569830878341516,0.00014386627287446815
5035,9.571831242044007,5.7325517918796294e-06,9.571831242044007,0.00014363979940416866
5036,9.573831605746498,5.723580184352772e-06,9.573831605746498,0.0001434139553646544
5037,9.57583196944899,5.7146332533923776e-06,9.57583196944899,0.0001431887381002977
5038,9.577832333151482,5.705710896478358e-06,9.577832333151482,0.0001429641449708793
5039,9.579832696853973,5.6968130116737886e-06,9.579832696853973,0.00014274017335147278
5040,9.581833060556464,5.6879394976206395e-06,9.581833060556464,0.0001425168206323319
5041,9.583833424258955,5.679090253535612e-06,9.583833424258955,0.00014229408421877725
5042,9.585833787961446,5.670265179205975e-06,9.585833787961446,0.0001420719615310865
5043,9.587834151663937,5.661464174985445e-06,9.58783415166394,0.0001418504500043831
5044,9.58983451536643,5.652687141790102e-06,9.589834515366428,0.00014162954708852734
5045,9.591834879068921,5.643933981094367e-06,9.591834879068921,0.00014140925024800727
5046,9.593835242771412,5.635204594926949e-06,9.593835242771412,0.0001411895569618326
5047,9.595835606473903,5.626498885866899e-06,9.595835606473905,0.00014097046472342744
5048,9.597835970176394,5.6178167570396584e-06,9.597835970176394,0.00014075197104052522
5049,9.599836333878887,5.609158112113146e-06,9.599836333878887,0.00014053407343506347
5050,9.601836697581378,5.6005228552939065e-06,9.601836697581378,0.0001403167694430813
5051,9.603837061283869,5.591910891323241e-06,9.60383706128387,0.00014010005661461595
5052,9.60583742498636,5.583322125473414e-06,9.60583742498636,0.0001398839325136016
5053,9.607837788688851,5.574756463543879e-06,9.607837788688851,0.00013966839471776736
5054,9.609838152391342,5.566213811857536e-06,9.609838152391344,0.0001394534408185389
5055,9.611838516093835,5.557694077257016e-06,9.611838516093835,0.0001392390684209381
5056,9.613838879796326,5.549197167101025e-06,9.613838879796326,0.00013902527514348572
5057,9.615839243498817,5.540722989260665e-06,9.615839243498817,0.00013881205861810287
5058,9.617839607201308,5.532271452115838e-06,9.61783960720131,0.0001385994164900158
5059,9.619839970903799,5.523842464551664e-06,9.6198399709038,0.00013838734641765944
5060,9.621840334606292,5.515435935954913e-06,9.621840334606292,0.00013817584607258296
5061,9.623840698308783,5.507051776210511e-06,9.623840698308783,0.00013796491313935514
5062,9.625841062011274,5.498689895698009e-06,9.625841062011274,0.00013775454531547208
5063,9.627841425713765,5.490350205288143e-06,9.627841425713767,0.00013754474031126414
5064,9.629841789416256,5.4820326163393976e-06,9.629841789416256,0.000137335495849805
5065,9.631842153118747,5.473737040694591e-06,9.631842153118749,0.00013712680966681973
5066,9.63384251682124,5.465463390677507e-06,9.63384251682124,0.00013691867951059613
5067,9.63584288052373,5.45721157908956e-06,9.635842880523732,0.000136711103141895
5068,9.637843244226222,5.4489815192064484e-06,9.637843244226222,0.00013650407833386158
5069,9.639843607928713,5.440773124774875e-06,9.639843607928714,0.00013629760287193744
5070,9.641843971631204,5.4325863100092885e-06,9.641843971631205,0.0001360916745537747
5071,9.643844335333696,5.424420989588639e-06,9.643844335333698,0.0001358862911891489
5072,9.645844699036187,5.4162770786531905e-06,9.645844699036187,0.0001356814505998742
5073,9.647845062738678,5.4081544928013015e-06,9.647845062738678,0.0001354771506197176
5074,9.64984542644117,5.400053148086296e-06,9.649845426441171,0.00013527338909431652
5075,9.65184579014366,5.391972961013329e-06,9.651845790143662,0.00013507016388109423
5076,9.653846153846153,5.383913848536279e-06,9.653846153846153,0.00013486747284917826
5077,9.655846517548644,5.375875728054671e-06,9.655846517548644,0.00013466531387931727
5078,9.657846881251135,5.367858517410642e-06,9.657846881251137,0.00013446368486380147
5079,9.659847244953626,5.359862134885882e-06,9.659847244953628,0.0001342625837063811
5080,9.66184760865612,5.351886499198659e-06,9.66184760865612,0.0001340620083221871
5081,9.66384797235861,5.343931529500833e-06,9.66384797235861,0.00013386195663765138
5082,9.665848336061101,5.335997145374899e-06,9.665848336061101,0.00013366242659042932
5083,9.667848699763594,5.328083266831084e-06,9.667848699763594,0.00013346341612932133
5084,9.669849063466085,5.320189814304409e-06,9.669849063466083,0.00013326492321419624
5085,9.671849427168576,5.312316708651832e-06,9.671849427168576,0.00013306694581591378
5086,9.673849790871067,5.304463871149386e-06,9.673849790871067,0.00013286948191625018
5087,9.675850154573558,5.296631223489349e-06,9.67585015457356,0.00013267252950782202
5088,9.67785051827605,5.288818687777425e-06,9.677850518276049,0.00013247608659401212
5089,9.679850881978542,5.28102618652999e-06,9.679850881978542,0.00013228015118889487
5090,9.681851245681033,5.2732536426712805e-06,9.681851245681033,0.00013208472131716415
5091,9.683851609383524,5.26550097953069e-06,9.683851609383522,0.00013188979501405968
5092,9.685851973086015,5.257768120840035e-06,9.685851973086015,0.00013169537032529485
5093,9.687852336788508,5.250054990730859e-06,9.687852336788506,0.00013150144530698588
5094,9.689852700490999,5.242361513731779e-06,9.689852700490999,0.00013130801802558063
5095,9.69185306419349,5.234687614765797e-06,9.691853064193488,0.00013111508655778826
5096,9.69385342789598,5.227033219147694e-06,9.69385342789598,0.0001309226489905089
5097,9.695853791598472,5.2193982525814165e-06,9.695853791598472,0.0001307307034207657
5098,9.697854155300963,5.211782641157484e-06,9.697854155300965,0.00013053924795563532
5099,9.699854519003456,5.204186311350417e-06,9.699854519003454,0.0001303482807121804
5100,9.701854882705947,5.1966091900162165e-06,9.701854882705947,0.00013015779981738135
5101,9.703855246408438,5.189051204389794e-06,9.703855246408438,0.0001299678034080705
5102,9.705855610110929,5.181512282082501e-06,9.705855610110929,0.00012977828963086507
5103,9.70785597381342,5.1739923510796285e-06,9.70785597381342,0.00012958925664210164
5104,9.709856337515912,5.166491339737936e-06,9.70985633751591,0.00012940070260777014
5105,9.711856701218403,5.1590091767832305e-06,9.711856701218403,0.00012921262570345045
5106,9.713857064920894,5.151545791307906e-06,9.713857064920894,0.00012902502411424704
5107,9.715857428623385,5.144101112768557e-06,9.715857428623385,0.00012883789603472604
5108,9.717857792325876,5.136675070983581e-06,9.717857792325876,0.0001286512396688511
5109,9.719858156028367,5.129267596130823e-06,9.71985815602837,0.00012846505322992188
5110,9.72185851973086,5.1218786187452e-06,9.72185851973086,0.0001282793349405112
5111,9.723858883433351,5.11450806971641e-06,9.72385888343335,0.0001280940830324038
5112,9.725859247135842,5.1071558802865725e-06,9.725859247135842,0.00012790929574653446
5113,9.727859610838333,5.0998219820479634e-06,9.727859610838333,0.00012772497133292825
5114,9.729859974540824,5.092506306940731e-06,9.729859974540826,0.00012754110805064
5115,9.731860338243317,5.085208787250628e-06,9.731860338243315,0.00012735770416769457
5116,9.733860701945808,5.077929355606801e-06,9.733860701945808,0.0001271747579610273
5117,9.7358610656483,5.070667944979526e-06,9.7358610656483,0.00012699226771642618
5118,9.73786142935079,5.063424488678027e-06,9.737861429350792,0.0001268102317284729
5119,9.739861793053281,5.056198920348287e-06,9.739861793053281,0.00012662864830048553
5120,9.741862156755772,5.048991173970869e-06,9.741862156755774,0.00012644751574446029
5121,9.743862520458265,5.041801183858763e-06,9.743862520458265,0.00012626683238101588
5122,9.745862884160756,5.034628884655267e-06,9.745862884160756,0.00012608659653933654
5123,9.747863247863247,5.027474211331835e-06,9.747863247863247,0.000125906806557116
5124,9.749863611565738,5.020337099185995e-06,9.749863611565738,0.00012572746078050174
5125,9.751863975268229,5.0132174838392535e-06,9.75186397526823,0.00012554855756404068
5126,9.753864338970722,5.00611530123502e-06,9.753864338970722,0.00012537009527062394
5127,9.755864702673213,4.999030487636576e-06,9.755864702673213,0.000125192072271433
5128,9.757865066375704,4.991962979625e-06,9.757865066375704,0.00012501448694588518
5129,9.759865430078195,4.984912714097165e-06,9.759865430078197,0.00012483733768158136
5130,9.761865793780686,4.97787962826373e-06,9.761865793780688,0.0001246606228742524
5131,9.763866157483179,4.970863659647134e-06,9.763866157483177,0.00012448434092770697
5132,9.76586652118567,4.96386474607965e-06,9.76586652118567,0.0001243084902537787
5133,9.76786688488816,4.956882825701384e-06,9.76786688488816,0.00012413306927227567
5134,9.769867248590652,4.9499178369583514e-06,9.769867248590653,0.00012395807641092814
5135,9.771867612293143,4.942969718600545e-06,9.771867612293143,0.00012378351010533845
5136,9.773867975995634,4.936038409680008e-06,9.773867975995636,0.00012360936879892952
5137,9.775868339698127,4.929123849548936e-06,9.775868339698127,0.00012343565094289586
5138,9.777868703400618,4.922225977857808e-06,9.77786870340062,0.0001232623549961533
5139,9.779869067103109,4.9153447345534785e-06,9.779869067103109,0.00012308947942529002
5140,9.7818694308056,4.908480059877341e-06,9.781869430805601,0.00012291702270451676
5141,9.78386979450809,4.901631894363482e-06,9.783869794508092,0.00012274498331561943
5142,9.785870158210583,4.894800178836836e-06,9.785870158210583,0.0001225733597479104
5143,9.787870521913074,4.887984854411405e-06,9.787870521913074,0.00012240215049818073
5144,9.789870885615565,4.881185862488406e-06,9.789870885615565,0.0001222313540706524
5145,9.791871249318056,4.874403144754518e-06,9.791871249318058,0.00012206096897693202
5146,9.793871613020547,4.86763664318009e-06,9.79387161302055,0.00012189099373596355
5147,9.795871976723038,4.860886300017387e-06,9.79587197672304,0.00012172142687398243
5148,9.797872340425531,4.854152057798832e-06,9.797872340425531,0.00012155226692446874
5149,9.799872704128022,4.847433859335288e-06,9.799872704128024,0.00012138351242810261
5150,9.801873067830513,4.840731647714313e-06,9.801873067830513,0.00012121516193271857
5151,9.803873431533004,4.8340453662984625e-06,9.803873431533004,0.0001210472139932601
5152,9.805873795235497,4.827374958723589e-06,9.805873795235497,0.00012087966717173594
5153,9.807874158937988,4.8207203688971574e-06,9.807874158937988,0.00012071252003717521
5154,9.809874522640479,4.814081540996593e-06,9.809874522640479,0.00012054577116558395
5155,9.81187488634297,4.807458419467587e-06,9.81187488634297,0.00012037941913990084
5156,9.813875250045463,4.800850949022471e-06,9.813875250045463,0.00012021346254995486
5157,9.815875613747954,4.794259074638586e-06,9.815875613747954,0.0001200478999924219
5158,9.817875977450445,4.7876827415566505e-06,9.817875977450445,0.00011988273007078227
5159,9.819876341152936,4.781121895279152e-06,9.819876341152936,0.00011971795139527813
5160,9.821876704855429,4.774576481568763e-06,9.821876704855429,0.00011955356258287213
5161,9.82387706855792,4.768046446446731e-06,9.82387706855792,0.0001193895622572055
5162,9.82587743226041,4.761531736191323e-06,9.825877432260409,0.0001192259490485568
5163,9.827877795962902,4.7550322973362525e-06,9.827877795962902,0.00011906272159380043
5164,9.829878159665395,4.748548076669128e-06,9.829878159665393,0.00011889987853636696
5165,9.831878523367886,4.742079021229933e-06,9.831878523367886,0.00011873741852620185
5166,9.833878887070377,4.73562507830947e-06,9.833878887070375,0.00011857534021972602
5167,9.835879250772868,4.729186195447855e-06,9.835879250772868,0.00011841364227979522
5168,9.837879614475359,4.722762320433016e-06,9.837879614475359,0.00011825232337566155
5169,9.83987997817785,4.716353401299197e-06,9.839879978177851,0.00011809138218293372
5170,9.841880341880342,4.70995938632546e-06,9.84188034188034,0.00011793081738353838
5171,9.843880705582833,4.703580224034243e-06,9.843880705582832,0.00011777062766568096
5172,9.845881069285324,4.69721586318986e-06,9.845881069285324,0.0001176108117238083
5173,9.847881432987815,4.690866252797081e-06,9.847881432987815,0.00011745136825856996
5174,9.849881796690307,4.684531342099668e-06,9.849881796690307,0.00011729229597678076
5175,9.8518821603928,4.678211080578956e-06,9.851882160392798,0.00011713359359138283
5176,9.85388252409529,4.671905417952446e-06,9.85388252409529,0.0001169752598214092
5177,9.855882887797781,4.665614304172364e-06,9.855882887797781,0.00011681729339194639
5178,9.857883251500272,4.6593376894242875e-06,9.857883251500272,0.00011665969303409801
5179,9.859883615202763,4.653075524125745e-06,9.859883615202763,0.00011650245748494782
5180,9.861883978905254,4.646827758924839e-06,9.861883978905256,0.00011634558548752452
5181,9.863884342607747,4.6405943446988775e-06,9.863884342607747,0.00011618907579076533
5182,9.865884706310238,4.634375232553022e-06,9.865884706310236,0.0001160329271494807
5183,9.86788507001273,4.62817037381892e-06,9.86788507001273,0.00011587713832431853
5184,9.86988543371522,4.6219797200533835e-06,9.86988543371522,0.00011572170808172971
5185,9.871885797417711,4.615803223037045e-06,9.871885797417713,0.00011556663519393316
5186,9.873886161120204,4.609640834773046e-06,9.873886161120202,0.00011541191843888123
5187,9.875886524822695,4.603492507485731e-06,9.875886524822695,0.00011525755660022499
5188,9.877886888525186,4.59735819361933e-06,9.877886888525186,0.00011510354846728109
5189,9.879887252227677,4.591237845836674e-06,9.879887252227679,0.00011494989283499727
5190,9.881887615930168,4.585131417017917e-06,9.881887615930168,0.00011479658850391932
5191,9.883887979632659,4.5790388602592535e-06,9.883887979632659,0.00011464363428015693
5192,9.885888343335152,4.572960128871658e-06,9.885888343335152,0.00011449102897535178
5193,9.887888707037643,4.566895176379642e-06,9.887888707037643,0.00011433877140664395
5194,9.889889070740134,4.560843956519978e-06,9.889889070740134,0.00011418686039663973
5195,9.891889434442625,4.554806423240483e-06,9.891889434442625,0.00011403529477337864
5196,9.893889798145116,4.548782530698787e-06,9.893889798145118,0.00011388407337030229
5197,9.895890161847609,4.5427722332611025e-06,9.895890161847609,0.00011373319502622178
5198,9.8978905255501,4.536775485501037e-06,9.8978905255501,0.00011358265858528647
5199,9.89989088925259,4.530792242198356e-06,9.89989088925259,0.00011343246289695199
5200,9.901891252955082,4.524822458337811e-06,9.901891252955084,0.0001132826068159497
5201,9.903891616657573,4.518866089107951e-06,9.903891616657575,0.00011313308920225552
5202,9.905891980360064,4.512923089899938e-06,9.905891980360064,0.00011298390892105904
5203,9.907892344062557,4.506993416306371e-06,9.907892344062557,0.00011283506484273283
5204,9.909892707765048,4.501077024120158e-06,9.909892707765048,0.00011268655584280262
5205,9.911893071467539,4.495173869333317e-06,9.91189307146754,0.00011253838080191699
5206,9.91389343517003,4.4892839081358616e-06,9.91389343517003,0.00011239053860581746
5207,9.91589379887252,4.4834070969146554e-06,9.915893798872522,0.00011224302814530843
5208,9.917894162575013,4.477543392252274e-06,9.917894162575013,0.00011209584831622864
5209,9.919894526277504,4.47169275092591e-06,9.919894526277504,0.0001119489980194213
5210,9.921894889979995,4.465855129906226e-06,9.921894889979995,0.00011180247616070474
5211,9.923895253682486,4.46003048635627e-06,9.923895253682486,0.0001116562816508445
5212,9.925895617384977,4.454218777630374e-06,9.92589561738498,0.00011151041340552395
5213,9.927895981087469,4.4484199612730575e-06,9.927895981087469,0.00011136487034531639
5214,9.929896344789961,4.442633995017946e-06,9.929896344789961,0.000111219651395656
5215,9.931896708492452,4.436860836786716e-06,9.931896708492452,0.00011107475548681085
5216,9.933897072194943,4.431100444687993e-06,9.933897072194945,0.00011093018155385448
5217,9.935897435897434,4.425352777016312e-06,9.935897435897434,0.00011078592853663842
5218,9.937897799599925,4.419617792251065e-06,9.937897799599927,0.00011064199537976445
5219,9.939898163302418,4.413895449055439e-06,9.939898163302418,0.00011049838103255784
5220,9.94189852700491,4.408185706275408e-06,9.941898527004911,0.00011035508444904004
5221,9.9438988907074,4.402488522938667e-06,9.9438988907074,0.00011021210458790199
5222,9.945899254409891,4.396803858253628e-06,9.945899254409891,0.0001100694404124768
5223,9.947899618112382,4.391131671608401e-06,9.947899618112384,0.00010992709089071423
5224,9.949899981814873,4.385471922569774e-06,9.949899981814875,0.00010978505499515376
5225,9.951900345517366,4.379824570882216e-06,9.951900345517366,0.0001096433317028987
5226,9.953900709219857,4.374189576466894e-06,9.953900709219857,0.00010950191999558985
5227,9.955901072922348,4.368566899420656e-06,9.95590107292235,0.00010936081885938034
5228,9.957901436624839,4.362956500015065e-06,9.95790143662484,0.00010922002728490967
5229,9.959901800327332,4.35735833869542e-06,9.959901800327332,0.00010907954426727853
5230,9.961902164029823,4.351772376079782e-06,9.961902164029823,0.00010893936880602303
5231,9.963902527732314,4.346198572958029e-06,9.963902527732314,0.00010879949990509037
5232,9.965902891434807,4.34063689029087e-06,9.965902891434807,0.00010865993657281357
5233,9.967903255137298,4.335087289208913e-06,9.967903255137296,0.00010852067782188694
5234,9.969903618839789,4.329549731011725e-06,9.969903618839789,0.00010838172266934096
5235,9.97190398254228,4.3240241771668845e-06,9.97190398254228,0.00010824307013651876
5236,9.973904346244773,4.318510589309048e-06,9.973904346244773,0.00010810471924905144
5237,9.975904709947264,4.313008929239051e-06,9.975904709947262,0.00010796666903683422
5238,9.977905073649755,4.307519158922954e-06,9.977905073649755,0.00010782891853400198
5239,9.979905437352246,4.3020412404911505e-06,9.979905437352246,0.0001076914667789065
5240,9.981905801054737,4.29657513623746e-06,9.981905801054738,0.00010755431281409224
5241,9.98390616475723,4.291120808618223e-06,9.983906164757228,0.00010741745568627327
5242,9.98590652845972,4.285678220251417e-06,9.985906528459719,0.00010728089444630954
5243,9.987906892162211,4.280247333915756e-06,9.987906892162211,0.00010714462814918457
5244,9.989907255864702,4.274828112549812e-06,9.989907255864702,0.00010700865585398195
5245,9.991907619567193,4.269420519251144e-06,9.991907619567193,0.00010687297662386299
5246,9.993907983269684,4.2640245172754255e-06,9.993907983269684,0.00010673758952604344
5247,9.995908346972177,4.258640070035573e-06,9.995908346972177,0.00010660249363177186
5248,9.997908710674668,4.25326714110091e-06,9.997908710674668,0.00010646768801630691
5249,9.99990907437716,4.247905694196282e-06,9.99990907437716,0.00010633317175889533
5250,10.00190943807965,4.2425556932012296e-06,10.00190943807965,0.00010619894394274942
5251,10.003909801782141,4.237217102149145e-06,10.003909801782141,0.0001060650036550261
5252,10.005910165484634,4.231889885226428e-06,10.005910165484634,0.00010593134998680457
5253,10.007910529187125,4.226574006771672e-06,10.007910529187123,0.00010579798203306499
5254,10.009910892889616,4.2212694312748185e-06,10.009910892889616,0.00010566489889266662
5255,10.011911256592107,4.2159761233763484e-06,10.011911256592107,0.00010553209966832735
5256,10.013911620294598,4.210694047866471e-06,10.0139116202946,0.00010539958346660199
5257,10.01591198399709,4.205423169684305e-06,10.01591198399709,0.00010526734939786152
5258,10.017912347699582,4.200163453917082e-06,10.017912347699582,0.00010513539657627182
5259,10.019912711402073,4.1949148657993555e-06,10.019912711402073,0.00010500372411977368
5260,10.021913075104564,4.189677370712193e-06,10.021913075104566,0.00010487233115006173
5261,10.023913438807055,4.18445093418239e-06,10.023913438807055,0.00010474121679256416
5262,10.025913802509546,4.179235521881704e-06,10.025913802509546,0.00010461038017642218
5263,10.027914166212039,4.174031099626051e-06,10.027914166212039,0.00010447982043447033
5264,10.02991452991453,4.1688376333747674e-06,10.02991452991453,0.0001043495367032161
5265,10.03191489361702,4.163655089229808e-06,10.03191489361702,0.00010421952812282028
5266,10.033915257319512,4.158483433435005e-06,10.033915257319512,0.00010408979383707665
5267,10.035915621022003,4.1533226323753004e-06,10.035915621022005,0.00010396033299339315
5268,10.037915984724494,4.1481726525760026e-06,10.037915984724494,0.0001038311447427719
5269,10.039916348426987,4.143033460702027e-06,10.039916348426987,0.00010370222823978968
5270,10.041916712129478,4.137905023557173e-06,10.041916712129478,0.00010357358264257905
5271,10.043917075831969,4.132787308083365e-06,10.043917075831969,0.00010344520711280917
5272,10.04591743953446,4.127680281359925e-06,10.04591743953446,0.00010331710081566671
5273,10.04791780323695,4.122583910602855e-06,10.04791780323695,0.00010318926291983674
5274,10.049918166939444,4.1174981631640976e-06,10.049918166939444,0.00010306169259748451
5275,10.051918530641935,4.112423006530838e-06,10.051918530641935,0.0001029343890242364
5276,10.053918894344426,4.107358408324766e-06,10.053918894344426,0.00010280735137916179
5277,10.055919258046917,4.1023043363013796e-06,10.055919258046917,0.00010268057884475407
5278,10.057919621749408,4.09726075834928e-06,10.05791962174941,0.00010255407060691308
5279,10.059919985451899,4.092227642489465e-06,10.0599199854519,0.00010242782585492661
5280,10.061920349154391,4.08720495687464e-06,10.06192034915439,0.0001023018437814525
5281,10.063920712856882,4.082192669788524e-06,10.063920712856882,0.00010217612358250032
5282,10.065921076559373,4.0771907496451595e-06,10.065921076559373,0.00010205066445741423
5283,10.067921440261864,4.0721991649882305e-06,10.067921440261866,0.00010192546560885499
5284,10.069921803964355,4.067217884490386e-06,10.069921803964355,0.00010180052624278239
5285,10.071922167666848,4.062246876952562e-06,10.071922167666848,0.0001016758455684376
5286,10.07392253136934,4.057286111303325e-06,10.07392253136934,0.00010155142279832625
5287,10.07592289507183,4.0523355565981865e-06,10.075922895071832,0.00010142725714820102
5288,10.077923258774321,4.047395182018954e-06,10.077923258774321,0.00010130334783704468
5289,10.079923622476812,4.042464956873072e-06,10.079923622476814,0.00010117969408705237
5290,10.081923986179303,4.03754485059297e-06,10.081923986179305,0.00010105629512361588
5291,10.083924349881796,4.032634832735404e-06,10.083924349881796,0.00010093315017530598
5292,10.085924713584287,4.027734872980836e-06,10.085924713584287,0.00010081025847385617
5293,10.087925077286778,4.022844941132764e-06,10.087925077286778,0.00010068761925414572
5294,10.08992544098927,4.017965007117102e-06,10.089925440989271,0.00010056523175418363
5295,10.09192580469176,4.013095040981545e-06,10.091925804691762,0.0001004430952150921
5296,10.093926168394253,4.008235012894936e-06,10.093926168394253,0.00010032120888109038
5297,10.095926532096744,4.003384893146658e-06,10.095926532096744,0.00010019957199947819
5298,10.097926895799235,3.998544652145985e-06,10.097926895799237,0.0001000781838206203
5299,10.099927259501726,3.993714260421489e-06,10.099927259501728,9.995704359793016e-05
5300,10.101927623204217,3.988893688620417e-06,10.101927623204217,9.983615058785443e-05
5301,10.10392798690671,3.984082907508083e-06,10.10392798690671,9.971550404985648e-05
5302,10.1059283506092,3.97928188796726e-06,10.1059283506092,9.959510324640178e-05
5303,10.107928714311692,3.9744906009975935e-06,10.107928714311694,9.947494744294157e-05
5304,10.109929078014183,3.969709017714984e-06,10.109929078014183,9.935503590789797e-05
5305,10.111929441716676,3.964937109350998e-06,10.111929441716676,9.92353679126478e-05
5306,10.113929805419167,3.960174847252289e-06,10.113929805419167,9.911594273150845e-05
5307,10.115930169121658,3.9554222028799945e-06,10.11593016912166,9.899675964172195e-05
5308,10.117930532824149,3.950679147809172e-06,10.117930532824149,9.887781792344021e-05
5309,10.119930896526641,3.945945653728204e-06,10.119930896526641,9.875911685970963e-05
5310,10.121931260229132,3.941221692438222e-06,10.121931260229132,9.864065573645697e-05
5311,10.123931623931623,3.936507235852549e-06,10.123931623931623,9.852243384247407e-05
5312,10.125931987634115,3.9318022559961146e-06,10.125931987634115,9.84044504694033e-05
5313,10.127932351336607,3.927106725004899e-06,10.127932351336606,9.828670491172268e-05
5314,10.129932715039098,3.922420615125374e-06,10.129932715039098,9.816919646673194e-05
5315,10.13193307874159,3.917743898713936e-06,10.13193307874159,9.805192443453774e-05
5316,10.13393344244408,3.913076548236354e-06,10.13393344244408,9.793488811803949e-05
5317,10.135933806146571,3.908418536267221e-06,10.135933806146571,9.78180868229148e-05
5318,10.137934169849064,3.9037698354894035e-06,10.137934169849064,9.770151985760582e-05
5319,10.139934533551555,3.899130418693506e-06,10.139934533551555,9.758518653330494e-05
5320,10.141934897254046,3.8945002587773116e-06,10.141934897254044,9.746908616394092e-05
5321,10.143935260956537,3.889879328745261e-06,10.143935260956537,9.735321806616459e-05
5322,10.145935624659028,3.88526760170791e-06,10.145935624659028,9.723758155933577e-05
5323,10.14793598836152,3.880665050881396e-06,10.147935988361521,9.71221759655091e-05
5324,10.149936352064012,3.876071649586917e-06,10.14993635206401,9.700700060942054e-05
5325,10.151936715766503,3.871487371250206e-06,10.151936715766503,9.689205481847354e-05
5326,10.153937079468994,3.866912189401005e-06,10.153937079468994,9.677733792272622e-05
5327,10.155937443171485,3.862346077672544e-06,10.155937443171485,9.666284925487747e-05
5328,10.157937806873976,3.857789009801032e-06,10.157937806873976,9.65485881502537e-05
5329,10.159938170576469,3.853240959625142e-06,10.159938170576469,9.643455394679592e-05
5330,10.16193853427896,3.84870190108551e-06,10.16193853427896,9.632074598504639e-05
5331,10.163938897981451,3.844171808224212e-06,10.16393889798145,9.620716360813572e-05
5332,10.165939261683942,3.839650655184272e-06,10.165939261683942,9.609380616176948e-05
5333,10.167939625386433,3.835138416209166e-06,10.167939625386433,9.598067299421602e-05
5334,10.169939989088924,3.8306350656423125e-06,10.169939989088926,9.586776345629313e-05
5335,10.171940352791417,3.82614057792659e-06,10.171940352791415,9.575507690135556e-05
5336,10.173940716493908,3.821654927603847e-06,10.173940716493908,9.564261268528197e-05
5337,10.175941080196399,3.8171780893144e-06,10.175941080196399,9.553037016646301e-05
5338,10.17794144389889,3.8127100377965615e-06,10.177941443898892,9.541834870578828e-05
5339,10.17994180760138,3.8082507478861534e-06,10.17994180760138,9.53065476666343e-05
5340,10.181942171303874,3.803800194516026e-06,10.181942171303872,9.51949664148516e-05
5341,10.183942535006365,3.7993583527155926e-06,10.183942535006365,9.508360431875308e-05
5342,10.185942898708856,3.7949251976103377e-06,10.185942898708856,9.497246074910151e-05
5343,10.187943262411347,3.7905007044213595e-06,10.187943262411347,9.486153507909751e-05
5344,10.189943626113838,3.7860848484648993e-06,10.189943626113838,9.475082668436709e-05
5345,10.191943989816329,3.781677605151876e-06,10.19194398981633,9.46403349429504e-05
5346,10.193944353518821,3.777278949987418e-06,10.193944353518821,9.453005923528919e-05
5347,10.195944717221312,3.772888858570421e-06,10.195944717221312,9.441999894421542e-05
5348,10.197945080923803,3.7685073065930684e-06,10.197945080923803,9.431015345493902e-05
5349,10.199945444626294,3.7641342698403937e-06,10.199945444626296,9.420052215503667e-05
5350,10.201945808328786,3.7597697241898216e-06,10.201945808328787,9.409110443444004e-05
5351,10.203946172031278,3.7554136456107183e-06,10.203946172031277,9.398189968542414e-05
5352,10.20594653573377,3.75106601016396e-06,10.20594653573377,9.387290730259561e-05
5353,10.20794689943626,3.7467267940014663e-06,10.20794689943626,9.376412668288194e-05
5354,10.209947263138751,3.7423959733657756e-06,10.209947263138753,9.36555572255196e-05
5355,10.211947626841242,3.7380735245896035e-06,10.211947626841242,9.354719833204305e-05
5356,10.213947990543733,3.7337594240954034e-06,10.213947990543735,9.343904940627312e-05
5357,10.215948354246226,3.7294536483949355e-06,10.215948354246226,9.333110985430643e-05
5358,10.217948717948717,3.7251561740888457e-06,10.217948717948719,9.322337908450393e-05
5359,10.219949081651208,3.7208669778662206e-06,10.219949081651208,9.31158565074801e-05
5360,10.2219494453537,3.716586036504173e-06,10.2219494453537,9.30085415360916e-05
5361,10.22394980905619,3.7123133268674145e-06,10.223949809056192,9.290143358542704e-05
5362,10.225950172758683,3.7080488259078367e-06,10.225950172758683,9.27945320727956e-05
5363,10.227950536461174,3.703792510664104e-06,10.227950536461174,9.268783641771668e-05
5364,10.229950900163665,3.6995443582612166e-06,10.229950900163665,9.258134604190867e-05
5365,10.231951263866156,3.6953043459101077e-06,10.231951263866158,9.247506036927905e-05
5366,10.233951627568647,3.69107245090724e-06,10.233951627568649,9.236897882591325e-05
5367,10.235951991271138,3.686848650634188e-06,10.23595199127114,9.226310084006454e-05
5368,10.23795235497363,3.6826329225572324e-06,10.23795235497363,9.215742584214307e-05
5369,10.239952718676122,3.6784252442269653e-06,10.239952718676124,9.205195326470613e-05
5370,10.241953082378613,3.6742255932778788e-06,10.241953082378615,9.194668254244746e-05
5371,10.243953446081104,3.6700339474279706e-06,10.243953446081104,9.184161311218711e-05
5372,10.245953809783595,3.665850284478344e-06,10.245953809783597,9.173674441286097e-05
5373,10.247954173486088,3.6616745823128194e-06,10.247954173486088,9.163207588551115e-05
5374,10.249954537188579,3.657506818897543e-06,10.24995453718858,9.15276069732755e-05
5375,10.25195490089107,3.6533469722805872e-06,10.25195490089107,9.142333712137778e-05
5376,10.25395526459356,3.6491950205915728e-06,10.253955264593563,9.131926577711746e-05
5377,10.255955628296052,3.6450509420412782e-06,10.255955628296054,9.121539238986017e-05
5378,10.257955991998545,3.6409147149212605e-06,10.257955991998546,9.111171641102769e-05
5379,10.259956355701036,3.636786317603466e-06,10.259956355701036,9.100823729408813e-05
5380,10.261956719403527,3.6326657285398744e-06,10.261956719403527,9.090495449454607e-05
5381,10.26395708310602,3.6285529262620885e-06,10.26395708310602,9.080186746993323e-05
5382,10.26595744680851,3.624447889380987e-06,10.26595744680851,9.069897567979869e-05
5383,10.267957810511001,3.62035059658634e-06,10.267957810511001,9.05962785856993e-05
5384,10.269958174213492,3.6162610266464393e-06,10.269958174213492,9.049377565118993e-05
5385,10.271958537915985,3.6121791584077425e-06,10.271958537915985,9.039146634181462e-05
5386,10.273958901618476,3.6081049707944884e-06,10.273958901618474,9.028935012509679e-05
5387,10.275959265320967,3.6040384428083448e-06,10.275959265320967,9.018742647052966e-05
5388,10.277959629023458,3.5999795535280472e-06,10.277959629023458,9.008569484956763e-05
5389,10.27995999272595,3.595928282109034e-06,10.279959992725951,8.998415473561642e-05
5390,10.281960356428442,3.591884607783089e-06,10.28196035642844,8.988280560402437e-05
5391,10.283960720130933,3.5878485098579994e-06,10.283960720130931,8.978164693207277e-05
5392,10.285961083833424,3.5838199677171824e-06,10.285961083833424,8.968067819896736e-05
5393,10.287961447535915,3.5797989608193426e-06,10.287961447535915,8.957989888582893e-05
5394,10.289961811238406,3.5757854686981266e-06,10.289961811238406,8.947930847568463e-05
5395,10.291962174940899,3.5717794709617666e-06,10.291962174940897,8.937890645345857e-05
5396,10.29396253864339,3.5677809472927477e-06,10.29396253864339,8.92786923059635e-05
5397,10.295962902345881,3.563789877447453e-06,10.295962902345881,8.917866552189174e-05
5398,10.297963266048372,3.559806241255821e-06,10.297963266048372,8.907882559180648e-05
5399,10.299963629750863,3.5558300186210134e-06,10.299963629750863,8.897917200813274e-05
5400,10.301963993453354,3.5518611895190787e-06,10.301963993453354,8.887970426514926e-05
5401,10.303964357155847,3.547899733998602e-06,10.303964357155847,8.878042185897953e-05
5402,10.305964720858338,3.543945632180392e-06,10.305964720858336,8.868132428758326e-05
5403,10.307965084560829,3.5399988642571318e-06,10.307965084560829,8.858241105074777e-05
5404,10.30996544826332,3.536059410493052e-06,10.30996544826332,8.84836816500798e-05
5405,10.31196581196581,3.5321272512236115e-06,10.311965811965813,8.838513558899686e-05
5406,10.313966175668304,3.5282023668551533e-06,10.313966175668302,8.828677237271897e-05
5407,10.315966539370795,3.524284737864606e-06,10.315966539370795,8.818859150826e-05
5408,10.317966903073286,3.520374344799133e-06,10.317966903073286,8.809059250442002e-05
5409,10.319967266775777,3.51647116827583e-06,10.319967266775778,8.799277487177645e-05
5410,10.321967630478268,3.5125751889813955e-06,10.321967630478268,8.789513812267633e-05
5411,10.323967994180759,3.5086863876718193e-06,10.323967994180759,8.779768177122762e-05
5412,10.325968357883252,3.504804745172062e-06,10.325968357883252,8.770040533329178e-05
5413,10.327968721585743,3.5009302423757515e-06,10.327968721585743,8.760330832647527e-05
5414,10.329969085288234,3.4970628602448547e-06,10.329969085288234,8.750639027012172e-05
5415,10.331969448990725,3.4932025798093764e-06,10.331969448990725,8.740965068530366e-05
5416,10.333969812693216,3.4893493821670497e-06,10.333969812693217,8.731308909481515e-05
5417,10.335970176395708,3.4855032484830276e-06,10.335970176395708,8.721670502316345e-05
5418,10.3379705400982,3.481664159989582e-06,10.3379705400982,8.712049799656147e-05
5419,10.33997090380069,3.4778320979857908e-06,10.33997090380069,8.70244675429196e-05
5420,10.341971267503181,3.474007043837244e-06,10.341971267503181,8.692861319183842e-05
5421,10.343971631205672,3.4701889789757378e-06,10.343971631205674,8.683293447460085e-05
5422,10.345971994908165,3.466377884898979e-06,10.345971994908163,8.673743092416443e-05
5423,10.347972358610656,3.462573743170293e-06,10.347972358610656,8.664210207515351e-05
5424,10.349972722313147,3.4587765354183144e-06,10.349972722313147,8.654694746385212e-05
5425,10.351973086015638,3.454986243336705e-06,10.35197308601564,8.64519666281962e-05
5426,10.35397344971813,3.451202848683859e-06,10.35397344971813,8.635715910776617e-05
5427,10.35597381342062,3.447426333282609e-06,10.355973813420622,8.626252444377916e-05
5428,10.357974177123113,3.4436566790199356e-06,10.357974177123113,8.616806217908217e-05
5429,10.359974540825604,3.4398938678466956e-06,10.359974540825606,8.607377185814436e-05
5430,10.361974904528095,3.4361378817773133e-06,10.361974904528095,8.597965302704985e-05
5431,10.363975268230586,3.4323887028895085e-06,10.363975268230586,8.58857052334901e-05
5432,10.365975631933077,3.428646313324014e-06,10.365975631933079,8.579192802675728e-05
5433,10.36797599563557,3.4249106952842896e-06,10.36797599563557,8.569832095773655e-05
5434,10.369976359338061,3.421181831036252e-06,10.369976359338061,8.56048835788992e-05
5435,10.371976723040552,3.417459702907982e-06,10.371976723040552,8.551161544429515e-05
5436,10.373977086743043,3.413744293289461e-06,10.373977086743045,8.541851610954642e-05
5437,10.375977450445534,3.410035584632286e-06,10.375977450445536,8.53255851318396e-05
5438,10.377977814148025,3.406333559449402e-06,10.377977814148027,8.523282206991918e-05
5439,10.379978177850518,3.402638200314829e-06,10.379978177850518,8.514022648408016e-05
5440,10.381978541553009,3.398949489863392e-06,10.381978541553009,8.504779793616163e-05
5441,10.3839789052555,3.3952674107904474e-06,10.383978905255502,8.495553598953955e-05
5442,10.38597926895799,3.3915919458516177e-06,10.38597926895799,8.486344020912003e-05
5443,10.387979632660482,3.387923077862526e-06,10.387979632660484,8.477151016133228e-05
5444,10.389979996362975,3.384260789698529e-06,10.389979996362975,8.467974541412213e-05
5445,10.391980360065466,3.380605064294461e-06,10.391980360065466,8.458814553694533e-05
5446,10.393980723767957,3.376955884644357e-06,10.393980723767957,8.449671010076027e-05
5447,10.395981087470448,3.373313233801207e-06,10.39598108747045,8.440543867802207e-05
5448,10.397981451172939,3.3696770948766874e-06,10.39798145117294,8.43143308426754e-05
5449,10.39998181487543,3.3660474510409052e-06,10.39998181487543,8.422338617014824e-05
5450,10.401982178577923,3.3624242855221442e-06,10.401982178577923,8.413260423734488e-05
5451,10.403982542280414,3.358807581606611e-06,10.403982542280414,8.404198462263988e-05
5452,10.405982905982905,3.355197322638172e-06,10.405982905982906,8.395152690587127e-05
5453,10.407983269685396,3.351593492018111e-06,10.407983269685396,8.386123066833425e-05
5454,10.409983633387888,3.3479960732048744e-06,10.409983633387888,8.377109549277449e-05
5455,10.41198399709038,3.3444050497138164e-06,10.41198399709038,8.368112096338216e-05
5456,10.41398436079287,3.3408204051169656e-06,10.413984360792872,8.359130666578529e-05
5457,10.415984724495361,3.3372421230427604e-06,10.415984724495361,8.350165218704359e-05
5458,10.417985088197854,3.333670187175811e-06,10.417985088197854,8.34121571156418e-05
5459,10.419985451900345,3.330104581256657e-06,10.419985451900345,8.332282104148412e-05
5460,10.421985815602836,3.3265452890815207e-06,10.421985815602836,8.323364355588738e-05
5461,10.423986179305329,3.3229922945020644e-06,10.423986179305327,8.314462425157518e-05
5462,10.42598654300782,3.31944558142516e-06,10.425986543007818,8.305576272267153e-05
5463,10.427986906710311,3.3159051338126326e-06,10.427986906710311,8.296705856469486e-05
5464,10.429987270412802,3.312370935681034e-06,10.429987270412802,8.287851137455199e-05
5465,10.431987634115293,3.3088429711014048e-06,10.431987634115293,8.279012075053202e-05
5466,10.433987997817786,3.305321224199033e-06,10.433987997817784,8.270188629230007e-05
5467,10.435988361520277,3.3018056791532328e-06,10.435988361520277,8.261380760089168e-05
5468,10.437988725222768,3.2982963201970944e-06,10.437988725222768,8.252588427870666e-05
5469,10.439989088925259,3.2947931316172625e-06,10.439989088925257,8.243811592950322e-05
5470,10.44198945262775,3.291296097753706e-06,10.44198945262775,8.235050215839181e-05
5471,10.443989816330241,3.287805202999483e-06,10.443989816330241,8.226304257182971e-05
5472,10.445990180032734,3.2843204318005153e-06,10.445990180032734,8.217573677761489e-05
5473,10.447990543735225,3.2808417686553688e-06,10.447990543735223,8.208858438488036e-05
5474,10.449990907437716,3.2773691981150127e-06,10.449990907437716,8.200158500408808e-05
5475,10.451991271140207,3.273902704782608e-06,10.451991271140207,8.19147382470237e-05
5476,10.453991634842698,3.270442273313274e-06,10.4539916348427,8.182804372679053e-05
5477,10.45599199854519,3.266987888413872e-06,10.455991998545189,8.174150105780404e-05
5478,10.457992362247682,3.263539534842791e-06,10.457992362247682,8.165510985578582e-05
5479,10.459992725950173,3.260097197409709e-06,10.459992725950173,8.156886973775855e-05
5480,10.461993089652664,3.25666086097539e-06,10.461993089652664,8.148278032203999e-05
5481,10.463993453355155,3.253230510451461e-06,10.463993453355155,8.139684122823761e-05
5482,10.465993817057646,3.249806130800194e-06,10.465993817057646,8.131105207724274e-05
5483,10.467994180760138,3.2463877070342904e-06,10.467994180760138,8.12254124912256e-05
5484,10.46999454446263,3.2429752242166757e-06,10.46999454446263,8.113992209362934e-05
5485,10.47199490816512,3.2395686674602716e-06,10.47199490816512,8.1054580509165e-05
5486,10.473995271867611,3.2361680219277937e-06,10.473995271867611,8.096938736380556e-05
5487,10.475995635570102,3.232773272831538e-06,10.475995635570104,8.08843422847811e-05
5488,10.477995999272595,3.2293844054331676e-06,10.477995999272595,8.079944490057317e-05
5489,10.479996362975086,3.2260014050435146e-06,10.479996362975085,8.071469484090953e-05
5490,10.481996726677577,3.2226242570223605e-06,10.481996726677577,8.063009173675859e-05
5491,10.483997090380068,3.219252946778231e-06,10.483997090380068,8.054563522032459e-05
5492,10.48599745408256,3.215887459768196e-06,10.485997454082561,8.0461324925042e-05
5493,10.48799781778505,3.2125277814976637e-06,10.48799781778505,8.037716048557056e-05
5494,10.489998181487543,3.2091738975201695e-06,10.489998181487543,8.029314153778953e-05
5495,10.491998545190034,3.2058257934371894e-06,10.491998545190034,8.020926771879336e-05
5496,10.493998908892525,3.2024834548979203e-06,10.493998908892527,8.012553866688587e-05
5497,10.495999272595016,3.1991468675990914e-06,10.495999272595016,8.004195402157546e-05
5498,10.497999636297507,3.1958160172847597e-06,10.497999636297509,7.995851342356981e-05
5499,10.5,3.192490889746112e-06,10.5,7.9875216514771e-05
