,300MHz_ppm,300MHz_intensity,60MHz_ppm,60MHz_intensity
0,-0.5,1.2352654913628448e-05,-0.5,0.0003101597839050632
1,-0.49799963629750865,1.240621831637305e-05,-0.49799963629750865,0.00031150125434588165
2,-0.49599927259501725,1.2460343162503872e-05,-0.49599927259501725,0.0003128567325498137
3,-0.4939989088925259,1.251503830999871e-05,-0.4939989088925259,0.00031422643888800474
4,-0.4919985451900345,1.2570312796271018e-05,-0.49199854519003455,0.0003156105981842876
5,-0.48999818148754315,1.2626175842568695e-05,-0.4899981814875432,0.00031700943982404566
6,-0.48799781778505186,1.2682636858499357e-05,-0.48799781778505186,0.0003184231978661963
7,-0.4859974540825605,1.2739705446686177e-05,-0.48599745408256045,0.0003198521111583964
8,-0.48399709038006916,1.2797391407558648e-05,-0.4839970903800691,0.0003212964234555764
9,-0.48199672667757776,1.28557047442828e-05,-0.4819967266775777,0.00032275638354191367
10,-0.4799963629750864,1.2914655667835454e-05,-0.47999636297508635,0.00032423224535635815
11,-0.477995999272595,1.2974254602227428e-05,-0.47799599927259506,0.00032572426812183187
12,-0.47599563557010366,1.3034512189880617e-05,-0.47599563557010366,0.00032723271647822256
13,-0.4739952718676123,1.3095439297164232e-05,-0.4739952718676123,0.0003287578606193017
14,-0.4719949081651209,1.3157047020095592e-05,-0.47199490816512096,0.00033029997643369696
15,-0.46999454446262956,1.321934669021102e-05,-0.46999454446262956,0.0003318593456500618
16,-0.46799418076013816,1.3282349880612742e-05,-0.4679941807601382,0.000333436255986579
17,-0.4659938170576468,1.3346068412197862e-05,-0.4659938170576468,0.00033503100130495236
18,-0.4639934533551555,1.3410514360075557e-05,-0.46399345335515546,0.0003366438817690379
19,-0.46199308965266417,1.3475700060179247e-05,-0.46199308965266417,0.0003382752040082762
20,-0.45999272595017276,1.354163811608035e-05,-0.45999272595017276,0.0003399252812860919
21,-0.4579923622476814,1.3608341406010764e-05,-0.4579923622476814,0.0003415944336734348
22,-0.45599199854519007,1.3675823090101414e-05,-0.45599199854519,0.000343282988227641
23,-0.45399163484269867,1.3744096617844465e-05,-0.45399163484269867,0.0003449912791768025
24,-0.4519912711402073,1.3813175735787174e-05,-0.4519912711402073,0.0003467196481098405
25,-0.4499909074377159,1.3883074495465602e-05,-0.4499909074377159,0.0003484684441724819
26,-0.44799054373522457,1.3953807261586786e-05,-0.4479905437352246,0.0003502380242693535
27,-0.4459901800327332,1.40253887204683e-05,-0.4459901800327332,0.0003520287532724105
28,-0.4439898163302418,1.4097833888744525e-05,-0.44398981633024187,0.0003538410042359259
29,-0.4419894526277506,1.417115812234924e-05,-0.4419894526277505,0.00035567515861828285
30,-0.4399890889252592,1.4245377125784724e-05,-0.4399890889252591,0.0003575316065108108
31,-0.4379887252227678,1.4320506961687674e-05,-0.43798872522276777,0.00035941074687392626
32,-0.4359883615202764,1.4396564060703086e-05,-0.43598836152027637,0.00036131298778084456
33,-0.4339879978177851,1.447356523167727e-05,-0.433987997817785,0.0003632387466691419
34,-0.43198763411529373,1.4551527672181965e-05,-0.43198763411529373,0.00036518845060045513
35,-0.4299872704128023,1.463046897938191e-05,-0.4299872704128023,0.0003671625365286263
36,-0.427986906710311,1.471040716125861e-05,-0.427986906710311,0.0003691614515766024
37,-0.4259865430078196,1.4791360648203907e-05,-0.42598654300781963,0.0003711856533224202
38,-0.4239861793053282,1.4873348304997172e-05,-0.4239861793053282,0.00037323561009461987
39,-0.4219858156028369,1.4956389443180756e-05,-0.4219858156028369,0.000375311801277442
40,-0.41998545190034553,1.5040503833848972e-05,-0.41998545190034553,0.00037741471762618
41,-0.4179850881978542,1.5125711720866343e-05,-0.4179850881978542,0.0003795448615930779
42,-0.4159847244953628,1.521203383453179e-05,-0.41598472449536283,0.00038170274766417464
43,-0.4139843607928715,1.5299491405705987e-05,-0.41398436079287143,0.0003838889027075221
44,-0.4119839970903801,1.538810618041988e-05,-0.4119839970903801,0.00038610386633321133
45,-0.40998363338788874,1.5477900434983233e-05,-0.4099836333878887,0.00038834819126567225
46,-0.40798326968539733,1.5568896991612874e-05,-0.40798326968539733,0.0003906224437287242
47,-0.405982905982906,1.5661119234601157e-05,-0.405982905982906,0.00039292720384387857
48,-0.40398254228041464,1.5754591127045976e-05,-0.4039825422804146,0.00039526306604241863
49,-0.40198217857792323,1.5849337228165027e-05,-0.4019821785779233,0.00039763063949180256
50,-0.3999818148754319,1.594538271121735e-05,-0.3999818148754319,0.00040003054853696027
51,-0.39798145117294054,1.6042753382057016e-05,-0.39798145117294054,0.000402463433157084
52,-0.3959810874704492,1.614147569834424e-05,-0.3959810874704492,0.00040492994943853436
53,-0.3939807237679578,1.6241576789440946e-05,-0.3939807237679578,0.0004074307700645155
54,-0.3919803600654665,1.6343084477018574e-05,-0.3919803600654665,0.0004099665848222035
55,-0.38997999636297515,1.6446027296407594e-05,-0.38997999636297515,0.00041253810112803905
56,-0.38797963266048374,1.6550434518719294e-05,-0.38797963266048374,0.0004151460445719352
57,-0.3859792689579924,1.6656336173771957e-05,-0.3859792689579924,0.00041779115948117814
58,-0.383978905255501,1.6763763073855048e-05,-0.383978905255501,0.00042047420950484327
59,-0.38197854155300964,1.687274683836661e-05,-0.38197854155300964,0.0004231959782195788
60,-0.3799781778505183,1.698331991936065e-05,-0.3799781778505183,0.00042595726975766074
61,-0.3779778141480269,1.7095515628043285e-05,-0.3779778141480269,0.0004287589094582495
62,-0.37597745044553554,1.7209368162257974e-05,-0.37597745044553554,0.000431601744542844
63,-0.3739770867430442,1.7324912635002335e-05,-0.37397708674304414,0.00043448664481595414
64,-0.37197672304055285,1.744218510402108e-05,-0.37197672304055285,0.00043741450339208253
65,-0.36997635933806144,1.7561222602521594e-05,-0.3699763593380615,0.00044038623745014285
66,-0.36797599563557015,1.768206317106128e-05,-0.3679759956355701,0.00044340278901650775
67,-0.36597563193307875,1.780474589065784e-05,-0.36597563193307875,0.00044646512577793153
68,-0.3639752682305874,1.7929310917176557e-05,-0.3639752682305874,0.0004495742419256591
69,-0.36197490452809605,1.8055799517051088e-05,-0.36197490452809605,0.0004527311590320934
70,-0.35997454082560465,1.818425410439721e-05,-0.3599745408256047,0.00045593692696146185
71,-0.3579741771231133,1.8314718279581973e-05,-0.3579741771231133,0.00045919262481600056
72,-0.3559738134206219,1.8447236869313787e-05,-0.35597381342062195,0.0004624993619192432
73,-0.35397344971813055,1.858185596832255e-05,-0.35397344971813055,0.0004658582788380867
74,-0.3519730860156392,1.871862298270199e-05,-0.3519730860156392,0.0004692705484453918
75,-0.34997272231314785,1.885758667499075e-05,-0.34997272231314785,0.00047273737702496136
76,-0.3479723586106565,1.8998797211072218e-05,-0.34797235861065645,0.0004762600054208419
77,-0.3459719949081651,1.9142306208977395e-05,-0.3459719949081651,0.00047983971023298595
78,-0.3439716312056738,1.928816678967968e-05,-0.3439716312056737,0.0004834778050614267
79,-0.3419712675031824,1.943643362997508e-05,-0.3419712675031824,0.0004871756418012237
80,-0.33997090380069106,1.9587163017546003e-05,-0.33997090380069106,0.000490934611990561
81,-0.3379705400981997,1.9740412908312655e-05,-0.33797054009819966,0.0004947561482145026
82,-0.3359701763957083,1.989624298618098e-05,-0.3359701763957083,0.0004986417255670434
83,-0.33396981269321696,2.0054714725302547e-05,-0.333969812693217,0.0005025928631742413
84,-0.33196944899072556,2.021589145496753e-05,-0.3319694489907256,0.0005066111257813576
85,-0.3299690852882342,2.0379838427259124e-05,-0.32996908528823427,0.0005106981254070956
86,-0.32796872158574286,2.0546622887604227e-05,-0.32796872158574286,0.0005148555230681999
87,-0.3259683578832515,2.071631414836323e-05,-0.3259683578832515,0.0005190850305778511
88,-0.32396799418076017,2.088898366560916e-05,-0.32396799418076017,0.0005233884124214848
89,-0.3219676304782688,2.106470511925539e-05,-0.32196763047826876,0.0005277674877138661
90,-0.31996726677577747,2.124355449669977e-05,-0.3199672667757774,0.0005322241322414595
91,-0.31796690307328607,2.1425610180162547e-05,-0.317966903073286,0.0005367602805943692
92,-0.3159665393707947,2.1610953037905848e-05,-0.31596653937079466,0.0005413779283923631
93,-0.3139661756683033,2.1799666519533053e-05,-0.3139661756683033,0.000546079134609747
94,-0.31196581196581197,2.1991836755577892e-05,-0.31196581196581197,0.0005508660240041385
95,-0.3099654482633206,2.2187552661605512e-05,-0.3099654482633206,0.0005557407896544736
96,-0.3079650845608292,2.2386906047060426e-05,-0.3079650845608292,0.0005607056956138882
97,-0.30596472085833787,2.2589991729110566e-05,-0.3059647208583379,0.000565763079683454
98,-0.3039643571558465,2.279690765175111e-05,-0.3039643571558466,0.000570915356313097
99,-0.3019639934533552,2.3007755010447725e-05,-0.3019639934533552,0.00057616501963639
100,-0.2999636297508638,2.322263838261542e-05,-0.2999636297508638,0.0005815146466463339
101,-0.2979632660483725,2.34416658642477e-05,-0.2979632660483725,0.0005869669005196444
102,-0.29596290234588113,2.366494921302927e-05,-0.2959629023458811,0.0005925245340975276
103,-0.2939625386433897,2.3892603998286378e-05,-0.2939625386433897,0.0005981903935314172
104,-0.2919621749408984,2.4124749758150785e-05,-0.2919621749408983,0.0006039674221026496
105,-0.289961811238407,2.436151016433665e-05,-0.289961811238407,0.000609858664225622
106,-0.2879614475359156,2.460301319495464e-05,-0.2879614475359156,0.0006158672696445622
107,-0.2859610838334243,2.4849391315814478e-05,-0.2859610838334242,0.0006219964978346746
108,-0.28396072013093293,2.510078167069579e-05,-0.28396072013093293,0.0006282497226190998
109,-0.2819603564284416,2.53573262810978e-05,-0.2819603564284415,0.0006346304370138589
110,-0.2799599927259502,2.561917225601143e-05,-0.2799599927259502,0.0006411422583137177
111,-0.27795962902345883,2.5886472012292556e-05,-0.27795962902345883,0.0006477889334327497
112,-0.27595926532096743,2.615938350625332e-05,-0.2759592653209675,0.0006545743445142535
113,-0.2739589016184761,2.643807047712861e-05,-0.27395890161847614,0.0006615025148256543
114,-0.27195853791598473,2.6722702703118935e-05,-0.27195853791598473,0.0006685776149550209
115,-0.2699581742134934,2.7013456270757562e-05,-0.2699581742134934,0.0006758039693269565
116,-0.26795781051100204,2.731051385840012e-05,-0.26795781051100204,0.0006831860630567734
117,-0.26595744680851063,2.761406503468949e-05,-0.26595744680851063,0.0006907285491631625
118,-0.2639570831060193,2.792430657290652e-05,-0.2639570831060193,0.0006984362561609029
119,-0.2619567194035279,2.8241442782180597e-05,-0.26195671940352794,0.0007063141960566497
120,-0.2599563557010366,2.856568585660112e-05,-0.2599563557010366,0.0007143675727724008
121,-0.25795599199854524,2.8897256243344402e-05,-0.2579559919985452,0.0007226017910229481
122,-0.25595562829605384,2.923638303100862e-05,-0.25595562829605384,0.0007310224656754605
123,-0.2539552645935625,2.9583304359434795e-05,-0.2539552645935625,0.0007396354316213001
124,-0.2519549008910711,2.9938267852383052e-05,-0.25195490089107114,0.0007484467541923234
125,-0.24995453718857974,3.0301531074532424e-05,-0.24995453718857974,0.0007574627401562033
126,-0.24795417348608842,3.067336201437954e-05,-0.24795417348608836,0.0007666899493277928
127,-0.24595380978359704,3.105403959472734e-05,-0.24595380978359704,0.0007761352068362311
128,-0.24395344608110567,3.1443854212579574e-05,-0.24395344608110567,0.0007858056160903933
129,-0.2419530823786143,3.18431083103935e-05,-0.2419530823786143,0.0007957085724884076
130,-0.23995271867612294,3.225211698078912e-05,-0.23995271867612294,0.0008058517779203668
131,-0.2379523549736316,3.2671208606973275e-05,-0.2379523549736316,0.0008162432561170308
132,-0.23595199127114025,3.310072554130963e-05,-0.23595199127114022,0.0008268913689012831
133,-0.23395162756864887,3.3541024824653146e-05,-0.23395162756864885,0.0008378048334034415
134,-0.2319512638661575,3.3992478949272165e-05,-0.23195126386615747,0.0008489927403061828
135,-0.22995090016366612,3.44554766684024e-05,-0.2299509001636661,0.0008604645731899402
136,-0.22795053646117475,3.493042385571875e-05,-0.2279505364611748,0.0008722302290551425
137,-0.22595017275868343,3.541774441827379e-05,-0.22595017275868343,0.000884300040103677
138,-0.22394980905619208,3.5917881266737904e-05,-0.22394980905619205,0.0008966847968684801
139,-0.2219494453537007,3.643129734708812e-05,-0.22194944535370068,0.0009093957727872812
140,-0.21994908165120933,3.6958476738233994e-05,-0.21994908165120933,0.0009224447503242623
141,-0.21794871794871795,3.749992582044036e-05,-0.21794871794871795,0.0009358440487518463
142,-0.21594835424622658,3.805617451981383e-05,-0.21594835424622658,0.0009496065537140441
143,-0.21394799054373526,3.862777763456504e-05,-0.21394799054373526,0.0009637457487028483
144,-0.21194762684124388,3.9215316249245083e-05,-0.21194762684124388,0.0009782757485901619
145,-0.20994726313875253,3.9819399243688605e-05,-0.20994726313875253,0.000993211335369762
146,-0.20794689943626116,4.044066490398148e-05,-0.20794689943626116,0.0010085679962769792
147,-0.20594653573376978,4.107978264341214e-05,-0.20594653573376978,0.0010243619644681604
148,-0.2039461720312784,4.17374548420725e-05,-0.2039461720312784,0.0010406102624578029
149,-0.20194580832878709,4.241441881454881e-05,-0.20194580832878703,0.0010573307485285703
150,-0.1999454446262957,4.311144891599697e-05,-0.19994544462629574,0.0010745421663484363
151,-0.19794508092380436,4.382935879783651e-05,-0.19794508092380436,0.001092264198050122
152,-0.195944717221313,4.4569003825334336e-05,-0.195944717221313,0.0011105175210509941
153,-0.1939443535188216,4.533128367049262e-05,-0.1939443535188216,0.001129323868916924
154,-0.19194398981633023,4.6117145094919206e-05,-0.19194398981633026,0.0011487060966015223
155,-0.18994362611383891,4.692758493875545e-05,-0.1899436261138389,0.0011686882504229298
156,-0.18794326241134754,4.776365333328334e-05,-0.1879432624113475,0.001189295643174358
157,-0.18594289870885616,4.8626457156546497e-05,-0.18594289870885614,0.0012105549348020964
158,-0.18394253500636482,4.9517163753221134e-05,-0.18394253500636484,0.0012324942191262612
159,-0.18194217130387344,5.0437004942082664e-05,-0.18194217130387347,0.0012551431171255476
160,-0.17994180760138212,5.138728133675978e-05,-0.1799418076013821,0.0012785328773582104
161,-0.17794144389889074,5.23693670080793e-05,-0.17794144389889072,0.0013026964841480813
162,-0.17594108019639937,5.338471451921326e-05,-0.17594108019639934,0.0013276687742272036
163,-0.173940716493908,5.443486036808536e-05,-0.173940716493908,0.0013534865625965378
164,-0.17194035279141665,5.552143087511759e-05,-0.17194035279141662,0.0013801887784439103
165,-0.16993998908892527,5.6646148558451185e-05,-0.1699399890889253,0.0014078166120449973
166,-0.16793962538643395,5.7810839043312886e-05,-0.16793962538643392,0.0014364136736697629
167,-0.16593926168394257,5.901743855728535e-05,-0.16593926168394255,0.0014660261656247056
168,-0.1639388979814512,6.0268002068950046e-05,-0.1639388979814512,0.0014967030686819382
169,-0.16193853427895982,6.156471213379168e-05,-0.16193853427895982,0.001528496344281232
170,-0.15993817057646845,6.290988851847763e-05,-0.15993817057646845,0.0015614611540426151
171,-0.1579378068739771,6.430599868277188e-05,-0.15793780687397707,0.0015956560982970734
172,-0.15593744317148578,6.575566920753786e-05,-0.15593744317148578,0.00163114347553393
173,-0.1539370794689944,6.726169826768039e-05,-0.1539370794689944,0.0016679895648784397
174,-0.15193671576650303,6.88270692606464e-05,-0.15193671576650303,0.0017062649339552936
175,-0.14993635206401165,7.045496571445561e-05,-0.14993635206401165,0.0017460447747670628
176,-0.14793598836152028,7.214878761439192e-05,-0.14793598836152028,0.0017874092705253426
177,-0.14593562465902893,7.391216930473884e-05,-0.14593562465902893,0.0018304439967217869
178,-0.1439352609565376,7.574899914160306e-05,-0.14393526095653755,0.0018752403601221262
179,-0.14193489725404623,7.766344109531409e-05,-0.14193489725404618,0.0019218960798156118
180,-0.13993453355155486,7.965995852655903e-05,-0.13993453355155486,0.001970515714963022
181,-0.13793416984906348,8.1743340389822e-05,-0.1379341698490635,0.002021211244467778
182,-0.1359338061465721,8.391873015145951e-05,-0.13593380614657213,0.002074102704457567
183,-0.13393344244408076,8.61916577485741e-05,-0.13393344244408076,0.0021293188902210183
184,-0.1319330787415894,8.856807495959562e-05,-0.13193307874158938,0.002186998130109978
185,-0.12993271503909806,9.105439460915362e-05,-0.129932715039098,0.002247289139910416
186,-0.1279323513366067,9.36575340896206e-05,-0.12793235133660666,0.0023103519673242545
187,-0.1259319876341153,9.638496375105077e-05,-0.12593198763411534,0.0023763590375145164
188,-0.12393162393162394,9.924476079183822e-05,-0.12393162393162396,0.0024454963121755555
189,-0.12193126022913257,0.000102245669376309,-0.1219312602291326,0.0025179645763322386
190,-0.11993089652664125,0.00010539716781510454,-0.11993089652664123,0.002593980869086654
191,-0.11793053282414988,0.00010870954377255085,-0.11793053282414985,0.002673780076865223
192,-0.1159301691216585,0.000112193978615816,-0.11593016912165849,0.002757616710429334
193,-0.11392980541916714,0.00011586264219786015,-0.11392980541916711,0.0028457668900655686
194,-0.11192944171667576,0.00011972879957522805,-0.1119294417166758,0.002938530567047348
195,-0.10992907801418444,0.000123806931409041,-0.10992907801418443,0.0030362340137542053
196,-0.10792871431169307,0.00012811287009094883,-0.10792871431169307,0.003139232619862817
197,-0.10592835060920171,0.0001326639539849367,-0.1059283506092017,0.0032479140379240946
198,-0.10392798690671033,0.0001374792025926079,-0.10392798690671032,0.003362701728579751
199,-0.10192762320421897,0.00014257951594855313,-0.10192762320421896,0.0034840589638519834
200,-0.0999272595017276,0.00014798790215189204,-0.09992725950172758,0.003612493356605913
201,-0.09792689579923627,0.00015372973766272923,-0.09792689579923622,0.0037485619957335855
202,-0.0959265320967449,0.00015983306586653208,-0.0959265320967449,0.0038928772802029267
203,-0.09392616839425354,0.0001663289404710129,-0.09392616839425354,0.004046113561297312
204,-0.09192580469176216,0.00017325182159409782,-0.09192580469176216,0.004209014721682517
205,-0.08992544098927079,0.00018064003398515955,-0.08992544098927079,0.004382402843042155
206,-0.08792507728677942,0.00018853629876778606,-0.08792507728677942,0.004567188141736303
207,-0.0859247135842881,0.0001969883524943092,-0.08592471358428805,0.004764380385267853
208,-0.08392434988179673,0.0002060496702803323,-0.08392434988179669,0.00497510204252983
209,-0.08192398617930535,0.00021578031349716594,-0.08192398617930537,0.005200603469392978
210,-0.07992362247681399,0.00022624792714403237,-0.079923622476814,0.005442280490083731
211,-0.07792325877432262,0.00023752891786539616,-0.07792325877432263,0.0057016948063666716
212,-0.07592289507183125,0.000249709850971493,-0.07592289507183127,0.005980597753727946
213,-0.07392253136933992,0.00026288911422576766,-0.07392253136933989,0.006280958030220807
214,-0.0719221676668485,0.0002771789082007651,-0.07192216766684852,0.00660499415394267
215,-0.06992180396435714,0.0002927076385069446,-0.06992180396435715,0.006955212564937637
216,-0.06792144026186586,0.0003096228052955584,-0.06792144026186583,0.0073344524837046015
217,-0.0659210765593745,0.0003280945116686293,-0.06592107655937447,0.007745938880162246
218,-0.06392071285688312,0.0003483197471191591,-0.0639207128568831,0.008193345204624312
219,-0.061920349154391756,0.00037052764782245215,-0.06192034915439173,0.008680867899208649
220,-0.05991998545190038,0.0003949859966404884,-0.05991998545190036,0.009213315160004017
221,-0.05791962174940901,0.0004220093079418186,-0.05791962174940899,0.009796212976058667
222,-0.05591925804691764,0.0004519689541579744,-0.05591925804691762,0.010435932152484458
223,-0.053918894344426274,0.0004853059445138076,-0.053918894344426246,0.011139840855420793
224,-0.051918530641934905,0.0005225471793216196,-0.05191853064193494,0.011916488220014667
225,-0.04991816693944353,0.0005643263019030613,-0.04991816693944357,0.01277582575818038
226,-0.04791780323695216,0.0006114106940715583,-0.047917803236952196,0.013729474696446671
227,-0.04591743953446089,0.0006647367702954731,-0.04591743953446083,0.014791048940940715
228,-0.043917075831969514,0.0007254566131525616,-0.04391707583196946,0.015976545020103778
229,-0.041916712129478145,0.000795000304654542,-0.04191671212947809,0.017304811892039033
230,-0.03991634842698678,0.000875160278345154,-0.03991634842698672,0.01879811450162782
231,-0.03791598472449541,0.0009682070271467496,-0.03791598472449541,0.020482804621822098
232,-0.03591562102200404,0.0010770501866468518,-0.03591562102200404,0.0223901093136897
233,-0.033915257319512664,0.0012054664537200503,-0.033915257319512664,0.02455703859235198
234,-0.031914893617021295,0.0013584278815586403,-0.031914893617021295,0.027027394844493628
235,-0.029914529914529926,0.0015425841924877604,-0.029914529914529926,0.029852829036822175
236,-0.027914166212038558,0.0017669871018323846,-0.027914166212038558,0.03309381906307726
237,-0.025913802509547185,0.002044205125207927,-0.025913802509547185,0.03682032142180003
238,-0.023913438807055817,0.0023920873979170506,-0.023913438807055876,0.04111163444532721
239,-0.02191307510456454,0.002836642841189473,-0.021913075104564507,0.046054661085735596
240,-0.01991271140207317,0.0034169099675989173,-0.019912711402073135,0.05173921525903639
241,-0.0179123476995818,0.004193535769937708,-0.017912347699581766,0.05824824370057056
242,-0.015911983997090432,0.005264613780391302,-0.015911983997090394,0.06563991356991421
243,-0.01391162029459906,0.006796549404970956,-0.013911620294599025,0.07391784514246837
244,-0.011911256592107691,0.009088070752509832,-0.011911256592107655,0.08298644853856396
245,-0.00991089288961632,0.01271257429411114,-0.009910892889616284,0.0925925640328233
246,-0.00791052918712495,0.018858097587661073,-0.007910529187124975,0.10226541778692104
247,-0.005910165484633581,0.030176010032789108,-0.005910165484633604,0.11128521519688692
248,-0.0039098017821422104,0.05262387555312944,-0.003909801782142234,0.1187282415777827
249,-0.0019094380796508402,0.09412668185176003,-0.001909438079650864,0.12362937780189016
250,9.092562284052974e-05,0.12491687954395242,9.092562284050606e-05,0.12524550795948697
251,0.002091289325331805,0.089704674366901,0.002091289325331876,0.12331209146782844
252,0.004091653027823175,0.0498752914399035,0.004091653027823246,0.11814460114016037
253,0.006092016730314545,0.028810782561904117,0.006092016730314557,0.11051814339715267
254,0.008092380432805916,0.018142131189128254,0.008092380432805928,0.1014039438528976
255,0.010092744135297286,0.01230371832210834,0.010092744135297297,0.0917119936419381
256,0.012093107837788655,0.00883642256947223,0.012093107837788667,0.08213978699728997
257,0.014093471540280025,0.006631984125319539,0.014093471540280037,0.07313628042973827
258,0.016093835242771394,0.005151649989337208,0.016093835242771408,0.06493769942808623
259,0.018094198945262766,0.0041129034706403125,0.018094198945262777,0.05762836718580966
260,0.020094562647754135,0.0033574925964574612,0.02009456264775409,0.05119809457778071
261,0.022094926350245507,0.0027916928529268664,0.02209492635024546,0.04558543705780504
262,0.024095290052736782,0.0023573293232838073,0.024095290052736827,0.040706231286532314
263,0.02609565375522815,0.0020168289628570636,0.0260956537552282,0.036470619398989525
264,0.028096017457719523,0.0017450871015294502,0.028096017457719568,0.03279225287268441
265,0.03009638116021089,0.001524832245144878,0.03009638116021094,0.02959264267400733
266,0.03209674486270226,0.0013438761999785083,0.03209674486270231,0.026802704729906566
267,0.03409710856519363,0.0011934243890167361,0.03409710856519368,0.024362797951737725
268,0.036097472267685005,0.0010670050683839938,0.036097472267685046,0.022222027797741677
269,0.03809783597017637,0.0009597719698580602,0.03809783597017642,0.0203372529456422
270,0.04009819967266774,0.0008680389694025629,0.04009819967266779,0.01867202954267072
271,0.04209856337515911,0.0007889627540744267,0.04209856337515904,0.017195609510116987
272,0.04409892707765048,0.0007203221393994755,0.04409892707765041,0.015882043380646128
273,0.046099290780141855,0.0006603618600556478,0.04609929078014178,0.014709402783591799
274,0.04809965448263313,0.0006076802058292011,0.048099654482633154,0.013659119861295784
275,0.050100018185124495,0.0005611470022998274,0.05010001818512452,0.012715432813844216
276,0.05210038188761587,0.0005198429321345209,0.05210038188761589,0.011864923917390793
277,0.05410074559010724,0.00048301408703230235,0.05410074559010726,0.011096136181928942
278,0.05610110929259861,0.0004500375378722901,0.05610110929259863,0.010399255887501938
279,0.05810147299508998,0.00042039497598144495,0.058101472995090005,0.009765849797974242
280,0.060101836697581346,0.00039365233558047273,0.06010183669758137,0.009188647503259218
281,0.06210220040007272,0.0003694438965729948,0.06210220040007274,0.0086613608942307
282,0.06410256410256408,0.00034745977722600794,0.06410256410256411,0.008178534150491815
283,0.06610292780505546,0.00032743601578087526,0.06610292780505549,0.007735418798777764
284,0.06810329150754683,0.0003091466466524057,0.06810329150754685,0.0073278693865484286
285,0.0701036552100382,0.0002923973259678436,0.07010365521003822,0.006952256131207389
286,0.07210401891252947,0.00027702016989362575,0.07210401891252947,0.006605391574247125
287,0.07410438261502085,0.0002628695492099685,0.07410438261502085,0.0062844688150646725
288,0.07610474631751221,0.00024981864302822215,0.07610474631751221,0.005987009342631312
289,0.07810511002000359,0.00023775659907488298,0.07810511002000359,0.005710818843168138
290,0.08010547372249495,0.0002265861815982533,0.08010547372249495,0.005453949654084609
291,0.08210583742498632,0.00021622181355036033,0.08210583742498632,0.005214668771579831
292,0.0841062011274777,0.0002065879393193403,0.0841062011274777,0.004991430512036063
293,0.08610656482996906,0.00019761764943392615,0.08610656482996906,0.004782853084206738
294,0.08810692853246044,0.00018925152042952473,0.08810692853246044,0.0045876984571258245
295,0.0901072922349518,0.0001814366322651144,0.0901072922349518,0.004404855013203668
296,0.09210765593744318,0.00017412573291487938,0.09210765593744318,0.004233322561597526
297,0.09410801963993445,0.00016727652547995477,0.09410801963993455,0.004072199357244615
298,0.09610838334242582,0.000160851057714776,0.09610838334242591,0.003920670828809545
299,0.09810874704491719,0.00015481519749812784,0.09810874704491729,0.0037779997665478293
300,0.10010911074740857,0.00014913818069879552,0.10010911074740854,0.0036435177605938095
301,0.10210947444989993,0.00014379222024173146,0.1021094744498999,0.0035166177129530027
302,0.1041098381523913,0.0001387521670902745,0.10410983815239128,0.0033967472737353177
303,0.10611020185488267,0.0001339952154144851,0.10611020185488265,0.0032834030748934854
304,0.10811056555737404,0.0001295006454863677,0.10811056555737401,0.0031761256537326606
305,0.11011092925986542,0.00012524959888559668,0.11011092925986539,0.0030744949743832413
306,0.11211129296235678,0.00012122488145848875,0.11211129296235675,0.002978126468811655
307,0.11411165666484815,0.00011741079018334805,0.11411165666484813,0.0028866675302169696
308,0.11611202036733952,0.0001137929606847834,0.1161120203673395,0.0027997944011807392
309,0.1181123840698308,0.00011035823263041858,0.11811238406983086,0.0027172094069954226
310,0.12011274777232217,0.00010709453065343539,0.12011274777232224,0.002638638491433717
311,0.12211311147481353,0.0001039907587880075,0.1221131114748136,0.0025638290180354686
312,0.12411347517730491,0.00010103670669352363,0.12411347517730498,0.002492547804944815
313,0.12611383887979627,9.822296618703117e-05,0.12611383887979635,0.0024245793655638752
314,0.12811420258228765,9.554085680923472e-05,0.12811420258228773,0.002359724330913855
315,0.13011456628477902,9.298235932396563e-05,0.13011456628477897,0.0022977980327040337
316,0.1321149299872704,9.054005619945724e-05,0.13211492998727034,0.0022386292287825604
317,0.13411529368976174,8.820707824626041e-05,0.13411529368976172,0.0021820589549461397
318,0.13611565739225312,8.597705669473047e-05,0.1361156573922531,0.002127939489073652
319,0.1381160210947445,8.384408008760506e-05,0.13811602109474444,0.0020761334152682924
320,0.14011638479723576,8.180265544268953e-05,0.14011638479723582,0.0020265127771826744
321,0.14211674849972714,7.984767320907719e-05,0.1421167484997272,0.0019789583109948504
322,0.1441171122022185,7.797437559933582e-05,0.14411711220221857,0.0019333587496281985
323,0.1461174759047099,7.617832793108695e-05,0.14611747590470994,0.0018896101907882575
324,0.14811783960720126,7.445539265557786e-05,0.1481178396072013,0.0018476155222451039
325,0.1501182033096926,7.280170578918152e-05,0.15011820330969267,0.0018072838985377935
326,0.152118567012184,7.121365549709857e-05,0.15211856701218404,0.0017685302639323741
327,0.15411893071467536,6.968786260758253e-05,0.15411893071467542,0.0017312749170395284
328,0.15611929441716674,6.822116286036579e-05,0.1561192944171668,0.0016954431130026743
329,0.1581196581196581,6.68105907151402e-05,0.15811965811965814,0.0016609646996114994
330,0.16012002182214946,6.545336456537046e-05,0.1601200218221494,0.001627773784087349
331,0.16212038552464084,6.414687321976988e-05,0.16212038552464078,0.001595808427632348
332,0.16412074922713213,6.28886635287526e-05,0.16412074922713213,0.001565010365139513
333,0.16612111292962348,6.167642904637401e-05,0.1661211129296235,0.0015353247477313406
334,0.16812147663211485,6.050799962990892e-05,0.16812147663211488,0.0015066999060339983
335,0.17012184033460623,5.938133188949515e-05,0.17012184033460626,0.0014790871323068257
336,0.1721222040370976,5.829450040936595e-05,0.17212220403709763,0.0014524404797358844
337,0.17412256773958898,5.724568967024987e-05,0.17412256773958898,0.0014267165773684653
338,0.17612293144208033,5.623318660966512e-05,0.17612293144208035,0.0014018744593153538
339,0.1781232951445717,5.525537376318673e-05,0.17812329514457173,0.001377875406981357
340,0.18012365884706308,5.431072293541468e-05,0.1801236588470631,0.0013546828032040639
341,0.18212402254955445,5.339778935440652e-05,0.18212402254955448,0.001332261997287658
342,0.18412438625204583,5.251520626782753e-05,0.18412438625204583,0.001310580180014233
343,0.18612474995453718,5.1661679943084216e-05,0.1861247499545372,0.0012896062678008793
344,0.18812511365702847,5.083598503729416e-05,0.18812511365702847,0.001269310795247761
345,0.19012547735951985,5.003696030615765e-05,0.19012547735951985,0.0012496658153915451
346,0.1921258410620112,4.9263504623678434e-05,0.1921258410620112,0.001230644807040819
347,0.19412620476450257,4.8514573287264045e-05,0.19412620476450257,0.0012122225886260895
348,0.19612656846699394,4.7789174585061874e-05,0.19612656846699394,0.0011943752380474877
349,0.19812693216948532,4.7086366604476095e-05,0.19812693216948532,0.0011770800180488732
350,0.2001272958719767,4.640525426269377e-05,0.2001272958719767,0.0011603153066881667
351,0.20212765957446804,4.574498654174561e-05,0.20212765957446804,0.0011440605325109738
352,0.20412802327695942,4.510475391215924e-05,0.20412802327695942,0.0011282961140682292
353,0.2061283869794508,4.448378593064715e-05,0.2061283869794508,0.0011130034034490996
354,0.20812875068194217,4.388134899852301e-05,0.20812875068194217,0.0010981646335280636
355,0.21012911438443344,4.3296744268674645e-05,0.21012911438443355,0.0010837628686501634
356,0.2121294780869248,4.272930568994775e-05,0.2121294780869249,0.0010697819585012678
357,0.2141298417894162,4.217839817872784e-05,0.21412984178941627,0.0010562064949308934
358,0.21613020549190756,4.164341590835285e-05,0.21613020549190765,0.001043021771514021
359,0.2181305691943989,4.1123780707757826e-05,0.2181305691943989,0.0010302137456555175
360,0.22013093289689029,4.061894056145362e-05,0.22013093289689026,0.0010177690030564576
361,0.22213129659938166,4.012836820357668e-05,0.22213129659938163,0.0010056747243759167
362,0.22413166030187304,3.9651559799328505e-05,0.224131660301873,0.0009939186539348673
363,0.2261320240043644,3.918803370765227e-05,0.22613202400436438,0.0009824890703207351
364,0.22813238770685576,3.8737329319476486e-05,0.22813238770685576,0.000971374758762077
365,0.23013275140934714,3.8299005966297965e-05,0.2301327514093471,0.0009605649851528215
366,0.2321331151118385,3.787264189427863e-05,0.23213311511183848,0.0009500494716146641
367,0.23413347881432978,3.745783329940089e-05,0.23413347881432986,0.000939818373494576
368,0.23613384251682115,3.705419341956337e-05,0.23613384251682124,0.0009298622577020811
369,0.23813420621931253,3.666135167980959e-05,0.2381342062193126,0.0009201720822980132
370,0.2401345699218039,3.62789528871651e-05,0.24013456992180396,0.0009107391772529338
371,0.24213493362429528,3.59066564718206e-05,0.24213493362429533,0.000901555226299369
372,0.24413529732678663,3.5544135771636884e-05,0.2441352973267867,0.0008926122498074818
373,0.246135661029278,3.5191077357168443e-05,0.24613566102927809,0.0008839025886188614
374,0.24813602473176938,3.4847180394604426e-05,0.24813602473176932,0.0008754188887777429
375,0.2501363884342607,3.451215604421247e-05,0.2501363884342607,0.0008671540871032603
376,0.25213675213675213,3.4185726892042094e-05,0.2521367521367521,0.000859101397550289
377,0.2541371158392435,3.386762641280277e-05,0.2541371158392434,0.0008512542983100689
378,0.2561374795417349,3.355759846197785e-05,0.2561374795417348,0.0008436065196051785
379,0.2581378432442261,3.325539679536948e-05,0.2581378432442262,0.0008361520321365307
380,0.2601382069467175,3.296078461439499e-05,0.2601382069467176,0.0008288850361429453
381,0.26213857064920887,3.26735341355691e-05,0.2621385706492089,0.000821799951036512
382,0.2641389343517002,3.2393426182713035e-05,0.26413893435170027,0.0008148914055794125
383,0.2661392980541916,3.212024980053015e-05,0.2661392980541917,0.0008081542285701708
384,0.26813966175668297,3.1853801888277705e-05,0.268139661756683,0.0008015834400093969
385,0.27014002545917437,3.159388685234993e-05,0.2701400254591744,0.0007951742427170568
386,0.2721403891616657,3.1340316276664514e-05,0.2721403891616658,0.0007889220143751293
387,0.27414075286415707,3.109290860981784e-05,0.2741407528641571,0.0007828222999711826
388,0.27614111656664847,3.0851488868040884e-05,0.2761411165666484,0.0007768708046199871
389,0.2781414802691398,3.06158883530508e-05,0.27814148026913976,0.0007710633867417322
390,0.2801418439716311,3.0385944383950254e-05,0.2801418439716311,0.000765396051576771
391,0.28214220767412246,3.0161500042381296e-05,0.2821422076741225,0.0007598649450180758
392,0.28414257137661386,2.9942403930190046e-05,0.28414257137661386,0.0007544663477437692
393,0.2861429350791052,2.9728509938905407e-05,0.28614293507910527,0.0007491966696331773
394,0.2881432987815966,2.9519677030378127e-05,0.2881432987815966,0.0007440524444508796
395,0.29014366248408796,2.9315769027967066e-05,0.29014366248408796,0.0007390303247841737
396,0.2921440261865793,2.9116654417697374e-05,0.29214402618657936,0.0007341270772202611
397,0.2941443898890707,2.8922206158849752e-05,0.2941443898890707,0.0007293395777502854
398,0.29614475359156206,2.8732301503473547e-05,0.2961447535915621,0.0007246648073881252
399,0.29814511729405346,2.854682182434607e-05,0.29814511729405346,0.0007200998479925647
400,0.3001454809965448,2.8365652450929916e-05,0.3001454809965448,0.0007156418782821403
401,0.30214584469903616,2.8188682512905925e-05,0.3021458446990362,0.0007112881700325829
402,0.30414620840152745,2.8015804790884845e-05,0.30414620840152756,0.0007070360844473712
403,0.3061465721040188,2.7846915573923857e-05,0.3061465721040188,0.0007028830686924661
404,0.3081469358065102,2.768191452349566e-05,0.3081469358065102,0.0006988266525867914
405,0.31014729950900155,2.752070454357869e-05,0.31014729950900155,0.0006948644454405364
406,0.31214766321149295,2.736319165655548e-05,0.31214766321149295,0.0006909941330337817
407,0.3141480269139843,2.7209284884624646e-05,0.3141480269139843,0.0006872134747283928
408,0.31614839061647565,2.7058896136448112e-05,0.31614839061647565,0.0006835203007065118
409,0.31814875431896705,2.6911940098771497e-05,0.31814875431896705,0.0006799125093293533
410,0.3201491180214584,2.6768334132769615e-05,0.3201491180214584,0.0006763880646103615
411,0.3221494817239498,2.6627998174883522e-05,0.3221494817239498,0.0006729449937971129
412,0.32414984542644115,2.6490854641927864e-05,0.32414984542644115,0.0006695813850566541
413,0.3261502091289325,2.63568283402599e-05,0.3261502091289325,0.0006662953852592598
414,0.3281505728314238,2.6225846378812715e-05,0.3281505728314239,0.000663085197855861
415,0.3301509365339152,2.609783808580604e-05,0.33015093653391525,0.0006599490808446562
416,0.33215130023640654,2.597273492895803e-05,0.33215130023640665,0.000656885344822654
417,0.3341516639388979,2.5850470439030967e-05,0.3341516639388979,0.0006538923511181221
418,0.3361520276413893,2.5730980136552618e-05,0.33615202764138924,0.0006509685100001343
419,0.33815239134388064,2.5614201461563573e-05,0.33815239134388064,0.0006481122789616052
420,0.34015275504637205,2.550007370624864e-05,0.340152755046372,0.0006453221610723908
421,0.3421531187488634,2.5388537950317794e-05,0.3421531187488634,0.0006425967033992113
422,0.34415348245135474,2.5279536999009394e-05,0.34415348245135474,0.000639934495489324
423,0.34615384615384615,2.5173015323594676e-05,0.3461538461538461,0.0006373341679150242
424,0.3481542098563375,2.5068919004269028e-05,0.3481542098563375,0.0006347943908762114
425,0.3501545735588288,2.496719567532137e-05,0.35015457355882884,0.0006323138728583925
426,0.35215493726132013,2.4867794472478267e-05,0.35215493726132024,0.0006298913593436235
427,0.35415530096381154,2.47706659823251e-05,0.3541553009638116,0.0006275256315720294
428,0.356155664666303,2.467576219371096e-05,0.35615566466630294,0.0006252155053516441
429,0.35815602836879423,2.4583036451049286e-05,0.35815602836879434,0.0006229598299144385
430,0.36015639207128575,2.4492443409429794e-05,0.3601563920712857,0.000620757486816498
431,0.362156755773777,2.440393899146255e-05,0.3621567557737771,0.0006186073888804265
432,0.3641571194762683,2.431748034577767e-05,0.36415711947626833,0.0006165084791781279
433,0.36615748317875974,2.4233025807108956e-05,0.3661574831787597,0.000614459730052226
434,0.368157846881251,2.415053485789278e-05,0.3681578468812511,0.0006124601421744557
435,0.3701582105837425,2.406996809131662e-05,0.37015821058374243,0.0006105087436394408
436,0.3721585742862338,2.3991287175755565e-05,0.3721585742862338,0.0006086045890923541
437,0.37415893798872524,2.391445482053722e-05,0.3741589379887252,0.0006067467588890214
438,0.3761593016912165,2.3839434742978975e-05,0.37615930169121653,0.0006049343582871039
439,0.37815966539370793,2.3766191636643687e-05,0.37815966539370793,0.000603166516667054
440,0.3801600290961992,2.3694691140762965e-05,0.3801600290961993,0.0006014423867816036
441,0.3821603927986907,2.3624899810778987e-05,0.38216039279869063,0.0005997611440326036
442,0.384160756501182,2.3556785089958735e-05,0.38416075650118203,0.000598121985774079
443,0.38616112020367327,2.349031528203603e-05,0.3861611202036734,0.0005965241306404296
444,0.38816148390616473,2.3425459524839435e-05,0.3881614839061648,0.000594966817898747
445,0.39016184760865597,2.336218776486545e-05,0.39016184760865613,0.000593449306824265
446,0.3921622113111475,2.330047073275873e-05,0.3921622113111475,0.0005919708760980107
447,0.3941625750136387,2.3240279919662595e-05,0.39416257501363877,0.0005905308232257642
448,0.3961629387161302,2.3181587554404643e-05,0.3961629387161301,0.0005891284639774685
449,0.39816330241862147,2.312436658148431e-05,0.39816330241862147,0.0005877631318462824
450,0.4001636661211129,2.3068590639829973e-05,0.40016366612111287,0.0005864341775264899
451,0.4021640298236042,2.3014234042295642e-05,0.4021640298236042,0.0005851409684095307
452,0.4041643935260957,2.2961271755867476e-05,0.4041643935260956,0.000583882888097433
453,0.40616475722858697,2.2909679382552667e-05,0.40616475722858697,0.0005826593359329749
454,0.4081651209310782,2.2859433140923833e-05,0.4081651209310783,0.0005814697265459217
455,0.41016548463356967,2.2810509848293487e-05,0.4101654846335697,0.0005803134894147176
456,0.41216584833606096,2.2762886903494182e-05,0.41216584833606107,0.0005791900684430371
457,0.4141662120385524,2.271654227024104e-05,0.4141662120385525,0.0005780989215506303
458,0.4161665757410437,2.267145446105432e-05,0.4161665757410438,0.0005770395202779104
459,0.41816693944353517,2.2627602521720686e-05,0.41816693944353517,0.0005760113494037716
460,0.42016730314602646,2.2584966016272684e-05,0.42016730314602657,0.0005750139065761291
461,0.4221676668485179,2.254352501246696e-05,0.4221676668485178,0.0005740467019547102
462,0.4241680305510092,2.2503260067742364e-05,0.4241680305510092,0.0005731092578656343
463,0.42616839425350067,2.2464152215640005e-05,0.42616839425350056,0.0005722011084673463
464,0.4281687579559919,2.2426182952668137e-05,0.4281687579559919,0.0005713217994274803
465,0.43016912165848337,2.2389334225595254e-05,0.4301691216584833,0.0005704708876102534
466,0.43216948536097466,2.2353588419155778e-05,0.43216948536097466,0.0005696479407740013
467,0.43416984906346595,2.2318928344152943e-05,0.43416984906346606,0.0005688525372784873
468,0.4361702127659574,2.2285337225944686e-05,0.4361702127659574,0.0005680842658016279
469,0.4381705764684487,2.2252798693298232e-05,0.43817057646844876,0.000567342725065297
470,0.44017094017094016,2.2221296767600382e-05,0.44017094017094016,0.0005666275235698783
471,0.4421713038734314,2.2190815852410467e-05,0.4421713038734315,0.0005659382793372565
472,0.4441716675759229,2.2161340723343664e-05,0.4441716675759229,0.0005652746196619437
473,0.44617203127841415,2.2132856518273096e-05,0.44617203127841426,0.0005646361808700525
474,0.4481723949809056,2.2105348727839048e-05,0.4481723949809056,0.0005640226080858415
475,0.4501727586833969,2.207880318625476e-05,0.450172758683397,0.0005634335550055614
476,0.45217312238588836,2.205320606239812e-05,0.45217312238588825,0.000562868683678353
477,0.45417348608837965,2.2028543851179345e-05,0.4541734860883796,0.0005623276642939448
478,0.45617384979087094,2.200480336517495e-05,0.456173849790871,0.0005618101749769192
479,0.4581742134933624,2.198197172651881e-05,0.45817421349336235,0.0005613159015873197
480,0.46017457719585364,2.196003635904135e-05,0.46017457719585375,0.000560844537527378
481,0.4621749408983451,2.1938984980648425e-05,0.4621749408983451,0.0005603957835541557
482,0.4641753046008364,2.1918805595931488e-05,0.46417530460083645,0.0005599693475978984
483,0.46617566830332785,2.189948648900136e-05,0.46617566830332785,0.0005595649445859056
484,0.46817603200581914,2.1881016216537878e-05,0.4681760320058192,0.0005591822962717348
485,0.4701763957083106,2.186338360104804e-05,0.4701763957083106,0.0005588211310695569
486,0.4721767594108019,2.184657772432591e-05,0.47217675941080195,0.0005584811838934944
487,0.47417712311329335,2.1830587921107095e-05,0.4741771231132933,0.0005581621960017718
488,0.47617748681578465,2.181540377291173e-05,0.4761774868157847,0.000557863914845524
489,0.4781778505182759,2.1801015102069355e-05,0.47817785051827605,0.0005575860939221059
490,0.48017821422076734,2.178741196591986e-05,0.48017821422076745,0.0005573284926327559
491,0.48217857792325863,2.177458465118463e-05,0.4821785779232587,0.0005570908761444728
492,0.4841789416257501,2.1762523668502292e-05,0.48417894162575004,0.0005568730152559668
493,0.4861793053282414,2.1751219747123746e-05,0.48617930532824144,0.0005566746862675541
494,0.48817966903073284,2.1740663829761165e-05,0.4881796690307328,0.0005564956708548684
495,0.49018003273322414,2.1730847067586182e-05,0.49018003273322414,0.0005563357559462662
496,0.4921803964357156,2.1721760815372218e-05,0.49218039643571554,0.0005561947336038088
497,0.49418076013820683,2.1713396626776514e-05,0.4941807601382069,0.0005560724009077044
498,0.49618112384069835,2.170574624975727e-05,0.4961811238406983,0.0005559685598441074
499,0.4981814875431896,2.1698801622121694e-05,0.49818148754318964,0.000555883017196162
500,0.500181851245681,2.169255486720069e-05,0.500181851245681,0.0005558155844381933
501,0.5021822149481724,2.1686998289646303e-05,0.5021822149481724,0.0005557660776329465
502,0.5041825786506636,2.1682124371347995e-05,0.5041825786506637,0.0005557343173317785
503,0.5061829423531551,2.1677925767464003e-05,0.5061829423531551,0.0005557201284777135
504,0.5081833060556463,2.167439530256436e-05,0.5081833060556465,0.0005557233403112709
505,0.5101836697581378,2.1671525966881847e-05,0.5101836697581378,0.000555743786278984
506,0.5121840334606291,2.1669310912667775e-05,0.5121840334606291,0.0005557813039445277
507,0.5141843971631206,2.1667743450649253e-05,0.5141843971631205,0.0005558357349023725
508,0.5161847608656118,2.1666817046584895e-05,0.5161847608656118,0.0005559069246938939
509,0.5181851245681033,2.166652531791586e-05,0.5181851245681032,0.0005559947227258588
510,0.5201854882705945,2.1666862030509493e-05,0.5201854882705946,0.0005560989821912225
511,0.5221858519730861,2.166782109549259e-05,0.522185851973086,0.0005562195599921636
512,0.5241862156755773,2.1669396566171742e-05,0.5241862156755773,0.0005563563166652947
513,0.5261865793780686,2.1671582635038034e-05,0.5261865793780687,0.0005565091163089825
514,0.52818694308056,2.167437363085364e-05,0.52818694308056,0.0005566778265127155
515,0.5301873067830514,2.167776401581789e-05,0.5301873067830515,0.0005568623182884622
516,0.5321876704855428,2.1681748382810385e-05,0.5321876704855428,0.00055706246600396
517,0.5341880341880341,2.1686321452709004e-05,0.5341880341880342,0.0005572781473178813
518,0.5361883978905255,2.1691478071780462e-05,0.5361883978905255,0.0005575092431168209
519,0.5381887615930168,2.1697213209141476e-05,0.5381887615930169,0.000557755637454055
520,0.5401891252955082,2.170352195428832e-05,0.5401891252955082,0.0005580172174900213
521,0.5421894889979996,2.171039951469287e-05,0.5421894889979996,0.0005582938734344711
522,0.544189852700491,2.171784121346326e-05,0.5441898527004909,0.000558585498490248
523,0.5461902164029823,2.1725842487067194e-05,0.5461902164029823,0.0005588919887986465
524,0.5481905801054736,2.1734398883116257e-05,0.5481905801054736,0.0005592132433863092
525,0.5501909438079651,2.1743506058209306e-05,0.5501909438079651,0.0005595491641136171
526,0.5521913075104563,2.1753159775833487e-05,0.5521913075104564,0.0005598996556245366
527,0.5541916712129478,2.176335590432108e-05,0.5541916712129478,0.0005602646252978806
528,0.556192034915439,2.1774090414860733e-05,0.5561920349154391,0.000560643983199946
529,0.5581923986179305,2.1785359379561435e-05,0.5581923986179305,0.0005610376420384924
530,0.5601927623204218,2.1797158969567902e-05,0.5601927623204219,0.0005614455171180259
531,0.5621931260229133,2.1809485453225867e-05,0.5621931260229133,0.0005618675262963522
532,0.5641934897254045,2.182233519429595e-05,0.5641934897254046,0.0005623035899423681
533,0.566193853427896,2.183570465021464e-05,0.566193853427896,0.0005627536308950574
534,0.5681942171303873,2.1849590370401447e-05,0.5681942171303873,0.000563217574423661
535,0.5701945808328788,2.1863988994610468e-05,0.5701945808328788,0.0005636953481889918
536,0.57219494453537,2.187889725132567e-05,0.5721949445353701,0.0005641868822058637
537,0.5741953082378612,2.1894311956198372e-05,0.5741953082378615,0.0005646921088066086
538,0.5761956719403527,2.1910230010525934e-05,0.5761956719403528,0.0005652109626056518
539,0.578196035642844,2.192664839977057e-05,0.5781960356428442,0.0005657433804651237
540,0.5801963993453355,2.1943564192117195e-05,0.5801963993453356,0.0005662893014614762
541,0.5821967630478267,2.1960974537069227e-05,0.582196763047827,0.0005668486668530876
542,0.5841971267503182,2.1978876664081483e-05,0.5841971267503181,0.0005674214200488223
543,0.5861974904528094,2.199726788122905e-05,0.5861974904528094,0.0005680075065775322
544,0.588197854155301,2.2016145573911335e-05,0.5881978541553008,0.000568606874058471
545,0.5901982178577923,2.2035507203590293e-05,0.5901982178577921,0.000569219472172602
546,0.5921985815602837,2.2055350306561995e-05,0.5921985815602836,0.00056984525263478
547,0.594198945262775,2.207567249276068e-05,0.594198945262775,0.0005704841691667852
548,0.5961993089652663,2.2096471444594545e-05,0.5961993089652663,0.0005711361774711914
549,0.5981996726677578,2.211774491581225e-05,0.5981996726677576,0.0005718012352060481
550,0.600200036370249,2.213949073039971e-05,0.600200036370249,0.0005724793019603611
551,0.6022004000727404,2.2161706781506056e-05,0.6022004000727404,0.0005731703392303506
552,0.6042007637752317,2.218439103039836e-05,0.6042007637752318,0.0005738743103964734
553,0.6062011274777231,2.220754150544421e-05,0.6062011274777231,0.0005745911807011909
554,0.6082014911802145,2.2231156301121525e-05,0.6082014911802145,0.0005753209172274672
555,0.610201854882706,2.2255233577054958e-05,0.6102018548827058,0.0005760634888779835
556,0.6122022185851972,2.2279771557078242e-05,0.6122022185851973,0.0005768188663550527
557,0.6142025822876886,2.230476852832185e-05,0.6142025822876886,0.0005775870221412205
558,0.61620294599018,2.2330222840325346e-05,0.61620294599018,0.0005783679304805393
559,0.6182033096926712,2.2356132904173907e-05,0.6182033096926713,0.0005791615673605032
560,0.6202036733951627,2.2382497191658368e-05,0.6202036733951627,0.0005799679104946288
561,0.6222040370976539,2.2409314234458283e-05,0.6222040370976542,0.000580786939305671
562,0.6242044008001454,2.2436582623347547e-05,0.6242044008001455,0.000581618634909462
563,0.6262047645026367,2.246430100742182e-05,0.6262047645026368,0.0005824629800993625
564,0.6282051282051282,2.2492468093347616e-05,0.6282051282051282,0.0005833199593313137
565,0.6302054919076194,2.252108264463224e-05,0.6302054919076195,0.0005841895587094781
566,0.6322058556101109,2.2550143480914266e-05,0.632205855610111,0.0005850717659724628
567,0.6342062193126022,2.2579649477274047e-05,0.6342062193126023,0.0005859665704801101
568,0.6362065830150937,2.2609599563563964e-05,0.6362065830150937,0.0005868739632008525
569,0.6382069467175849,2.2639992723757647e-05,0.638206946717585,0.0005877939366996176
570,0.6402073104200764,2.2670827995318164e-05,0.6402073104200764,0.0005887264851262759
571,0.6422076741225676,2.2702104468584435e-05,0.6422076741225676,0.0005896716042046261
572,0.644208037825059,2.2733821286175712e-05,0.644208037825059,0.0005906292912219043
573,0.6462084015275504,2.27659776424136e-05,0.6462084015275503,0.0005915995450188158
574,0.6482087652300417,2.2798572782761306e-05,0.6482087652300417,0.0005925823659800784
575,0.6502091289325331,2.2831606003279813e-05,0.650209128932533,0.0005935777560254682
576,0.6522094926350245,2.2865076650100504e-05,0.6522094926350245,0.0005945857186013689
577,0.6542098563375159,2.2898984118914025e-05,0.6542098563375158,0.0005956062586728096
578,0.6562102200400072,2.2933327854475016e-05,0.6562102200400072,0.0005966393827159903
579,0.6582105837424986,2.296810735012238e-05,0.6582105837424985,0.0005976850987112895
580,0.6602109474449899,2.300332214731475e-05,0.6602109474449899,0.0005987434161367441
581,0.6622113111474813,2.3038971835181054e-05,0.6622113111474813,0.0005998143459620014
582,0.6642116748499727,2.3075056050085544e-05,0.6642116748499727,0.000600897900642736
583,0.6662120385524639,2.3111574475207397e-05,0.666212038552464,0.0006019940941155271
584,0.6682124022549554,2.3148526840134316e-05,0.6682124022549554,0.0006031029417931919
585,0.6702127659574466,2.3185912920470033e-05,0.6702127659574467,0.0006042244605605714
586,0.6722131296599382,2.3223732537455433e-05,0.6722131296599382,0.0006053586687707652
587,0.6742134933624294,2.3261985557603003e-05,0.6742134933624295,0.0006065055862418104
588,0.6762138570649209,2.330067189234444e-05,0.6762138570649209,0.0006076652342538032
589,0.6782142207674121,2.3339791497691154e-05,0.6782142207674122,0.0006088376355464581
590,0.6802145844699036,2.3379344373907426e-05,0.6802145844699036,0.0006100228143171038
591,0.6822149481723949,2.3419330565196036e-05,0.682214948172395,0.0006112207962191126
592,0.6842153118748864,2.3459750159396183e-05,0.6842153118748864,0.0006124316083607602
593,0.6862156755773776,2.350060328769339e-05,0.6862156755773777,0.0006136552793045156
594,0.6882160392798689,2.3541890124341355e-05,0.6882160392798691,0.0006148918390667579
595,0.6902164029823603,2.3583610886395385e-05,0.6902164029823604,0.0006161413191179194
596,0.6922167666848517,2.362576583345741e-05,0.6922167666848519,0.0006174037523830519
597,0.6942171303873431,2.3668355267432254e-05,0.6942171303873432,0.0006186791732428178
598,0.6962174940898344,2.3711379532295058e-05,0.6962174940898346,0.0006199676175349046
599,0.6982178577923258,2.375483901386977e-05,0.6982178577923259,0.0006212691225558593
600,0.7002182214948172,2.3798734139618337e-05,0.700218221494817,0.0006225837270633458
601,0.7022185851973086,2.3843065378440704e-05,0.7022185851973084,0.0006239114712788248
602,0.7042189488997999,2.3887833240485202e-05,0.7042189488997999,0.0006252523968906521
603,0.7062193126022913,2.3933038276969504e-05,0.7062193126022912,0.0006266065470576043
604,0.7082196763047826,2.397868108001168e-05,0.7082196763047826,0.0006279739664128217
605,0.710220040007274,2.4024762282471458e-05,0.7102200400072739,0.0006293547010681784
606,0.7122204037097654,2.4071282557801464e-05,0.7122204037097652,0.0006307487986190747
607,0.7142207674122566,2.4118242619908344e-05,0.7142207674122567,0.0006321563081496572
608,0.716221131114748,2.416564322302366e-05,0.716221131114748,0.0006335772802384639
609,0.7182214948172394,2.421348516158443e-05,0.7182214948172394,0.000635011766964501
610,0.7202218585197309,2.426176927012319e-05,0.7202218585197308,0.0006364598219137485
611,0.7222222222222221,2.4310496423167543e-05,0.7222222222222221,0.0006379215001861001
612,0.7242225859247136,2.435966753514906e-05,0.7242225859247136,0.0006393968584027385
613,0.7262229496272048,2.4409283560321365e-05,0.7262229496272049,0.0006408859547139508
614,0.7282233133296963,2.4459345492687472e-05,0.7282233133296963,0.000642388848807382
615,0.7302236770321876,2.450985436593612e-05,0.7302236770321876,0.0006439056019167367
616,0.7322240407346791,2.4560811253387203e-05,0.732224040734679,0.0006454362768309261
617,0.7342244044371703,2.461221726794601e-05,0.7342244044371704,0.0006469809379036694
618,0.7362247681396616,2.466407356206643e-05,0.7362247681396618,0.0006485396510635484
619,0.7382251318421531,2.4716381327722852e-05,0.7382251318421531,0.0006501124838245245
620,0.7402254955446443,2.476914179639078e-05,0.7402254955446445,0.0006516995052969189
621,0.7422258592471358,2.482235623903623e-05,0.7422258592471358,0.0006533007861988623
622,0.744226222949627,2.4876025966113496e-05,0.7442262229496273,0.0006549163988682189
623,0.7462265866521185,2.4930152327571716e-05,0.7462265866521186,0.0006565464172749915
624,0.7482269503546098,2.4984736712869715e-05,0.74822695035461,0.0006581909170342093
625,0.7502273140571013,2.5039780550999444e-05,0.7502273140571013,0.0006598499754193096
626,0.7522276777595925,2.5095285310517714e-05,0.7522276777595927,0.000661523671376014
627,0.754228041462084,2.5151252499586395e-05,0.7542280414620841,0.0006632120855367122
628,0.7562284051645753,2.5207683666020834e-05,0.7562284051645755,0.0006649153002353527
629,0.7582287688670666,2.5264580397346673e-05,0.7582287688670668,0.0006666333995228541
630,0.760229132569558,2.532194432086483e-05,0.7602291325695579,0.0006683664691830383
631,0.7622294962720493,2.5379777103724793e-05,0.7622294962720493,0.0006701145967491015
632,0.7642298599745407,2.5438080453006107e-05,0.7642298599745406,0.0006718778715206213
633,0.7662302236770321,2.549685611580801e-05,0.7662302236770321,0.0006736563845811155
634,0.7682305873795235,2.5556105879347347e-05,0.7682305873795234,0.0006754502288161591
635,0.7702309510820148,2.5615831571064508e-05,0.7702309510820148,0.0006772594989320681
636,0.7722313147845062,2.567603505873768e-05,0.7722313147845061,0.0006790842914751608
637,0.7742316784869975,2.5736718250605075e-05,0.7742316784869975,0.0006809247048516029
638,0.776232042189489,2.579788309549548e-05,0.7762320421894889,0.0006827808393478539
639,0.7782324058919803,2.585953158296675e-05,0.7782324058919803,0.0006846527971517175
640,0.7802327695944715,2.5921665743452623e-05,0.7802327695944716,0.0006865406823740104
641,0.782233133296963,2.59842876484176e-05,0.782233133296963,0.0006884446010708648
642,0.7842334969994543,2.6047399410519927e-05,0.7842334969994543,0.0006903646612666671
643,0.7862338607019458,2.6111003183782883e-05,0.7862338607019458,0.0006923009729776554
644,0.788234224404437,2.6175101163774087e-05,0.7882342244044371,0.0006942536482361815
645,0.7902345881069285,2.623969558779314e-05,0.7902345881069285,0.000696222801115653
646,0.7922349518094197,2.6304788735067395e-05,0.7922349518094198,0.0006982085477561705
647,0.7942353155119112,2.6370382926956037e-05,0.7942353155119112,0.000700211006390871
648,0.7962356792144025,2.6436480527162314e-05,0.7962356792144026,0.0007022302973729956
649,0.798236042916894,2.6503083941954235e-05,0.798236042916894,0.0007042665432036939
650,0.8002364066193852,2.657019562039342e-05,0.8002364066193853,0.0007063198685605824
651,0.8022367703218767,2.663781805457243e-05,0.8022367703218767,0.0007083904003270727
652,0.804237134024368,2.6705953779860425e-05,0.804237134024368,0.0007104782676224875
653,0.8062374977268593,2.6774605375157357e-05,0.8062374977268595,0.0007125836018329791
654,0.8082378614293507,2.6843775463156528e-05,0.8082378614293508,0.0007147065366432712
655,0.810238225131842,2.6913466710615743e-05,0.8102382251318422,0.000716847208069243
656,0.8122385888343334,2.6983681828637054e-05,0.8122385888343335,0.0007190057544913703
657,0.8142389525368248,2.7054423572955094e-05,0.8142389525368249,0.0007211823166890519
658,0.8162393162393162,2.7125694744234183e-05,0.8162393162393163,0.0007233770378758319
659,0.8182396799418075,2.7197498188374083e-05,0.8182396799418075,0.0007255900637355494
660,0.8202400436442989,2.726983679682461e-05,0.8202400436442988,0.0007278215424594294
661,0.8222404073467903,2.734271350690914e-05,0.8222404073467902,0.0007300716247841438
662,0.8242407710492817,2.7416131302157054e-05,0.8242407710492815,0.0007323404640308622
663,0.826241134751773,2.749009321264514e-05,0.826241134751773,0.0007346282161453197
664,0.8282414984542642,2.756460231534819e-05,0.8282414984542643,0.0007369350397389252
665,0.8302418621567557,2.7639661734498693e-05,0.8302418621567557,0.0007392610961309412
666,0.832242225859247,2.771527464195576e-05,0.832242225859247,0.0007416065493917506
667,0.8342425895617385,2.7791444257583478e-05,0.8342425895617384,0.000743971566387256
668,0.8362429532642297,2.7868173849638568e-05,0.8362429532642298,0.0007463563168244237
669,0.8382433169667212,2.7945466735167673e-05,0.8382433169667212,0.0007487609732980142
670,0.8402436806692125,2.8023326280414155e-05,0.8402436806692125,0.0007511857113385262
671,0.842244044371704,2.8101755901234646e-05,0.8422440443717039,0.0007536307094613825
672,0.8442444080741952,2.818075906352539e-05,0.8442444080741952,0.0007560961492174004
673,0.8462447717766867,2.8260339283658545e-05,0.8462447717766867,0.0007585822152445726
674,0.8482451354791779,2.83405001289284e-05,0.848245135479178,0.0007610890953211979
675,0.8502454991816693,2.8421245218007817e-05,0.8502454991816694,0.0007636169804204001
676,0.8522458628841607,2.85025782214149e-05,0.8522458628841607,0.0007661660647660717
677,0.854246226586652,2.8584502861989956e-05,0.8542462265866521,0.0007687365458902795
678,0.8562465902891434,2.8667022915383097e-05,0.8562465902891435,0.000771328624692181
679,0.8582469539916346,2.8750142210552237e-05,0.8582469539916349,0.000773942505498485
680,0.8602473176941262,2.883386463027209e-05,0.8602473176941262,0.0007765783961255086
681,0.8622476813966174,2.891819411165378e-05,0.8622476813966176,0.0007792365079428692
682,0.8642480450991089,2.9003134646675703e-05,0.8642480450991089,0.0007819170559388655
683,0.8662484088016001,2.908869028272539e-05,0.8662484088016004,0.0007846202587875916
684,0.8682487725040916,2.9174865123152738e-05,0.8682487725040917,0.0007873463389178371
685,0.870249136206583,2.9261663327834687e-05,0.8702491362065831,0.000790095522583828
686,0.8722494999090744,2.9349089113751497e-05,0.8722494999090744,0.0007928680399378576
687,0.8742498636115656,2.9437146755574794e-05,0.8742498636115658,0.0007956641251048712
688,0.8762502273140569,2.9525840586267536e-05,0.8762502273140569,0.0007984840162590566
689,0.8782505910165483,2.9615174997696157e-05,0.8782505910165483,0.000801327955702507
690,0.8802509547190397,2.970515444125478e-05,0.8802509547190397,0.0008041961899460156
691,0.8822513184215311,2.9795783428502178e-05,0.882251318421531,0.0008070889697920689
692,0.8842516821240224,2.9887066531811026e-05,0.8842516821240224,0.0008100065504201094
693,0.8862520458265138,2.9979008385030238e-05,0.8862520458265137,0.0008129491914741329
694,0.8882524095290052,3.007161368416015e-05,0.8882524095290052,0.0008159171571526989
695,0.8902527732314967,3.0164887188041004e-05,0.8902527732314965,0.0008189107163014286
696,0.8922531369339879,3.025883371905465e-05,0.8922531369339879,0.0008219301425080672
697,0.8942535006364793,3.0353458163840202e-05,0.8942535006364792,0.0008249757142001975
698,0.8962538643389706,3.0448765474023022e-05,0.8962538643389706,0.0008280477147456847
699,0.8982542280414619,3.0544760666958225e-05,0.898254228041462,0.0008311464325559466
700,0.9002545917439534,3.064144882648811e-05,0.9002545917439534,0.000834272161192137
701,0.9022549554464446,3.073883510371415e-05,0.9022549554464447,0.0008374251994743388
702,0.9042553191489361,3.083692471778383e-05,0.9042553191489361,0.0008406058515938689
703,0.9062556828514274,3.0935722956692214e-05,0.9062556828514274,0.0008438144272287976
704,0.9082560465539189,3.103523517809891e-05,0.9082560465539189,0.0008470512416627853
705,0.9102564102564101,3.1135466810160316e-05,0.9102564102564102,0.0008503166159073558
706,0.9122567739589016,3.123642335237778e-05,0.9122567739589016,0.0008536108768277194
707,0.9142571376613928,3.1338110376461427e-05,0.9142571376613929,0.0008569343572722641
708,0.9162575013638843,3.1440533527210554e-05,0.9162575013638843,0.0008602873962058475
709,0.9182578650663756,3.154369852341025e-05,0.9182578650663757,0.0008636703388470144
710,0.9202582287688669,3.164761115874505e-05,0.9202582287688671,0.0008670835368092811
711,0.9222585924713583,3.1752277302729495e-05,0.9222585924713584,0.0008705273482466272
712,0.9242589561738496,3.185770290165613e-05,0.9242589561738498,0.0008740021380033428
713,0.9262593198763411,3.196389397956127e-05,0.9262593198763411,0.0008775082777683873
714,0.9282596835788324,3.20708566392086e-05,0.9282596835788326,0.0008810461462344204
715,0.9302600472813238,3.2178597063091285e-05,0.9302600472813239,0.0008846161292616717
716,0.9322604109838151,3.228712151445252e-05,0.9322604109838153,0.0008882186200468262
717,0.9342607746863065,3.23964363383252e-05,0.9342607746863064,0.0008918540192971085
718,0.9362611383887979,3.250654796259086e-05,0.9362611383887978,0.000895522735409754
719,0.9382615020912893,3.2617462899058314e-05,0.9382615020912891,0.0008992251846570686
720,0.9402618657937806,3.272918774456221e-05,0.9402618657937806,0.0009029617913772824
721,0.942262229496272,3.284172918208211e-05,0.9422622294962719,0.0009067329881714159
722,0.9442625931987633,3.295509398188233e-05,0.9442625931987633,0.0009105392161063856
723,0.9462629569012546,3.30692890026728e-05,0.9462629569012546,0.0009143809249245808
724,0.9482633206037461,3.318432119279169e-05,0.948263320603746,0.0009182585732601661
725,0.9502636843062373,3.3300197591409695e-05,0.9502636843062374,0.0009221726288623602
726,0.9522640480087288,3.341692532975713e-05,0.9522640480087288,0.0009261235688259678
727,0.9542644117112201,3.353451163237328e-05,0.9542644117112201,0.0009301118798294406
728,0.9562647754137116,3.3652963818379466e-05,0.9562647754137115,0.0009341380583807687
729,0.9582651391162028,3.3772289302775375e-05,0.9582651391162028,0.0009382026110715046
730,0.9602655028186943,3.389249559775988e-05,0.9602655028186943,0.0009423060548392508
731,0.9622658665211855,3.401359031407616e-05,0.9622658665211856,0.0009464489172389427
732,0.964266230223677,3.413558116238209e-05,0.964266230223677,0.0009506317367232847
733,0.9662665939261683,3.425847595464604e-05,0.9662665939261683,0.000954855062932711
734,0.9682669576286596,3.4382282605568826e-05,0.9682669576286597,0.0009591194569952588
735,0.970267321331151,3.4507009134032276e-05,0.9702673213311511,0.0009634254918367617
736,0.9722676850336424,3.46326636645747e-05,0.9722676850336425,0.0009677737525017907
737,0.9742680487361338,3.4759254428894264e-05,0.9742680487361338,0.0009721648364857959
738,0.976268412438625,3.488678976738028e-05,0.9762684124386252,0.0009765993540789084
739,0.9782687761411165,3.50152781306735e-05,0.9782687761411165,0.0009810779287219107
740,0.9802691398436078,3.5144728081255544e-05,0.980269139843608,0.000985601197374879
741,0.9822695035460992,3.5275148295068374e-05,0.9822695035460993,0.0009901698108990553
742,0.9842698672485906,3.540654756316422e-05,0.9842698672485907,0.0009947844344525099
743,0.986270230951082,3.553893479338678e-05,0.986270230951082,0.0009994457479002032
744,0.9882705946535733,3.5672319012083975e-05,0.9882705946535734,0.001004154446239073
745,0.9902709583560646,3.580670936585346e-05,0.9902709583560648,0.0010089112400388158
746,0.9922713220585561,3.594211512332105e-05,0.9922713220585562,0.0010137168558990576
747,0.9942716857610473,3.60785456769529e-05,0.9942716857610473,0.0010185720369236505
748,0.9962720494635388,3.6216010544902415e-05,0.9962720494635386,0.0010234775432128723
749,0.99827241316603,3.63545193728921e-05,0.99827241316603,0.0010284341523743366
750,1.0002727768685216,3.6494081936131674e-05,1.0002727768685213,0.00103344266005348
751,1.0022731405710128,3.6634708141272606e-05,1.0022731405710128,0.0010385038804845302
752,1.0042735042735043,3.677640802840041e-05,1.004273504273504,0.0010436186470629035
753,1.0062738679759955,3.691919177306497e-05,1.0062738679759955,0.0010487878129400445
754,1.008274231678487,3.7063069688350286e-05,1.008274231678487,0.0010540122516417665
755,1.0102745953809782,3.720805222698386e-05,1.0102745953809782,0.0010592928577112149
756,1.0122749590834696,3.7354149983487024e-05,1.0122749590834696,0.0010646305473776335
757,1.0142753227859609,3.7501373696366975e-05,1.0142753227859609,0.0010700262592521937
758,1.0162756864884523,3.7649734250351314e-05,1.0162756864884523,0.001075480955052191
759,1.0182760501909438,3.779924267866616e-05,1.0182760501909438,0.0010809956203550232
760,1.020276413893435,3.7949910165358614e-05,1.020276413893435,0.001086571265383418
761,1.0222767775959265,3.810174804766477e-05,1.0222767775959265,0.0010922089258234725
762,1.0242771412984177,3.825476781842403e-05,1.0242771412984177,0.0010979096636771681
763,1.0262775050009092,3.840898112854099e-05,1.0262775050009092,0.0011036745681511015
764,1.0282778687034004,3.8564399789495656e-05,1.0282778687034007,0.0011095047565833033
765,1.030278232405892,3.872103577590338e-05,1.030278232405892,0.0011154013754100971
766,1.0322785961083831,3.88789012281254e-05,1.0322785961083834,0.0011213656011751037
767,1.0342789598108746,3.9038008454931194e-05,1.0342789598108746,0.0011273986415825908
768,1.036279323513366,3.919836993621371e-05,1.036279323513366,0.0011335017365975309
769,1.0382796872158573,3.9359998325759e-05,1.0382796872158575,0.0011396761595948602
770,1.0402800509183487,3.952290645407098e-05,1.0402800509183487,0.0011459232185605924
771,1.04228041462084,3.9687107331252936e-05,1.0422804146208402,0.001152244257347613
772,1.0442807783233314,3.9852614149947e-05,1.0442807783233314,0.0011586406569891483
773,1.0462811420258227,4.001944028833276e-05,1.046281142025823,0.0011651138370731128
774,1.0482815057283141,4.018759931318671e-05,1.0482815057283144,0.0011716652571807254
775,1.0502818694308054,4.035710498300338e-05,1.0502818694308056,0.0011782964183930265
776,1.0522822331332968,4.052797125118023e-05,1.0522822331332968,0.0011850088648691485
777,1.0542825968357883,4.0700212269267207e-05,1.054282596835788,0.0011918041855004718
778,1.0562829605382797,4.0873842390282936e-05,1.0562829605382795,0.0011986840156450402
779,1.058283324240771,4.104887617209862e-05,1.058283324240771,0.0012056500389469502
780,1.0602836879432622,4.1225328380891854e-05,1.0602836879432622,0.0012127039892457113
781,1.0622840516457537,4.14032139946713e-05,1.0622840516457537,0.0012198476525809424
782,1.064284415348245,4.1582548206874463e-05,1.064284415348245,0.0012270828692981294
783,1.0662847790507364,4.1763346430039975e-05,1.0662847790507364,0.0012344115362615815
784,1.0682851427532276,4.194562429955629e-05,1.0682851427532278,0.001241835609181154
785,1.070285506455719,4.21293976774887e-05,1.070285506455719,0.0012493571050597666
786,1.0722858701582105,4.231468265648614e-05,1.0722858701582105,0.001256978104769269
787,1.074286233860702,4.2501495563770363e-05,1.0742862338607018,0.0012647007557627479
788,1.0762865975631932,4.268985296520877e-05,1.0762865975631932,0.0012725272749319603
789,1.0782869612656847,4.2879771669473554e-05,1.0782869612656847,0.0012804599516192342
790,1.080287324968176,4.307126873228867e-05,1.080287324968176,0.001288501150793866
791,1.0822876886706674,4.326436146076732e-05,1.0822876886706674,0.0012966533164038205
792,1.0842880523731586,4.345906741784167e-05,1.0842880523731586,0.0013049189749143432
793,1.0862884160756499,4.3655404426787545e-05,1.08628841607565,0.0013133007390460142
794,1.0882887797781413,4.385339057584601e-05,1.0882887797781415,0.0013218013117257377
795,1.0902891434806328,4.405304422294448e-05,1.0902891434806328,0.001330423490265227
796,1.0922895071831242,4.425438400051989e-05,1.0922895071831242,0.0013391701707827102
797,1.0942898708856155,4.44574288204462e-05,1.0942898708856155,0.0013480443528848412
798,1.096290234588107,4.4662197879069135e-05,1.096290234588107,0.0013570491446271834
799,1.0982905982905982,4.4868710662350634e-05,1.0982905982905984,0.0013661877677731457
800,1.1002909619930896,4.507698695112599e-05,1.1002909619930896,0.0013754635633729014
801,1.1022913256955809,4.5287046826476224e-05,1.102291325695581,0.0013848799976856226
802,1.1042916893980723,4.5498910675219056e-05,1.1042916893980723,0.0013944406684703492
803,1.1062920531005636,4.5712599195520985e-05,1.1062920531005638,0.0014041493116729836
804,1.108292416803055,4.592813340263412e-05,1.1082924168030552,0.0014140098085392758
805,1.1102927805055465,4.614553463476046e-05,1.1102927805055463,0.001424026193186303
806,1.1122931442080377,4.636482455904719e-05,1.1122931442080377,0.001434202660667811
807,1.1142935079105292,4.658602517771657e-05,1.114293507910529,0.0014445435755719585
808,1.1162938716130204,4.680915883433327e-05,1.1162938716130204,0.0014550534811935219
809,1.1182942353155119,4.703424822021358e-05,1.1182942353155119,0.0014657371093264484
810,1.120294599018003,4.726131638097945e-05,1.120294599018003,0.0014765993907269316
811,1.1222949627204946,4.7490386723261745e-05,1.1222949627204946,0.0014876454663018616
812,1.1242953264229858,4.772148302155618e-05,1.1242953264229858,0.001498880699082769
813,1.1262956901254773,4.795462942523644e-05,1.1262956901254773,0.0015103106870510937
814,1.1282960538279687,4.818985046572827e-05,1.1282960538279687,0.0015219412768870864
815,1.13029641753046,4.842717106384911e-05,1.13029641753046,0.0015337785787217163
816,1.1322967812329514,4.866661653731748e-05,1.1322967812329514,0.0015458289819789222
817,1.1342971449354426,4.8908212608436905e-05,1.1342971449354426,0.001558099172404326
818,1.136297508637934,4.9151985411959074e-05,1.136297508637934,0.0015705961503863792
819,1.1382978723404253,4.939796150313073e-05,1.1382978723404256,0.0015833272506868823
820,1.1402982360429168,4.9646167865930004e-05,1.1402982360429168,0.00159630016371007
821,1.142298599745408,4.989663192149645e-05,1.1422985997454083,0.001609522958453194
822,1.1442989634478995,5.014938153676125e-05,1.1442989634478995,0.0016230041072969128
823,1.146299327150391,5.040444503328168e-05,1.146299327150391,0.0016367525128110616
824,1.1482996908528824,5.066185119628705e-05,1.1482996908528824,0.0016507775367707745
825,1.1503000545553737,5.092162928394059e-05,1.1503000545553737,0.0016650890315997873
826,1.1523004182578651,5.1183809036824406e-05,1.1523004182578651,0.0016796973744823303
827,1.1543007819603563,5.1448420687652844e-05,1.1543007819603563,0.0016946135044128455
828,1.1563011456628476,5.17154949712216e-05,1.1563011456628478,0.0017098489624841546
829,1.158301509365339,5.1985063134598364e-05,1.1583015093653393,0.0017254159357502938
830,1.1603018730678303,5.225715694756243e-05,1.1603018730678305,0.001741327305040573
831,1.1623022367703217,5.253180871330024e-05,1.162302236770322,0.0017575966971472882
832,1.164302600472813,5.2809051279363895e-05,1.1643026004728132,0.0017742385418616595
833,1.1663029641753047,5.3088918048900766e-05,1.1663029641753047,0.0017912681343920816
834,1.168303327877796,5.337144299216122e-05,1.1683033278777957,0.0018087017037666723
835,1.1703036915802874,5.3656660658293476e-05,1.1703036915802871,0.0018265564878998661
836,1.1723040552827786,5.394460618743295e-05,1.1723040552827786,0.0018448508160918043
837,1.17430441898527,5.423531532309567e-05,1.1743044189852698,0.0018636041998316827
838,1.1763047826877613,5.4528824424883644e-05,1.1763047826877613,0.001882837432893816
839,1.1783051463902525,5.482517048151245e-05,1.1783051463902525,0.001902572701850941
840,1.180305510092744,5.5124391124169784e-05,1.180305510092744,0.0019228337082860224
841,1.1823058737952352,5.5426524640214885e-05,1.1823058737952354,0.0019436458041652775
842,1.1843062374977267,5.573160998722976e-05,1.1843062374977267,0.001965036142045663
843,1.1863066012002181,5.603968680743154e-05,1.1863066012002181,0.001987033842034751
844,1.1883069649027096,5.6350795442458125e-05,1.1883069649027094,0.0020096701777060876
845,1.1903073286052008,5.666497694853716e-05,1.1903073286052008,0.002032978783506032
846,1.1923076923076923,5.698227311205124e-05,1.1923076923076923,0.002056995886577783
847,1.1943080560101835,5.730272646551023e-05,1.1943080560101835,0.002081760566385465
848,1.196308419712675,5.762638030394426e-05,1.196308419712675,0.002107315046058765
849,1.1983087834151662,5.795327870172941e-05,1.1983087834151662,0.002133705020012365
850,1.2003091471176575,5.8283466529860314e-05,1.2003091471176577,0.0021609800231434245
851,1.202309510820149,5.861698947368291e-05,1.2023095108201491,0.0021891938477977243
852,1.2043098745226404,5.895389405110189e-05,1.2043098745226404,0.002218405015749102
853,1.2063102382251318,5.929422763127824e-05,1.2063102382251318,0.0022486773136921228
854,1.208310601927623,5.963803845383121e-05,1.208310601927623,0.002280080402246757
855,1.2103109656301145,5.9985375648562064e-05,1.2103109656301145,0.0023126905102684035
856,1.212311329332606,6.033628925571499e-05,1.212311329332606,0.0023465912284108353
857,1.214311693035097,6.069083024679286e-05,1.2143116930350972,0.0023818744184827974
858,1.2163120567375885,6.104905054594623e-05,1.2163120567375887,0.0024186412582687354
859,1.21831242044008,6.141100305195245e-05,1.21831242044008,0.0024570034452717758
860,1.2203127841425714,6.177674166080589e-05,1.2203127841425714,0.0024970845874328954
861,1.2223131478450626,6.214632128893793e-05,1.2223131478450628,0.0025390218144711743
862,1.224313511547554,6.251979789708808e-05,1.224313511547554,0.002582967650308378
863,1.2263138752500455,6.289722851484655e-05,1.2263138752500455,0.0026290921953759506
864,1.2283142389525366,6.327867126589194e-05,1.2283142389525366,0.0026775856778131733
865,1.230314602655028,6.366418539394608e-05,1.230314602655028,0.00272866144509775
866,1.2323149663575195,6.40538312894703e-05,1.2323149663575195,0.0027825594830562473
867,1.234315330060011,6.44476705171277e-05,1.2343153300600107,0.002839550568161806
868,1.236315693762502,6.484576584403782e-05,1.2363156937625022,0.002899941182370025
869,1.2383160574649934,6.524818126885044e-05,1.2383160574649934,0.002964079348474055
870,1.2403164211674849,6.565498205166524e-05,1.2403164211674849,0.003032361579264018
871,1.2423167848699763,6.606623474482822e-05,1.2423167848699763,0.003105241177020661
872,1.2443171485724676,6.648200722463339e-05,1.2443171485724676,0.0031832381725549436
873,1.246317512274959,6.690236872396224e-05,1.246317512274959,0.0032669512566192234
874,1.2483178759774505,6.732738986589216e-05,1.2483178759774503,0.0033570721322684818
875,1.2503182396799415,6.77571426983091e-05,1.2503182396799417,0.003454402804991136
876,1.252318603382433,6.81917007295592e-05,1.2523186033824332,0.003559876426573802
877,1.2543189670849244,6.863113896517552e-05,1.2543189670849244,0.003674582413220854
878,1.2563193307874159,6.90755339457187e-05,1.2563193307874159,0.003799796655472573
879,1.258319694489907,6.952496378577118e-05,1.258319694489907,0.003937017700282211
880,1.2603200581923986,6.997950821412638e-05,1.2603200581923986,0.004088009762856569
881,1.26232042189489,7.04392486152151e-05,1.26232042189489,0.004254853222549389
882,1.2643207855973815,7.090426807181557e-05,1.2643207855973813,0.004440002702415151
883,1.2663211492998725,7.137465140909242e-05,1.2663211492998727,0.004646351625654532
884,1.268321513002364,7.185048524001455e-05,1.268321513002364,0.004877299767325413
885,1.2703218767048554,7.233185801220126e-05,1.2703218767048554,0.005136815909062712
886,1.2723222404073464,7.281886005625101e-05,1.2723222404073469,0.005429479851181004
887,1.2743226041098379,7.331158363560773e-05,1.274322604109838,0.005760474574109894
888,1.2763229678123293,7.381012299802104e-05,1.2763229678123296,0.006135477224314093
889,1.2783233315148208,7.431457442866243e-05,1.2783233315148208,0.006560363296494375
890,1.280323695217312,7.482503630495869e-05,1.2803236952173123,0.007040589830702513
891,1.2823240589198035,7.534160915320903e-05,1.2823240589198037,0.00758006581555725
892,1.284324422622295,7.586439570705299e-05,1.284324422622295,0.008179277011362195
893,1.2863247863247864,7.639350096786237e-05,1.2863247863247862,0.008832478145522914
894,1.2883251500272774,7.692903226712995e-05,1.2883251500272774,0.009524037736176655
895,1.290325513729769,7.747109933093472e-05,1.290325513729769,0.010224707783018247
896,1.2923258774322604,7.8019814346563e-05,1.2923258774322604,0.01088974294049153
897,1.2943262411347514,7.857529203137282e-05,1.2943262411347516,0.011461875798248023
898,1.296326604837243,7.913764970398942e-05,1.296326604837243,0.011881662351042226
899,1.2983269685397345,7.970700735792479e-05,1.2983269685397343,0.012104046162935431
900,1.300327332242226,8.028348773771964e-05,1.3003273322422257,0.012114290510388311
901,1.302327695944717,8.086721641770951e-05,1.3023276959447172,0.011934037008307327
902,1.3043280596472084,8.145832188352177e-05,1.3043280596472084,0.011613517862046945
903,1.3063284233497,8.205693561641474e-05,1.3063284233497,0.011215021748564863
904,1.3083287870521914,8.266319218057765e-05,1.3083287870521911,0.010796950247176298
905,1.3103291507546824,8.327722931351282e-05,1.3103291507546826,0.010404586217422445
906,1.3123295144571738,8.389918801962971e-05,1.312329514457174,0.010068034201738917
907,1.3143298781596653,8.45292126671846e-05,1.3143298781596653,0.00980458955783349
908,1.3163302418621565,8.516745108870878e-05,1.3163302418621567,0.009622630109665024
909,1.318330605564648,8.581405468507341e-05,1.318330605564648,0.009525283064556248
910,1.3203309692671394,8.646917853334525e-05,1.3203309692671394,0.009513221388945205
911,1.322331332969631,8.713298149859943e-05,1.322331332969631,0.009586564366443336
912,1.324331696672122,8.780562634985877e-05,1.3243316966721221,0.009746086536446359
913,1.3263320603746134,8.848727988034173e-05,1.3263320603746136,0.009993964184557298
914,1.3283324240771048,8.917811303220647e-05,1.3283324240771048,0.010334237529025627
915,1.3303327877795963,8.987830102599269e-05,1.3303327877795963,0.010773100071592859
916,1.3323331514820873,9.05880234949689e-05,1.3323331514820878,0.011319062774837449
917,1.3343335151845788,9.130746462460699e-05,1.334333515184579,0.011982978264910462
918,1.3363338788870704,9.203681329741341e-05,1.3363338788870704,0.012777838992579041
919,1.338334242589562,9.277626324336471e-05,1.3383342425895617,0.013718169591891026
920,1.340334606292053,9.352601319620082e-05,1.3403346062920531,0.014818704769754752
921,1.3423349699945444,9.428626705585006e-05,1.3423349699945446,0.016091878057291138
922,1.3443353336970358,9.505723405726738e-05,1.3443353336970356,0.01754347819348829
923,1.3463356973995269,9.583912894599013e-05,1.346335697399527,0.019165783023909793
924,1.3483360611020183,9.663217216072691e-05,1.3483360611020183,0.020927850591343267
925,1.3503364248045098,9.743659002331266e-05,1.3503364248045098,0.02276394298285447
926,1.3523367885070012,9.82526149363857e-05,1.352336788507001,0.024563777832128642
927,1.3543371522094925,9.908048558915755e-05,1.3543371522094925,0.026172029307223774
928,1.356337515911984,9.992044717167038e-05,1.356337515911984,0.027406379565578808
929,1.3583378796144754,0.00010077275159795623,1.3583378796144752,0.028098111277688815
930,1.3603382433169668,0.00010163765773854028,1.3603382433169666,0.028144319073699648
931,1.3623386070194579,0.0001025154316627517,1.3623386070194579,0.02754566690728552
932,1.3643389707219493,0.00010340634689133473,1.3643389707219493,0.026406084612617696
933,1.3663393344244408,0.00010431068465987943,1.3663393344244408,0.024894601818900526
934,1.3683396981269318,0.00010522873419362625,1.368339698126932,0.02319312991935291
935,1.3703400618294233,0.00010616079299422726,1.3703400618294235,0.021456137095973757
936,1.3723404255319147,0.00010710716713908221,1.3723404255319147,0.01979289092440517
937,1.3743407892344062,0.00010806817159390912,1.3743407892344062,0.018268133311396397
938,1.3763411529368974,0.00010904413053924399,1.3763411529368976,0.016911876134287965
939,1.3783415166393889,0.00011003537771161115,1.3783415166393889,0.015730944423434243
940,1.3803418803418803,0.00011104225676014705,1.3803418803418803,0.014718619108471647
941,1.3823422440443718,0.0001120651216195159,1.3823422440443716,0.013861430050727064
942,1.3843426077468628,0.0001131043369000017,1.384342607746863,0.013143429270651872
943,1.3863429714493543,0.00011416027829572303,1.3863429714493545,0.012548635796017435
944,1.3883433351518457,0.00011523333301197142,1.3883433351518457,0.012062294618478995
945,1.390343698854337,0.00011632390021274753,1.3903436988543372,0.011671425429189143
946,1.3923440625568284,0.00011743239148963244,1.3923440625568284,0.011364975396071671
947,1.3943444262593199,0.0001185592313532071,1.3943444262593199,0.01113376932393258
948,1.3963447899618113,0.0001197048577483201,1.3963447899618113,0.010970370010613144
949,1.3983451536643023,0.00012086972259458276,1.3983451536643026,0.010868911582515605
950,1.4003455173667938,0.0001220542923535713,1.400345517366794,0.010824938997063872
951,1.4023458810692853,0.00012325904862431068,1.402345881069285,0.01083527012269233
952,1.4043462447717767,0.00012448448876873136,1.4043462447717765,0.010897887745046927
953,1.4063466084742677,0.0001257311265689015,1.406346608474268,0.011011864296778721
954,1.4083469721767592,0.000126999492917969,1.4083469721767592,0.011177320134316972
955,1.4103473358792507,0.0001282901365468807,1.4103473358792507,0.011395415650642128
956,1.4123476995817419,0.00012960362478910213,1.4123476995817419,0.011668377754316183
957,1.4143480632842333,0.00013094054438571813,1.4143480632842333,0.011999561861847296
958,1.4163484269867248,0.00013230150233346587,1.4163484269867248,0.012393551266613324
959,1.4183487906892163,0.00013368712677845311,1.418348790689216,0.01285629630423692
960,1.4203491543917073,0.00013509806795850823,1.4203491543917075,0.013395295787528263
961,1.4223495180941987,0.00013653499919734255,1.4223495180941987,0.014019822175771772
962,1.4243498817966902,0.00013799861795393888,1.4243498817966902,0.014741188909188959
963,1.4263502454991817,0.00013948964693085805,1.4263502454991817,0.015573051606537077
964,1.428350609201673,0.00014100883524543182,1.428350609201673,0.01653172153004323
965,1.4303509729041644,0.00014255695966813555,1.4303509729041644,0.017636445091272768
966,1.4323513366066558,0.00014413482593276814,1.4323513366066556,0.018909559518510595
967,1.4343517003091468,0.00014574327012345425,1.434351700309147,0.020376360455679254
968,1.4363520640116383,0.00014738316014388582,1.4363520640116385,0.022064396220899455
969,1.4383524277141297,0.00014905539727467118,1.4383524277141297,0.024001718334296946
970,1.4403527914166212,0.0001507609178251598,1.4403527914166212,0.02621336232566015
971,1.4423531551191122,0.00015250069488664388,1.4423531551191124,0.02871504587772876
972,1.4443535188216037,0.00015427574019444016,1.444353518821604,0.03150291394980484
973,1.4463538825240951,0.00015608710610699988,1.4463538825240954,0.03453854299756572
974,1.4483542462265866,0.00015793588771092755,1.4483542462265866,0.03773010862976382
975,1.4503546099290778,0.0001598232250615704,1.450354609929078,0.04091454130261639
976,1.4523549736315693,0.00016175030556972588,1.4523549736315693,0.04385153823574229
977,1.4543553373340607,0.00016371836654597262,1.4543553373340607,0.04624490734599129
978,1.4563557010365518,0.00016572869791521346,1.4563557010365522,0.04780160841393172
979,1.4583560647390432,0.00016778264511519553,1.4583560647390434,0.048317397416470634
980,1.4603564284415347,0.00016988161219408808,1.460356428441535,0.04775016209034317
981,1.4623567921440261,0.00017202706512367202,1.462356792144026,0.04623677816701642
982,1.4643571558465174,0.00017422053534630786,1.4643571558465174,0.04404231566660093
983,1.4663575195490088,0.00017646362357567086,1.4663575195490088,0.041474214345570755
984,1.4683578832515003,0.0001787580038732551,1.4683578832515,0.03880746251996491
985,1.4703582469539918,0.00018110542802492058,1.4703582469539915,0.03624580340180501
986,1.4723586106564828,0.00018350773024427238,1.4723586106564828,0.0339167889864724
987,1.4743589743589742,0.00018596683223250887,1.4743589743589742,0.03188582011775864
988,1.4763593380614657,0.00018848474862754797,1.4763593380614657,0.030175528716316968
989,1.4783597017639571,0.00019106359287883868,1.478359701763957,0.028782975605661176
990,1.4803600654664482,0.00019370558358828755,1.4803600654664484,0.027692222902106774
991,1.4823604291689396,0.00019641305136230166,1.4823604291689396,0.026882493498434915
992,1.484360792871431,0.00019918844622509238,1.484360792871431,0.0263330168938338
993,1.4863611565739223,0.00020203434564925076,1.4863611565739225,0.026025688053757483
994,1.4883615202764138,0.00020495346326622707,1.4883615202764138,0.025946409685254777
995,1.4903618839789052,0.0002079486583269096,1.4903618839789052,0.02608570921826782
996,1.4923622476813967,0.00021102294599112788,1.4923622476813965,0.02643900389012863
997,1.4943626113838877,0.00021417950853474773,1.494362611383888,0.02700673934565628
998,1.4963629750863792,0.00021742170757432918,1.4963629750863794,0.02779453416089543
999,1.4983633387888706,0.0002207530974222765,1.4983633387888706,0.02881340680563779
1000,1.500363702491362,0.00022417743970036614,1.500363702491362,0.030080128080008026
1001,1.502364066193853,0.00022769871935675865,1.5023640661938533,0.03161771987822691
1002,1.5043644298963448,0.00023132116225157932,1.5043644298963448,0.03345610126909288
1003,1.5063647935988362,0.00023504925449929686,1.5063647935988362,0.03563285650057141
1004,1.5083651573013273,0.00023888776378312205,1.5083651573013275,0.03819405562272692
1005,1.5103655210038187,0.00024284176288811047,1.510365521003819,0.041194980991349356
1006,1.5123658847063102,0.00024691665573652505,1.5123658847063102,0.04470047760692263
1007,1.5143662484088016,0.0002511182062523455,1.5143662484088016,0.04878441589925027
1008,1.5163666121112926,0.00025545257043285425,1.516366612111293,0.053527383376201734
1009,1.518366975813784,0.00025992633206563693,1.5183669758137843,0.05901115469922074
1010,1.5203673395162756,0.00026454654260101614,1.5203673395162756,0.06530771294068373
1011,1.522367703218767,0.0002693207657753975,1.5223677032187668,0.07245973814747879
1012,1.5243680669212583,0.000274257127683175,1.5243680669212583,0.08044905573616692
1013,1.5263684306237497,0.0002793643731176165,1.5263684306237495,0.08915083162565901
1014,1.5283687943262412,0.00028465192914919256,1.528368794326241,0.09827668046718899
1015,1.5303691580287322,0.0002901299770892355,1.5303691580287324,0.10732203183356173
1016,1.5323695217312236,0.0002958095342051477,1.5323695217312236,0.11555140490293339
1017,1.534369885433715,0.00030170254682045404,1.534369885433715,0.12206820483375687
1018,1.5363702491362066,0.0003078219967613373,1.5363702491362063,0.12599789201347739
1019,1.5383706128386976,0.00031418202351700907,1.5383706128386978,0.12674650157081624
1020,1.540370976541189,0.0003207980649855307,1.5403709765411893,0.12421426623022912
1021,1.5423713402436805,0.0003276870203069367,1.5423713402436805,0.11883445449355301
1022,1.5443717039461722,0.0003348674390782057,1.544371703946172,0.11141161922468061
1023,1.5463720676486632,0.0003423597422478427,1.5463720676486632,0.10286249755471377
1024,1.5483724313511547,0.00035018648126631293,1.5483724313511547,0.09399631410399145
1025,1.5503727950536461,0.00035837264370921427,1.5503727950536461,0.0854046692657197
1026,1.5523731587561371,0.0003669460157114935,1.5523731587561374,0.07745099572339907
1027,1.5543735224586286,0.00037593761431557336,1.5543735224586288,0.07031433667690574
1028,1.55637388616112,0.00038538220646920976,1.55637388616112,0.06404737470660776
1029,1.5583742498636115,0.0003953189362252303,1.5583742498636115,0.058627138041899264
1030,1.5603746135661027,0.00040579208814002347,1.560374613566103,0.053991679969681634
1031,1.5623749772685942,0.0004168520235772029,1.5623749772685942,0.05006361819648572
1032,1.5643753409710857,0.00042855633851695185,1.5643753409710857,0.04676387218801907
1033,1.5663757046735771,0.0004409713078970464,1.566375704673577,0.044018934705758114
1034,1.5683760683760681,0.0004541737044656344,1.5683760683760684,0.041764224576231954
1035,1.5703764320785596,0.00046825311261345157,1.5703764320785598,0.03994523396286547
1036,1.572376795781051,0.0004833149042619066,1.572376795781051,0.03851753824623775
1037,1.574377159483542,0.0004994841117323488,1.5743771594835425,0.03744629959217481
1038,1.5763775231860335,0.0005169105328477013,1.5763775231860337,0.03670562064352341
1039,1.578377886888525,0.0005357755543907762,1.578377886888525,0.03627794032012259
1040,1.5803782505910164,0.0005563014111079225,1.5803782505910164,0.03615356814764207
1041,1.5823786142935077,0.0005787639583961273,1.5823786142935077,0.03633039793662474
1042,1.5843789779959991,0.0006035106129315648,1.5843789779959991,0.036813806270895824
1043,1.5863793416984906,0.0006309860569458041,1.5863793416984904,0.03761671173054694
1044,1.588379705400982,0.0006617698805114799,1.5883797054009818,0.03875973442099391
1045,1.590380069103473,0.0006966330596742974,1.5903800691034733,0.04027133805068844
1046,1.5923804328059645,0.0007366250168989584,1.5923804328059645,0.04218773967115583
1047,1.594380796508456,0.0007832119494698272,1.594380796508456,0.04455220904407332
1048,1.5963811602109472,0.0008385042480949998,1.5963811602109472,0.0474131164804805
1049,1.5983815239134387,0.0009056451476741885,1.5983815239134387,0.05081969123401463
1050,1.6003818876159301,0.0009895049432046884,1.6003818876159301,0.054813919482704636
1051,1.6023822513184216,0.0010979855414593252,1.6023822513184214,0.05941645196274886
1052,1.6043826150209126,0.0012446190501903688,1.6043826150209128,0.06460420273750411
1053,1.606382978723404,0.0014540989600465844,1.606382978723404,0.07027845313525229
1054,1.6083833424258955,0.0017749379208201379,1.6083833424258955,0.07622639780000243
1055,1.610383706128387,0.002310439561316216,1.610383706128387,0.0820878900946495
1056,1.612384069830878,0.0032949398421132817,1.6123840698308782,0.08735153929627965
1057,1.6143844335333695,0.0052142551578105946,1.6143844335333697,0.09141126023413089
1058,1.616384797235861,0.008138138657839878,1.616384797235861,0.09369824700529988
1059,1.6183851609383522,0.008415623231956949,1.6183851609383524,0.09385487575342064
1060,1.6203855246408436,0.005667431511774103,1.6203855246408438,0.09186518548573132
1061,1.622385888343335,0.0038090423150330278,1.622385888343335,0.08806090512552489
1062,1.6243862520458265,0.00294923196530234,1.6243862520458265,0.08299900536332143
1063,1.6263866157483176,0.002590735230503884,1.6263866157483178,0.07728766212240432
1064,1.628386979450809,0.0024933521712579587,1.6283869794508092,0.07144856514882283
1065,1.6303873431533005,0.002562555416774981,1.6303873431533007,0.06585407336453732
1066,1.632387706855792,0.0027713144569527534,1.632387706855792,0.06072716420958813
1067,1.6343880705582832,0.003133318715040032,1.6343880705582834,0.056173277594767985
1068,1.6363884342607746,0.003702704371005781,1.6363884342607746,0.05221889899233241
1069,1.638388797963266,0.004596626041669316,1.638388797963266,0.048844155650559606
1070,1.6403891616657575,0.006057894826858001,1.6403891616657575,0.046005938943709905
1071,1.6423895253682486,0.008614009658229895,1.6423895253682488,0.043652531226926666
1072,1.64438988907074,0.013470076102903473,1.6443898890707402,0.04173202637012988
1073,1.6463902527732315,0.023096903850327942,1.6463902527732315,0.04019670880748251
1074,1.6483906164757225,0.03746213579105865,1.648390616475723,0.03900500632028699
1075,1.650390980178214,0.03766507306506115,1.6503909801782144,0.03812208880541213
1076,1.6523913438807054,0.02356205390901831,1.6523913438807056,0.03751977532250909
1077,1.6543917075831969,0.01416415026939949,1.654391707583197,0.037176137657152955
1078,1.656392071285688,0.009581728887290909,1.6563920712856883,0.037075018082076236
1079,1.6583924349881796,0.007350829451721974,1.6583924349881798,0.03720557812447991
1080,1.660392798690671,0.006279613235541694,1.6603927986906712,0.03756193814629694
1081,1.6623931623931625,0.00586669155248046,1.6623931623931625,0.03814293705398024
1082,1.6643935260956535,0.005912642965739003,1.664393526095654,0.038952026554119244
1083,1.666393889798145,0.006372356396660604,1.6663938897981447,0.03999730846616563
1084,1.6683942535006364,0.00731670175887907,1.6683942535006362,0.04129172280513286
1085,1.6703946172031274,0.008962646802739683,1.6703946172031274,0.04285339636344492
1086,1.6723949809056189,0.011795132969113832,1.6723949809056189,0.04470616491773618
1087,1.6743953446081106,0.016892848834339447,1.6743953446081103,0.04688028586452597
1088,1.676395708310602,0.026737509672266204,1.6763957083106016,0.04941336084628765
1089,1.678396072013093,0.0463526677198487,1.678396072013093,0.05235148797853101
1090,1.6803964357155845,0.07484390404573014,1.6803964357155843,0.05575065758640221
1091,1.682396799418076,0.07326851492725091,1.6823967994180757,0.05967838856441583
1092,1.6843971631205674,0.04485805085885135,1.6843971631205672,0.06421556525762027
1093,1.6863975268230584,0.026372199234294912,1.6863975268230584,0.0694583611156513
1094,1.68839789052555,0.017259692568624276,1.68839789052555,0.07551999846997054
1095,1.6903982542280414,0.012673238885719916,1.6903982542280411,0.08253185022062356
1096,1.6923986179305326,0.010289066476342156,1.6923986179305326,0.09064297242532522
1097,1.694398981633024,0.009111629505045337,1.694398981633024,0.10001647390306977
1098,1.6963993453355155,0.008715744613832815,1.6963993453355153,0.11082007430819761
1099,1.698399709038007,0.008950997658554201,1.6983997090380067,0.1232067204720885
1100,1.700400072740498,0.00984597051539023,1.700400072740498,0.13727940077004308
1101,1.7024004364429894,0.011619496529979822,1.7024004364429894,0.15303314854138372
1102,1.704400800145481,0.014807379211964357,1.704400800145481,0.17026887019959938
1103,1.7064011638479724,0.020622592766768394,1.7064011638479721,0.1884824030406054
1104,1.7084015275504634,0.03185598296200651,1.7084015275504636,0.20675372702897013
1105,1.7104018912529548,0.05413861045872476,1.7104018912529548,0.22369642803392048
1106,1.7124022549554463,0.0868579277130414,1.7124022549554463,0.2375586537053556
1107,1.7144026186579375,0.09144894793018474,1.7144026186579377,0.24654723517996321
1108,1.716402982360429,0.06790053136744272,1.716402982360429,0.24933059157738663
1109,1.7184033460629204,0.0426251454088017,1.7184033460629204,0.24550558901184183
1110,1.720403709765412,0.02657850087416969,1.7204037097654117,0.23575389822247697
1111,1.722404073467903,0.018359975548384873,1.7224040734679031,0.22158466332814278
1112,1.7244044371703944,0.014109635679078261,1.7244044371703946,0.20483068486586287
1113,1.7264048008728858,0.011877596585283383,1.7264048008728858,0.18717794938672944
1114,1.7284051645753773,0.010808183812801788,1.7284051645753773,0.16990177784448138
1115,1.7304055282778685,0.010537205505449801,1.7304055282778685,0.15381450650857004
1116,1.73240589198036,0.01095314032705483,1.73240589198036,0.1393398191243551
1117,1.7344062556828514,0.012129451489516519,1.7344062556828514,0.12662804396305732
1118,1.7364066193853425,0.014366023879989464,1.7364066193853427,0.1156622648181509
1119,1.738406983087834,0.018378977234445256,1.7384069830878341,0.10633737561840675
1120,1.7404073467903254,0.025793994291815964,1.7404073467903254,0.09851196007303356
1121,1.7424077104928168,0.03982270785449203,1.7424077104928168,0.09203926013948041
1122,1.7444080741953079,0.06041752949402597,1.7444080741953083,0.08678408523118508
1123,1.7464084378977993,0.0702614136618973,1.7464084378977995,0.08263105514430509
1124,1.7484088016002908,0.08105347884346537,1.748408801600291,0.07948782642560537
1125,1.7504091653027822,0.1144245606542704,1.7504091653027822,0.07728551588851601
1126,1.7524095290052735,0.1245956598681408,1.7524095290052737,0.07597747756337028
1127,1.754409892707765,0.08198658381541157,1.7544098927077652,0.07553680430299237
1128,1.7564102564102564,0.048284671531224,1.7564102564102564,0.07595227255524115
1129,1.7584106201127474,0.031229303182031345,1.7584106201127478,0.07722181128120356
1130,1.7604109838152389,0.02264083495624891,1.760410983815239,0.07934190443127125
1131,1.7624113475177303,0.01814035590283311,1.7624113475177305,0.08229074137628503
1132,1.7644117112202218,0.01583495923594349,1.764411711220222,0.08600286918141913
1133,1.766412074922713,0.014909535703102899,1.7664120749227132,0.09033464977757101
1134,1.7684124386252045,0.015056614309364077,1.7684124386252047,0.09502475337043677
1135,1.770412802327696,0.016291891938946642,1.770412802327696,0.09966369344552556
1136,1.7724131660301874,0.018977790332229346,1.7724131660301874,0.1036987800623998
1137,1.7744135297326784,0.02394908293693801,1.7744135297326789,0.10650483268224864
1138,1.7764138934351699,0.03149594803743287,1.77641389343517,0.10752849314802636
1139,1.7784142571376613,0.038885819011717594,1.7784142571376615,0.10646106451396525
1140,1.7804146208401528,0.05052055300505405,1.7804146208401528,0.1033492600108423
1141,1.7824149845426438,0.07659740049758523,1.7824149845426442,0.09857321916695688
1142,1.7844153482451353,0.13137813492668568,1.7844153482451353,0.09270625095458027
1143,1.7864157119476267,0.21664762025513054,1.7864157119476265,0.08634186148569249
1144,1.788416075650118,0.22297811918579327,1.788416075650118,0.07996939780278309
1145,1.7904164393526094,0.13785470111836404,1.7904164393526092,0.07392533657445136
1146,1.7924168030551009,0.07888279872775797,1.7924168030551006,0.06840181301726725
1147,1.7944171667575923,0.04941214297425669,1.794417166757592,0.06348127086842527
1148,1.7964175304600833,0.03430102402507025,1.7964175304600833,0.05917443189367953
1149,1.7984178941625748,0.026038723545536876,1.7984178941625748,0.055451040164041655
1150,1.8004182578650663,0.021358521421202155,1.800418257865066,0.05226110251067547
1151,1.8024186215675577,0.018785380193838262,1.8024186215675575,0.049548041929192134
1152,1.804418985270049,0.017641360919754604,1.804418985270049,0.04725609728921875
1153,1.8064193489725404,0.017658781586577733,1.8064193489725402,0.04533403835250553
1154,1.8084197126750319,0.018845738778152633,1.8084197126750317,0.04373669573743003
1155,1.810420076377523,0.021490361764668613,1.810420076377523,0.04242528394313178
1156,1.8124204400800143,0.02630732461309772,1.8124204400800143,0.04136711332155603
1157,1.8144208037825058,0.03485128773932321,1.8144208037825058,0.040535035294483955
1158,1.8164211674849973,0.05057890792854332,1.816421167484997,0.03990680987912212
1159,1.8184215311874883,0.08144304205949218,1.8184215311874885,0.03946449310851463
1160,1.8204218948899797,0.14298473151531627,1.8204218948899797,0.03919389011408691
1161,1.8224222585924712,0.22665143001046728,1.8224222585924712,0.03908409151223087
1162,1.8244226222949627,0.21010920238241226,1.8244226222949627,0.03912709634855736
1163,1.826422985997454,0.12463661034976303,1.826422985997454,0.03931751822700247
1164,1.8284233496999454,0.0715147521746944,1.8284233496999454,0.039652368899929354
1165,1.8304237134024368,0.04498233096112195,1.8304237134024366,0.04013091353566248
1166,1.8324240771049278,0.031074637261969962,1.832424077104928,0.04075459301402125
1167,1.8344244408074193,0.023218935320989252,1.8344244408074195,0.04152701034579771
1168,1.8364248045099107,0.018533985461891295,1.8364248045099107,0.042453980381618364
1169,1.8384251682124022,0.015687379464135745,1.8384251682124022,0.04354364424960139
1170,1.8404255319148932,0.01403524314798115,1.8404255319148934,0.04480665241284222
1171,1.842425895617385,0.013279195411938683,1.842425895617385,0.04625642288784527
1172,1.8444262593198764,0.013334389643892497,1.8444262593198764,0.04790948405090207
1173,1.8464266230223678,0.014305037506578877,1.8464266230223676,0.04978591460644766
1174,1.8484269867248588,0.01655447208326121,1.848426986724859,0.05190989667631652
1175,1.8504273504273503,0.020936507104514064,1.8504273504273503,0.054310401461234115
1176,1.8524277141298418,0.029407944897841674,1.8524277141298418,0.05702203018797114
1177,1.8544280778323328,0.046490928951044654,1.8544280778323332,0.06008603536613144
1178,1.8564284415348242,0.08021972018719763,1.8564284415348244,0.06355154732615917
1179,1.8584288052373157,0.11888828610989965,1.858428805237316,0.06747702596324193
1180,1.8604291689398071,0.09970985443120234,1.8604291689398071,0.07193194281504811
1181,1.8624295326422984,0.058140016195840964,1.8624295326422986,0.0769986656642299
1182,1.8644298963447898,0.03423290226905256,1.86442989634479,0.0827744522955804
1183,1.8664302600472813,0.022220031291781264,1.8664302600472813,0.08937333745550183
1184,1.8684306237497728,0.015780976686043648,1.8684306237497728,0.0969274776757063
1185,1.8704309874522638,0.012039263904269064,1.870430987452264,0.10558714067557316
1186,1.8724313511547552,0.009720886628431305,1.8724313511547555,0.1155179014100421
1187,1.8744317148572467,0.00822348597112877,1.874431714857247,0.12689262956748235
1188,1.8764320785597377,0.0072439691292726024,1.8764320785597381,0.1398744496383415
1189,1.8784324422622292,0.00662647115284328,1.8784324422622296,0.15458513601508886
1190,1.8804328059647206,0.006298980576015416,1.8804328059647208,0.17105203217562667
1191,1.8824331696672123,0.006251645331175403,1.8824331696672123,0.18912743923164213
1192,1.8844335333697033,0.006544583541940806,1.8844335333697038,0.20838141524956993
1193,1.8864338970721948,0.007356963945578708,1.886433897072195,0.22798768370163913
1194,1.8884342607746862,0.009126666076156722,1.8884342607746865,0.24665550151509683
1195,1.8904346244771777,0.012873903502167777,1.8904346244771777,0.26269496905715145
1196,1.8924349881796687,0.020167182085152467,1.8924349881796692,0.27429773352431536
1197,1.8944353518821602,0.026787468019023618,1.8944353518821606,0.28001797977907683
1198,1.8964357155846516,0.02108503863130041,1.8964357155846518,0.2792685825541424
1199,1.8984360792871429,0.013219033445202479,1.8984360792871433,0.2725523986421721
1200,1.9004364429896343,0.00895249789347111,1.900436442989634,0.26127793323041487
1201,1.9024368066921258,0.006814901450319273,1.9024368066921256,0.24728096777599845
1202,1.9044371703946172,0.005677141316399931,1.9044371703946168,0.23232975623343005
1203,1.9064375340971083,0.005036093286676388,1.9064375340971083,0.21781788920633596
1204,1.9084378977995997,0.004666782029354588,1.9084378977995997,0.20467790635729521
1205,1.9104382615020912,0.004461263983248729,1.910438261502091,0.19343966213029035
1206,1.9124386252045826,0.004364099781960139,1.9124386252045824,0.1843433181059649
1207,1.9144389889070736,0.004345385880653886,1.9144389889070736,0.17744938126369916
1208,1.916439352609565,0.004388677936155887,1.916439352609565,0.17272253015701833
1209,1.9184397163120566,0.004485226492578205,1.9184397163120566,0.17008622204037474
1210,1.920440080014548,0.004631092385388124,1.9204400800145478,0.1694528769042157
1211,1.9224404437170393,0.004825677594398283,1.9224404437170393,0.17073553116050225
1212,1.9244408074195307,0.005071011560368939,1.9244408074195305,0.1738457079336816
1213,1.9264411711220222,0.00537148589895039,1.926441171122022,0.17868156424819065
1214,1.9284415348245132,0.005733898458148467,1.9284415348245134,0.18511183629237865
1215,1.9304418985270047,0.0061677574519553285,1.9304418985270047,0.19296541476270485
1216,1.932442262229496,0.006685854561899671,1.932442262229496,0.2020416824746977
1217,1.9344426259319876,0.007305166022928869,1.9344426259319873,0.21215643482766675
1218,1.9364429896344788,0.008048198733933545,1.9364429896344788,0.22322334218673537
1219,1.9384433533369703,0.008944980695907568,1.9384433533369703,0.23534271763272432
1220,1.9404437170394617,0.010036025199398125,1.9404437170394615,0.2488506827075805
1221,1.9424440807419532,0.011376816867268194,1.942444080741953,0.2642992023411575
1222,1.9444444444444442,0.013044751095742546,1.9444444444444442,0.28238156670238673
1223,1.9464448081469357,0.015150156657387191,1.9464448081469357,0.30384590249122406
1224,1.9484451718494271,0.01785435304500743,1.9484451718494271,0.32942794780197326
1225,1.9504455355519181,0.02140030480580625,1.9504455355519184,0.3598026004978022
1226,1.9524458992544096,0.026166840606278198,1.9524458992544098,0.39552928792874803
1227,1.954446262956901,0.03276920483670155,1.954446262956901,0.436957102430568
1228,1.9564466266593925,0.0422560308863101,1.9564466266593925,0.48405709163070904
1229,1.9584469903618837,0.056520251597294194,1.958446990361884,0.5361603131067247
1230,1.9604473540643752,0.07921874380762867,1.9604473540643752,0.5916120976237365
1231,1.9624477177668667,0.11798150489429061,1.9624477177668667,0.647423518076707
1232,1.9644480814693581,0.18992525437265137,1.964448081469358,0.6991140267253978
1233,1.9664484451718491,0.3331371446779788,1.9664484451718494,0.7410384049737196
1234,1.9684488088743406,0.5908550889054428,1.9684488088743408,0.7674272481996429
1235,1.970449172576832,0.7456454595533243,1.970449172576832,0.7739973315126165
1236,1.9724495362793233,0.5131380384880817,1.9724495362793235,0.7594427849747809
1237,1.9744498999818147,0.2845646569220168,1.9744498999818147,0.7259296526397788
1238,1.9764502636843062,0.1657347292038552,1.9764502636843062,0.6782670793890737
1239,1.9784506273867977,0.10523684139350575,1.9784506273867977,0.622293083780024
1240,1.9804509910892887,0.0718736641312837,1.980450991089289,0.5633702335891372
1241,1.9824513547917801,0.051925229861670544,1.9824513547917804,0.5055435171596866
1242,1.9844517184942716,0.039171612549609255,1.9844517184942716,0.4513743193106208
1243,1.986452082196763,0.03056803614102808,1.986452082196763,0.4021783716252376
1244,1.988452445899254,0.024507837380400504,1.9884524458992545,0.3583937899381614
1245,1.9904528096017455,0.020086244042890194,1.9904528096017458,0.3199191659178611
1246,1.992453173304237,0.016765000431779947,1.9924531733042372,0.286364815541395
1247,1.9944535370067282,0.014208742716696915,1.9944535370067284,0.25721691819549763
1248,1.9964539007092197,0.012200170938374664,1.99645390070922,0.23193460963771395
1249,1.9984542644117111,0.010593690323219338,1.9984542644117114,0.21000195835013738
1250,2.0004546281142024,0.009288892051467667,2.000454628114203,0.19095213350295606
1251,2.002454991816694,0.00821476864686222,2.002454991816694,0.17437560683094286
1252,2.0044553555191853,0.007319986982459188,2.0044553555191853,0.15991984025152714
1253,2.0064557192216768,0.006566708397001646,2.0064557192216768,0.1472848790035979
1254,2.008456082924168,0.005926554880937457,2.008456082924168,0.13621734145928002
1255,2.0104564466266592,0.005377911956869322,2.0104564466266597,0.1265041338329605
1256,2.0124568103291507,0.00490408603442886,2.0124568103291507,0.11796654495138008
1257,2.014457174031642,0.004492020877240308,2.014457174031642,0.11045500137245012
1258,2.016457537734133,0.004131387704275148,2.0164575377341336,0.1038445635371873
1259,2.0184579014366246,0.0038139297934818134,2.0184579014366246,0.09803114414925486
1260,2.020458265139116,0.003532983483247756,2.020458265139116,0.09292838607147637
1261,2.0224586288416075,0.003283123397600682,2.022458628841607,0.08846512295209694
1262,2.0244589925440986,0.0030598964395788324,2.0244589925440986,0.08458334695796753
1263,2.02645935624659,0.00285962007546526,2.02645935624659,0.08123661630662717
1264,2.0284597199490815,0.002679227763990661,2.0284597199490815,0.07838884635498237
1265,2.030460083651573,0.0025161493574034203,2.030460083651573,0.07601343943762
1266,2.032460447354064,0.0023682177232752424,2.032460447354064,0.07409271906892685
1267,2.0344608110565554,0.0022335952224480232,2.0344608110565554,0.07261764246853149
1268,2.036461174759047,0.002110715363832475,2.036461174759047,0.07158777035751113
1269,2.0384615384615383,0.001998236160820002,2.0384615384615383,0.07101147252456684
1270,2.04046190216403,0.0018950025837184902,2.04046190216403,0.07090633812269463
1271,2.0424622658665212,0.0018000161371904235,2.042462265866521,0.07129973462547404
1272,2.0444626295690127,0.0017124100591691912,2.0444626295690123,0.07222940790760542
1273,2.0464629932715037,0.0016314289852691895,2.0464629932715037,0.07374391994738967
1274,2.048463356973995,0.0015564121832750844,2.048463356973995,0.07590255172367436
1275,2.0504637206764866,0.0014867796592382603,2.0504637206764866,0.07877401549325706
1276,2.052464084378978,0.001422020586695559,2.0524640843789776,0.08243287058785477
1277,2.054464448081469,0.0013616836255798256,2.054464448081469,0.0869518765824997
1278,2.0564648117839606,0.001305368786253232,2.0564648117839606,0.09238767559249449
1279,2.058465175486452,0.001252720563174139,2.058465175486452,0.09875642905947625
1280,2.060465539188943,0.0012034221167414715,2.0604655391889435,0.10599613778099425
1281,2.0624659028914345,0.001157190324375041,2.0624659028914345,0.11391509067192304
1282,2.064466266593926,0.0011137715555286877,2.064466266593926,0.12213394925518259
1283,2.0664666302964174,0.0010729380520915462,2.0664666302964174,0.13004433338886143
1284,2.0684669939989084,0.0010344848170279778,2.068466993998909,0.13682507038499248
1285,2.0704673577014,0.0009982269312967611,2.0704673577014003,0.14156047332377497
1286,2.0724677214038913,0.0009639972329670409,2.0724677214038913,0.143466170050582
1287,2.074468085106383,0.000931644303700467,2.074468085106383,0.14214601149393497
1288,2.0764684488088743,0.0009010307169326549,2.0764684488088743,0.1377415599297429
1289,2.0784688125113657,0.0008720315095801506,2.0784688125113657,0.13087772171296974
1290,2.080469176213857,0.0008445328452511272,2.080469176213857,0.12243997018334965
1291,2.0824695399163486,0.0008184308420077103,2.082469539916348,0.11331609879709753
1292,2.0844699036188397,0.0007936305419216245,2.0844699036188397,0.10421803612227659
1293,2.086470267321331,0.0007700450031457006,2.086470267321331,0.09561577533097393
1294,2.0884706310238226,0.000747594498123302,2.0884706310238226,0.08775247629871566
1295,2.0904709947263136,0.0007262058039804067,2.090470994726314,0.08069627196310313
1296,2.092471358428805,0.000705811573176335,2.092471358428805,0.07439945682791178
1297,2.0944717221312965,0.0006863497741969419,2.0944717221312965,0.06875338527239863
1298,2.096472085833788,0.0006677631935143717,2.096472085833788,0.06363547405103957
1299,2.098472449536279,0.0006499989912557814,2.0984724495362794,0.05894399729075936
1300,2.1004728132387704,0.000633008304056518,2.100472813238771,0.05461491311472524
1301,2.102473176941262,0.0006167458894519003,2.102473176941262,0.05061955170175159
1302,2.1044735406437534,0.0006011698069106958,2.1044735406437534,0.04695021962217636
1303,2.1064739043462444,0.0005862411312537368,2.106473904346245,0.04360445060172405
1304,2.108474268048736,0.0005719236947495769,2.1084742680487363,0.040575014909025695
1305,2.1104746317512273,0.0005581838546502758,2.1104746317512277,0.037846761989163584
1306,2.1124749954537183,0.0005449902833358237,2.1124749954537188,0.03539785629311132
1307,2.1144753591562098,0.0005323137785856294,2.11447535915621,0.0332026124481083
1308,2.1164757228587017,0.0005201270917979444,2.1164757228587017,0.031234208373605556
1309,2.118476086561193,0.000508404772240063,2.118476086561193,0.029466626671174643
1310,2.120476450263684,0.0004971230256397024,2.1204764502636846,0.027875787342659566
1311,2.1224768139661756,0.00048625958562577027,2.1224768139661756,0.02644006338410174
1312,2.124477177668667,0.00047579359669923735,2.124477177668667,0.02514039769583062
1313,2.1264775413711585,0.00046570550756532697,2.1264775413711585,0.02396019381183345
1314,2.1284779050736495,0.0004559769737900235,2.12847790507365,0.022885096347200727
1315,2.130478268776141,0.0004465907688592572,2.1304782687761414,0.02190273140783156
1316,2.1324786324786325,0.0004375307028204957,2.1324786324786325,0.02100244594673038
1317,2.1344789961811235,0.00042878154777548723,2.1344789961811235,0.020175065550610206
1318,2.136479359883615,0.000420328969571412,2.136479359883615,0.019412678768639544
1319,2.1384797235861064,0.00041215946510690546,2.1384797235861064,0.01870844986742481
1320,2.140480087288598,0.00040426030473052107,2.1404800872885974,0.01805645874094313
1321,2.142480450991089,0.00039661947926336247,2.142480450991089,0.017451565300697316
1322,2.1444808146935803,0.00038922565122551946,2.1444808146935803,0.016889295221253885
1323,2.1464811783960718,0.00038206810988853794,2.1464811783960718,0.016365743954655492
1324,2.1484815420985632,0.0003751367298139114,2.1484815420985632,0.01587749619220635
1325,2.1504819058010542,0.00036842193257129646,2.1504819058010542,0.015421558301700996
1326,2.1524822695035457,0.00036191465136009847,2.1524822695035457,0.014995301628829932
1327,2.154482633206037,0.0003556062982848741,2.154482633206037,0.014596414888185036
1328,2.1564829969085286,0.0003494887340588645,2.1564829969085286,0.014222864167818086
1329,2.15848336061102,0.0003435542399313985,2.15848336061102,0.013872859328398593
1330,2.1604837243135115,0.00033779549165405726,2.160483724313511,0.013544825795739063
1331,2.162484088016003,0.00033220553531765074,2.1624840880160026,0.013237380928189055
1332,2.164484451718494,0.00032677776490751503,2.164484451718494,0.012949314293254908
1333,2.1664848154209855,0.00032150590143847777,2.1664848154209855,0.012679571315827927
1334,2.168485179123477,0.000316383973543348,2.168485179123477,0.012427239868242403
1335,2.1704855428259684,0.0003114062993999885,2.170485542825968,0.012191539464156811
1336,2.1724859065284594,0.00030656746989220717,2.1724859065284594,0.011971812797566601
1337,2.174486270230951,0.0003018623329088271,2.174486270230951,0.01176751943828007
1338,2.1764866339334423,0.00029728597869359735,2.1764866339334423,0.011578231558732565
1339,2.1784869976359333,0.00029283372616605295,2.178486997635934,0.011403631626642258
1340,2.180487361338425,0.0002885011101402449,2.180487361338425,0.011243512056139772
1341,2.1824877250409163,0.00028428386937439347,2.1824877250409163,0.011097776869010865
1342,2.1844880887434077,0.0002801779353900806,2.1844880887434077,0.010966445480014419
1343,2.1864884524458987,0.0002761794220046797,2.186488452445899,0.010849658788481932
1344,2.18848881614839,0.0002722846155253098,2.1884888161483906,0.01074768783544229
1345,2.1904891798508817,0.0002684899655568028,2.1904891798508817,0.010660945374583888
1346,2.192489543553373,0.00026479207637996775,2.192489543553373,0.010590000810143217
1347,2.1944899072558646,0.00026118769885993023,2.1944899072558646,0.01053559907944831
1348,2.196490270958356,0.00025767372284748644,2.196490270958356,0.010498684206919365
1349,2.1984906346608475,0.0002542471700393164,2.1984906346608475,0.01048042843458772
1350,2.2004909983633385,0.00025090518726553115,2.2004909983633385,0.010482268045988372
1351,2.20249136206583,0.00024764504017546506,2.20249136206583,0.010505947248345542
1352,2.2044917257683214,0.000244464107294836,2.2044917257683214,0.01055357176107987
1353,2.206492089470813,0.00024135987442941328,2.206492089470813,0.010627674067258957
1354,2.208492453173304,0.00023832992939221023,2.2084924531733043,0.010731292592867403
1355,2.2104928168757954,0.00023537195703291074,2.2104928168757954,0.010868067330461865
1356,2.212493180578287,0.00023248373454981961,2.212493180578287,0.011042354507415308
1357,2.2144935442807783,0.00022966312706604693,2.2144935442807783,0.011259362604605638
1358,2.2164939079832693,0.00022690808345298037,2.2164939079832697,0.011525310976642694
1359,2.2184942716857607,0.00022421663238530057,2.218494271685761,0.011847609829804645
1360,2.220494635388252,0.00022158687861293102,2.220494635388252,0.01223505519620855
1361,2.2224949990907437,0.00021901699943632747,2.2224949990907437,0.012698022791215261
1362,2.2244953627932347,0.00021650524137248477,2.224495362793235,0.013248626931682059
1363,2.226495726495726,0.00021404991699990088,2.2264957264957266,0.013900779754387022
1364,2.2284960901982176,0.00021164940197156298,2.228496090198218,0.014670033994249019
1365,2.230496453900709,0.0002093021321857554,2.230496453900709,0.015573009367922781
1366,2.2324968176032005,0.00020700660110519137,2.2324968176032005,0.016626078512149704
1367,2.234497181305692,0.00020476135721561462,2.234497181305692,0.01784282474694601
1368,2.2364975450081834,0.00020256500161559344,2.2364975450081834,0.019229619846644393
1369,2.2384979087106744,0.00020041618572979767,2.238497908710675,0.020778637895552163
1370,2.240498272413166,0.00019831360913854409,2.240498272413166,0.02245802871368198
1371,2.2424986361156574,0.00019625601751687845,2.2424986361156574,0.024200340690877533
1372,2.244498999818149,0.00019424220067688672,2.244498999818149,0.02589308616825107
1373,2.24649936352064,0.00019227099070734792,2.2464993635206403,0.027379070699083463
1374,2.2484997272231313,0.00019034126020520727,2.2484997272231317,0.028475732161006018
1375,2.2505000909256228,0.00018845192059370873,2.2505000909256228,0.02901687061686189
1376,2.2525004546281138,0.00018660192052234127,2.2525004546281138,0.028904835176036325
1377,2.2545008183306052,0.00018479024434406372,2.2545008183306052,0.028146612446064964
1378,2.2565011820330967,0.00018301591066555658,2.2565011820330967,0.026851093822603807
1379,2.258501545735588,0.00018127797096650244,2.258501545735588,0.025189340818203003
1380,2.260501909438079,0.00017957550828415369,2.260501909438079,0.02334244635007355
1381,2.2625022731405706,0.00017790763595966234,2.2625022731405706,0.021462378990840705
1382,2.264502636843062,0.0001762734964428736,2.264502636843062,0.01965547825036031
1383,2.2665030005455535,0.00017467226015246675,2.2665030005455535,0.01798389842685489
1384,2.268503364248045,0.00017310312438852774,2.268503364248045,0.01647566305106234
1385,2.2705037279505365,0.00017156531229479955,2.270503727950536,0.015136161635800977
1386,2.272504091653028,0.00017005807186802868,2.2725040916530275,0.013957633143442127
1387,2.274504455355519,0.0001685806750119655,2.274504455355519,0.01292579425332604
1388,2.2765048190580104,0.00016713241663372734,2.2765048190580104,0.012023981649629591
1389,2.278505182760502,0.00016571261378036338,2.278505182760502,0.011235503988312958
1390,2.2805055464629933,0.00016432060481357994,2.280505546462993,0.010544837673335333
1391,2.2825059101654843,0.000162955748620706,2.2825059101654843,0.00993813185826238
1392,2.284506273867976,0.0001616174238600848,2.284506273867976,0.009403328467672856
1393,2.2865066375704672,0.00016030502823918239,2.2865066375704672,0.008930084472676762
1394,2.2885070012729587,0.00015901797782379368,2.2885070012729587,0.008509605024712303
1395,2.2905073649754497,0.00015775570637682277,2.2905073649754497,0.008134447280226135
1396,2.292507728677941,0.0001565176647251939,2.292507728677941,0.007798325872607838
1397,2.2945080923804326,0.00015530332015353327,2.2945080923804326,0.007495934537063258
1398,2.2965084560829236,0.00015411215582332845,2.296508456082924,0.007222789383647224
1399,2.298508819785415,0.00015294367021634992,2.2985088197854155,0.006975094619500766
1400,2.3005091834879066,0.00015179737660118213,2.3005091834879066,0.006749629261191184
1401,2.302509547190398,0.00015067280252176911,2.302509547190398,0.006543652448580912
1402,2.3045099108928895,0.00014956948930694463,2.3045099108928895,0.006354824740336367
1403,2.306510274595381,0.00014848699159996555,2.306510274595381,0.006181142883171165
1404,2.3085106382978724,0.00014742487690712336,2.3085106382978724,0.006020885808067777
1405,2.310511002000364,0.00014638272516455232,2.3105110020003634,0.005872569914450452
1406,2.312511365702855,0.00014536012832240287,2.312511365702855,0.0057349120062625825
1407,2.3145117294053463,0.00014435668994558786,2.3145117294053463,0.005606798518914133
1408,2.316512093107838,0.00014337202483035523,2.316512093107838,0.005487259914848704
1409,2.318512456810329,0.0001424057586359717,2.3185124568103292,0.005375449327371489
1410,2.3205128205128203,0.00014145752753084374,2.3205128205128203,0.00527062470026137
1411,2.3225131842153117,0.0001405269778524357,2.3225131842153117,0.005172133808819837
1412,2.324513547917803,0.00013961376578037365,2.324513547917803,0.0050794016609022235
1413,2.326513911620294,0.00013871755702215744,2.3265139116202946,0.004991919868372032
1414,2.3285142753227857,0.00013783802651092962,2.328514275322786,0.004909237654058903
1415,2.330514639025277,0.00013697485811478118,2.330514639025277,0.0048309542198727035
1416,2.3325150027277686,0.00013612774435709207,2.3325150027277686,0.004756712250886475
1417,2.3345153664302596,0.0001352963861474383,2.33451536643026,0.004686192370131394
1418,2.336515730132751,0.00013448049252261097,2.3365157301327515,0.004619108391323434
1419,2.3385160938352425,0.00013367978039732385,2.338516093835243,0.00455520324320063
1420,2.340516457537734,0.0001328939743241963,2.340516457537734,0.00449424546074989
1421,2.3425168212402254,0.00013212280626262685,2.3425168212402254,0.004436026156274446
1422,2.344517184942717,0.00013136601535618716,2.344517184942717,0.004380356397745786
1423,2.3465175486452083,0.00013062334771818176,2.3465175486452083,0.004327064933798727
1424,2.3485179123476994,0.00012989455622504028,2.3485179123477,0.004275996214548524
1425,2.350518276050191,0.00012917940031721977,2.350518276050191,0.0042270086655239
1426,2.3525186397526823,0.0001284776458073146,2.3525186397526823,0.0041799731787332045
1427,2.3545190034551737,0.00012778906469507949,2.3545190034551737,0.004134771790465837
1428,2.3565193671576647,0.00012711343498909077,2.356519367157665,0.004091296520082546
1429,2.358519730860156,0.0001264505405347788,2.3585197308601566,0.00404944834793226
1430,2.3605200945626477,0.00012580017084858077,2.3605200945626477,0.00400913631378481
1431,2.362520458265139,0.00012516212095797053,2.362520458265139,0.0039702767198980145
1432,2.36452082196763,0.00012453619124713623,2.3645208219676306,0.003932792425133954
1433,2.3665211856701216,0.00012392218730808416,2.366521185670122,0.003896612218476249
1434,2.368521549372613,0.0001233199197969615,2.368521549372613,0.003861670261937963
1435,2.370521913075104,0.0001227292042953934,2.370521913075104,0.0038279055942378455
1436,2.3725222767775955,0.00012214986117664448,2.3725222767775955,0.003795261687802143
1437,2.374522640480087,0.00012158171547642196,2.374522640480087,0.0037636860526530924
1438,2.3765230041825784,0.00012102459676814285,2.3765230041825784,0.003733129881602551
1439,2.37852336788507,0.00012047833904249907,2.37852336788507,0.003703547731902011
1440,2.3805237315875614,0.00011994278059115925,2.380523731587561,0.003674897239128684
1441,2.382524095290053,0.00011941776389445505,2.3825240952900524,0.003647138859626935
1442,2.3845244589925443,0.00011890313551290321,2.384524458992544,0.0036202356382889845
1443,2.3865248226950353,0.00011839874598242445,2.3865248226950353,0.003594152998859396
1444,2.3885251863975268,0.00011790444971312366,2.3885251863975268,0.003568858554294154
1445,2.390525550100018,0.00011742010489150471,2.3905255501000178,0.003544321935004908
1446,2.3925259138025092,0.00011694557338599336,2.3925259138025092,0.0035205146330791206
1447,2.3945262775050007,0.00011648072065565303,2.3945262775050007,0.0034974098607927964
1448,2.396526641207492,0.00011602541566198008,2.396526641207492,0.0034749824219293905
1449,2.3985270049099836,0.00011557953078366906,2.3985270049099836,0.0034532085945901056
1450,2.4005273686124746,0.00011514294173424544,2.4005273686124746,0.003432066024330801
1451,2.402527732314966,0.00011471552748246586,2.402527732314966,0.00341153362659202
1452,2.4045280960174575,0.00011429717017539184,2.4045280960174575,0.0033915914975037507
1453,2.406528459719949,0.00011388775506404425,2.406528459719949,0.0033722208322475673
1454,2.40852882342244,0.00011348717043155218,2.4085288234224405,0.0033534038502477325
1455,2.4105291871249315,0.00011309530752371164,2.4105291871249315,0.003335123726541096
1456,2.412529550827423,0.00011271206048187561,2.412529550827423,0.00331736452874473
1457,2.4145299145299144,0.00011233732627809579,2.4145299145299144,0.0033001111591012813
1458,2.416530278232406,0.00011197100465244414,2.416530278232406,0.003283349301135985
1459,2.4185306419348973,0.00011161299805244348,2.4185306419348973,0.0032670653705071874
1460,2.4205310056373888,0.00011126321157453809,2.4205310056373883,0.0032512464696746414
1461,2.42253136933988,0.00011092155290754038,2.42253136933988,0.0032358803460476046
1462,2.4245317330423712,0.00011058793227799061,2.4245317330423712,0.003220955353308312
1463,2.4265320967448627,0.00011026226239737071,2.4265320967448627,0.0032064604156363213
1464,2.428532460447354,0.00010994445841111349,2.428532460447354,0.0031923849945859084
1465,2.430532824149845,0.00010963443784935364,2.430532824149845,0.0031787190583925057
1466,2.4325331878523366,0.00010933212057936666,2.4325331878523366,0.0031654530535055333
1467,2.434533551554828,0.00010903742875964651,2.434533551554828,0.003152577878163994
1468,2.436533915257319,0.00010875028679557183,2.4365339152573195,0.003140084857848377
1469,2.4385342789598106,0.00010847062129661554,2.438534278959811,0.0031279657224577468
1470,2.440534642662302,0.00010819836103505302,2.440534642662302,0.003116212585074675
1471,2.4425350063647935,0.00010793343690612586,2.4425350063647935,0.003104817922193139
1472,2.4445353700672845,0.00010767578188962046,2.444535370067285,0.0030937745552956307
1473,2.446535733769776,0.00010742533101282224,2.4465357337697764,0.0030830756336758776
1474,2.4485360974722674,0.00010718202131480825,2.448536097472268,0.003072714618412602
1475,2.450536461174759,0.00010694579181204167,2.450536461174759,0.0030626852674080266
1476,2.45253682487725,0.00010671658346523415,2.4525368248772503,0.0030529816214122556
1477,2.454537188579742,0.0001064943391474426,2.454537188579742,0.003043597990961377
1478,2.4565375522822332,0.00010627900361337005,2.4565375522822332,0.0030345289441632796
1479,2.4585379159847243,0.00010607052346983866,2.4585379159847247,0.003025769295270686
1480,2.4605382796872157,0.00010586884714740749,2.4605382796872157,0.0030173140939859485
1481,2.462538643389707,0.00010567392487310695,2.462538643389707,0.003009158615446726
1482,2.4645390070921986,0.00010548570864426344,2.4645390070921986,0.0030012983508458427
1483,2.4665393707946897,0.00010530415220338949,2.46653937079469,0.0029937289986424025
1484,2.468539734497181,0.00010512921101411493,2.4685397344971816,0.002986446456324698
1485,2.4705400981996726,0.0001049608422381368,2.4705400981996726,0.0029794468126886297
1486,2.472540461902164,0.0001047990047131658,2.472540461902164,0.0029727263405982195
1487,2.474540825604655,0.00010464365893184882,2.4745408256046555,0.0029662814901974463
1488,2.4765411893071465,0.00010449476702164769,2.476541189307147,0.0029601088825450574
1489,2.478541553009638,0.00010435229272565579,2.4785415530096384,0.0029542053036462194
1490,2.480541916712129,0.00010421620138433452,2.4805419167121294,0.002948567698856914
1491,2.4825422804146204,0.00010408645991815282,2.482542280414621,0.0029431931676388284
1492,2.484542644117112,0.00010396303681111417,2.4845426441171123,0.0029380789586442428
1493,2.4865430078196034,0.0001038459020951559,2.4865430078196034,0.0029332224651119807
1494,2.4885433715220944,0.00010373502733540673,2.4885433715220944,0.0029286212205569197
1495,2.490543735224586,0.00010363038561628937,2.490543735224586,0.0029242728947369593
1496,2.4925440989270773,0.00010353195152845562,2.4925440989270773,0.0029201752898825374
1497,2.494544462629569,0.00010343970115654263,2.4945444626295687,0.0029163263371749437
1498,2.49654482633206,0.0001033536120677394,2.49654482633206,0.0029127240934607845
1499,2.4985451900345517,0.00010327366330115315,2.4985451900345512,0.0029093667381908505
1500,2.500545553737043,0.00010319983535796714,2.5005455537370427,0.0029062525705726666
1501,2.5025459174395346,0.00010313211019238057,2.502545917439534,0.002903380006926758
1502,2.5045462811420256,0.00010307047120332334,2.5045462811420256,0.00290074757823752
1503,2.506546644844517,0.00010301490322693845,2.506546644844517,0.0028983539278903034
1504,2.5085470085470085,0.00010296539252982592,2.508547008547008,0.0028961978095870047
1505,2.5105473722494995,0.00010292192680304245,2.5105473722494995,0.0028942780854331334
1506,2.512547735951991,0.000102884495156852,2.512547735951991,0.002892593724189903
1507,2.5145480996544824,0.00010285308811622322,2.5145480996544824,0.002891143799685498
1508,2.516548463356974,0.00010282769761707036,2.516548463356974,0.002889927489380182
1509,2.518548827059465,0.00010280831700323429,2.518548827059465,0.0028889440730804593
1510,2.5205491907619564,0.00010279494102420244,2.5205491907619564,0.0028881929317979404
1511,2.522549554464448,0.00010278756583356555,2.522549554464448,0.002887673546749086
1512,2.5245499181669393,0.00010278618898821066,2.5245499181669393,0.0028873854984923894
1513,2.5265502818694303,0.00010279080944825046,2.5265502818694308,0.002887328466200012
1514,2.5285506455719218,0.0001028014275776897,2.5285506455719218,0.0028875022270612887
1515,2.5305510092744132,0.00010281804514582945,2.5305510092744132,0.0028879066558159107
1516,2.5325513729769047,0.00010284066532941203,2.5325513729769047,0.002888541724414968
1517,2.534551736679396,0.00010286929271550869,2.534551736679396,0.0028894075018084196
1518,2.5365521003818876,0.00010290393330515353,2.5365521003818876,0.002890504153857898
1519,2.538552464084379,0.00010294459451772826,2.5385524640843786,0.0028918319433741484
1520,2.54055282778687,0.00010299128519610164,2.54055282778687,0.002893391230278698
1521,2.5425531914893615,0.00010304401561253055,2.5425531914893615,0.0028951824718897582
1522,2.544553555191853,0.0001031027974753273,2.544553555191853,0.002897206223332667
1523,2.5465539188943445,0.00010316764393630128,2.5465539188943445,0.002899463138075538
1524,2.5485542825968355,0.00010323856959898265,2.5485542825968355,0.002901953968591133
1525,2.550554646299327,0.00010331559052763583,2.550554646299327,0.0029046795671463267
1526,2.5525550100018184,0.00010339872425707275,2.5525550100018184,0.0029076408867208777
1527,2.5545553737043094,0.00010348798980327556,2.55455537370431,0.002910838982057601
1528,2.556555737406801,0.0001035834076748398,2.5565557374068013,0.0029142750108463867
1529,2.5585561011092923,0.00010368499988524936,2.5585561011092923,0.0029179502350449122
1530,2.560556464811784,0.00010379278996599638,2.560556464811784,0.0029218660223392762
1531,2.562556828514275,0.00010390680298055842,2.5625568285142752,0.0029260238477481965
1532,2.5645571922167663,0.00010402706553924838,2.5645571922167667,0.0029304252953748287
1533,2.5665575559192577,0.00010415360581495106,2.566557555919258,0.0029350720603107242
1534,2.568557919621749,0.00010428645355976318,2.568557919621749,0.0029399659506968803
1535,2.5705582833242406,0.0001044256401225534,2.5705582833242406,0.0029451088899473533
1536,2.572558647026732,0.00010457119846746093,2.572558647026732,0.002950502919141386
1537,2.5745590107292236,0.00010472316319335048,2.5745590107292236,0.0029561501995905627
1538,2.5765593744317146,0.00010488157055424502,2.576559374431715,0.002962053015588065
1539,2.578559738134206,0.00010504645848075602,2.578559738134206,0.002968213777347704
1540,2.5805601018366975,0.00010521786660253433,2.5805601018366975,0.00297463502414105
1541,2.582560465539189,0.00010539583627176415,2.582560465539189,0.0029813194276416786
1542,2.58456082924168,0.00010558041058772536,2.5845608292416804,0.0029882697954862467
1543,2.5865611929441714,0.0001057716344224489,2.586561192944172,0.002995489075062928
1544,2.588561556646663,0.00010596955444749283,2.588561556646663,0.003002980357538553
1545,2.5905619203491543,0.00010617421916186687,2.5905619203491543,0.003010746882136686
1546,2.5925622840516453,0.0001063856789211351,2.592562284051646,0.003018792040679849
1547,2.594562647754137,0.00010660398596772762,2.5945626477541373,0.003027119382410115
1548,2.5965630114566283,0.00010682919446249337,2.5965630114566287,0.0030357326191034146
1549,2.5985633751591193,0.00010706136051752825,2.5985633751591197,0.003044635630494083
1550,2.6005637388616107,0.00010730054223031384,2.600563738861611,0.003053832470027471
1551,2.602564102564102,0.0001075467997192032,2.602564102564102,0.003063327370959839
1552,2.6045644662665937,0.00010780019516029322,2.6045644662665937,0.0030731247528262445
1553,2.606564829969085,0.00010806079282572335,2.606564829969085,0.003083229228298759
1554,2.6085651936715766,0.00010832865912344309,2.608565193671576,0.0030936456104591415
1555,2.610565557374068,0.00010860386263849203,2.6105655573740676,0.0031043789205119723
1556,2.6125659210765595,0.00010888647417583911,2.612565921076559,0.003115434395966351
1557,2.6145662847790505,0.00010917656680482843,2.6145662847790505,0.003126817499316502
1558,2.616566648481542,0.00010947421590528244,2.616566648481542,0.003138533927254092
1559,2.6185670121840334,0.00010977949921531424,2.618567012184033,0.0031505896204477345
1560,2.6205673758865244,0.00011009249688090448,2.6205673758865244,0.0031629907739280515
1561,2.622567739589016,0.00011041329150729946,2.622567739589016,0.003175743848119863
1562,2.6245681032915074,0.00011074196821228975,2.6245681032915074,0.003188855580566491
1563,2.626568466993999,0.00011107861468143276,2.626568466993999,0.0032023329983950142
1564,2.62856883069649,0.0001114233212252828,2.62856883069649,0.0032161834315753662
1565,2.6305691943989813,0.00011177618083869764,2.6305691943989813,0.0032304145270307923
1566,2.6325695581014728,0.00011213728926229142,2.6325695581014728,0.003245034263662053
1567,2.634569921803964,0.00011250674504610872,2.634569921803964,0.0032600509683532782
1568,2.6365702855064552,0.00011288464961559646,2.6365702855064557,0.003275473333033306
1569,2.6385706492089467,0.00011327110733995449,2.6385706492089467,0.00329131043287295
1570,2.640571012911438,0.00011366622560294879,2.640571012911438,0.0033075717457058157
1571,2.6425713766139296,0.00011407011487627516,2.6425713766139296,0.0033242671727682803
1572,2.644571740316421,0.00011448288879556637,2.644571740316421,0.0033414070608630115
1573,2.6465721040189125,0.00011490466423913625,2.6465721040189125,0.003359002226060063
1574,2.648572467721404,0.00011533556140956374,2.6485724677214035,0.0033770639790602825
1575,2.650572831423895,0.0001157757039182194,2.650572831423895,0.0033956041523575766
1576,2.6525731951263865,0.00011622521887284536,2.6525731951263865,0.0034146351293496574
1577,2.654573558828878,0.00011668423696830129,2.654573558828878,0.0034341698755613837
1578,2.6565739225313694,0.00011715289258059778,2.6565739225313694,0.003454221972160878
1579,2.6585742862338604,0.00011763132386434086,2.6585742862338604,0.0034748056519664622
1580,2.660574649936352,0.00011811967285371861,2.660574649936352,0.003495935838162267
1581,2.6625750136388433,0.00011861808556716596,2.6625750136388433,0.0035176281859625055
1582,2.6645753773413348,0.00011912671211585184,2.6645753773413348,0.00353989912748895
1583,2.6665757410438258,0.00011964570681613624,2.666575741043826,0.003562765920153669
1584,2.6685761047463172,0.00012017522830615567,2.6685761047463172,0.0035862466988697177
1585,2.6705764684488087,0.00012071543966669813,2.6705764684488087,0.0036103605324467876
1586,2.6725768321512997,0.00012126650854654121,2.6725768321513,0.0036351274845672623
1587,2.674577195853791,0.00012182860729243142,2.6745771958537916,0.0036605686797811714
1588,2.6765775595562826,0.00012240191308389206,2.676577559556283,0.0036867063750069488
1589,2.678577923258774,0.00012298660807305722,2.678577923258774,0.0037135640370792476
1590,2.6805782869612655,0.00012358287952973708,2.6805782869612655,0.0037411664269463296
1591,2.682578650663757,0.00012419091999193112,2.682578650663757,0.0037695396911885714
1592,2.6845790143662485,0.0001248109274220136,2.6845790143662485,0.0037987114616075722
1593,2.68657937806874,0.00012544310536883053,2.68657937806874,0.003828710963723505
1594,2.688579741771231,0.00012608766313595475,2.688579741771231,0.0038595691351181413
1595,2.6905801054737224,0.0001267448159563613,2.6905801054737224,0.0038913187546741976
1596,2.692580469176214,0.00012741478517379416,2.692580469176214,0.003923994583890211
1597,2.694580832878705,0.00012809779843111346,2.6945808328787053,0.003957633521596461
1598,2.6965811965811963,0.00012879408986592327,2.6965811965811968,0.003992274773564134
1599,2.698581560283688,0.00012950390031379408,2.698581560283688,0.004027960038690233
1600,2.7005819239861792,0.00013022747751941486,2.7005819239861792,0.0040647337136582445
1601,2.7025822876886703,0.0001309650763560199,2.7025822876886707,0.00410264311822384
1602,2.7045826513911617,0.00013171695905345865,2.704582651391162,0.0041417387435607
1603,2.706583015093653,0.00013248339543529085,2.7065830150936536,0.004182074526430256
1604,2.7085833787961446,0.00013326466316531307,2.7085833787961446,0.004223708152317566
1605,2.7105837424986357,0.00013406104800393946,2.710583742498636,0.004266701391112151
1606,2.712584106201127,0.00013487284407488596,2.7125841062011276,0.0043111204694174015
1607,2.7145844699036186,0.00013570035414262407,2.714584469903619,0.0043570364841567415
1608,2.71658483360611,0.00013654388990110274,2.7165848336061105,0.004404525862823234
1609,2.7185851973086015,0.00013740377227425672,2.7185851973086015,0.004453670876508404
1610,2.720585561011093,0.0001382803317288476,2.7205855610110925,0.004504560212765662
1611,2.7225859247135844,0.00013917390860021831,2.722585924713584,0.004557289616437806
1612,2.7245862884160754,0.00014008485343156588,2.7245862884160754,0.004611962607835059
1613,2.726586652118567,0.00014101352732737418,2.726586652118567,0.004668691289125279
1614,2.7285870158210583,0.00014196030232168063,2.728587015821058,0.004727597251531731
1615,2.73058737952355,0.0001429255617618905,2.7305873795235494,0.004788812597977746
1616,2.732587743226041,0.00014390970070888773,2.732587743226041,0.0048524810982319335
1617,2.7345881069285323,0.00014491312635423647,2.7345881069285323,0.004918759496466757
1618,2.7365884706310237,0.00014593625845530582,2.7365884706310237,0.004987818994537534
1619,2.7385888343335147,0.0001469795297892049,2.7385888343335147,0.005059846938328367
1620,2.740589198036006,0.00014804338662645773,2.740589198036006,0.005135048739331186
1621,2.7425895617384977,0.00014912828922540177,2.7425895617384977,0.005213650069389391
1622,2.744589925440989,0.00015023471234835412,2.744589925440989,0.005295899373451863
1623,2.74659028914348,0.00015136314580064237,2.7465902891434806,0.005382070753497477
1624,2.7485906528459716,0.00015251409499366714,2.7485906528459716,0.005472467286813845
1625,2.750591016548463,0.00015368808153322258,2.750591016548463,0.005567424853930493
1626,2.7525913802509545,0.00015488564383438306,2.7525913802509545,0.00566731656619119
1627,2.754591743953446,0.00015610733776433126,2.754591743953446,0.005772557900792153
1628,2.7565921076559374,0.00015735373731459176,2.7565921076559374,0.0058836126728467174
1629,2.758592471358429,0.00015862543530421324,2.7585924713584284,0.006001000000574792
1630,2.76059283506092,0.000159923044115546,2.76059283506092,0.006125302452193421
1631,2.7625931987634114,0.00016124719646434967,2.7625931987634114,0.006257175602915939
1632,2.764593562465903,0.00016259854620607583,2.764593562465903,0.006397359279406529
1633,2.7665939261683943,0.00016397776918028787,2.7665939261683943,0.006546690829257242
1634,2.7685942898708853,0.00016538556409529127,2.7685942898708853,0.0067061208272332536
1635,2.7705946535733768,0.00016682265345518616,2.7705946535733768,0.006876731721442098
1636,2.772595017275868,0.00016828978453168174,2.772595017275868,0.007059760035177797
1637,2.7745953809783597,0.00016978773038317204,2.7745953809783597,0.0072566228786604126
1638,2.7765957446808507,0.00017131729092371685,2.776595744680851,0.007468949694637307
1639,2.778596108383342,0.0001728792940447535,2.778596108383342,0.0076986203687613945
1640,2.7805964720858336,0.0001744745967925331,2.7805964720858336,0.007947811085756856
1641,2.7825968357883246,0.00017610408660448355,2.782596835788325,0.008219049610467313
1642,2.784597199490816,0.00017776868260789905,2.7845971994908165,0.008515282020478767
1643,2.7865975631933075,0.0001794693369845809,2.786597563193308,0.008839953308120499
1644,2.788597926895799,0.0001812070364053018,2.788597926895799,0.009197104683038084
1645,2.79059829059829,0.00018298280353821515,2.7905982905982905,0.009591490791875107
1646,2.792598654300782,0.0001847976986356131,2.792598654300782,0.01002872032492957
1647,2.7945990180032734,0.00018665282120373068,2.7945990180032734,0.010515423400459663
1648,2.796599381705765,0.00018854931176062287,2.796599381705765,0.011059448334454396
1649,2.798599745408256,0.00019048835368747535,2.798599745408256,0.011670088249240663
1650,2.8006001091107473,0.00019247117517909253,2.8006001091107473,0.01235833327303026
1651,2.8026004728132388,0.00019449905129969645,2.8026004728132388,0.01313713481049108
1652,2.8046008365157302,0.000196573306150616,2.8046008365157302,0.01402165112137199
1653,2.8066012002182212,0.00019869531515689852,2.8066012002182217,0.015029412705217746
1654,2.8086015639207127,0.00020086650748039255,2.8086015639207127,0.01618029322623468
1655,2.810601927623204,0.00020308836856738078,2.810601927623204,0.017496084874790437
1656,2.812602291325695,0.0002053624428394475,2.8126022913256956,0.018999342011514358
1657,2.8146026550281866,0.00020769033653688905,2.814602655028187,0.020710964884998493
1658,2.816603018730678,0.0002100737207246637,2.8166030187306785,0.0226457649245288
1659,2.8186033824331695,0.00021251433447163815,2.8186033824331695,0.024805082624451233
1660,2.8206037461356606,0.0002150139882146794,2.820603746135661,0.027165689258133233
1661,2.822604109838152,0.00021757456732003183,2.8226041098381525,0.02966524202747325
1662,2.8246044735406435,0.00022019803585535846,2.824604473540644,0.032187231391521354
1663,2.826604837243135,0.00022288644058687598,2.8266048372431354,0.034552912057304895
1664,2.828605200945626,0.0002256419152171211,2.8286052009456264,0.03653213883600823
1665,2.8306055646481174,0.0002284666848801207,2.830605564648118,0.037883460542843514
1666,2.8326059283506093,0.00023136307091205571,2.8326059283506093,0.038419700975845565
1667,2.8346062920531003,0.0002343334959169756,2.8346062920531008,0.03807245987634976
1668,2.836606655755592,0.00023738048914868543,2.8366066557555913,0.03691839020609351
1669,2.8386070194580832,0.0002405066922316518,2.838607019458083,0.03514999556067408
1670,2.8406073831605747,0.00024371486524566891,2.8406073831605743,0.033010058449600824
1671,2.8426077468630657,0.000247007893201065,2.8426077468630657,0.030726997066141164
1672,2.844608110565557,0.0002503887929334915,2.844608110565557,0.028476512540646405
1673,2.8466084742680486,0.0002538607204497815,2.846608474268048,0.02637215523281634
1674,2.84860883797054,0.0002574269787590824,2.8486088379705397,0.02447407586001182
1675,2.850609201673031,0.0002610910262263981,2.850609201673031,0.022804201732375327
1676,2.8526095653755226,0.0002648564854889366,2.8526095653755226,0.02136063430578867
1677,2.854609929078014,0.00026872715297920164,2.854609929078014,0.02012853292361457
1678,2.856610292780505,0.0002727070091027037,2.856610292780505,0.019087309787277965
1679,2.8586106564829965,0.0002768002291224529,2.8586106564829965,0.0182149307332947
1680,2.860611020185488,0.0002810111948071389,2.860611020185488,0.017490246407443226
1681,2.8626113838879794,0.00028534450690515434,2.8626113838879794,0.016894099548426668
1682,2.8646117475904704,0.0002898049985123561,2.864611747590471,0.01640972444422182
1683,2.866612111292962,0.0002943977494078611,2.866612111292962,0.01602276570508779
1684,2.8686124749954534,0.0002991281014391925,2.8686124749954534,0.01572111151218035
1685,2.870612838697945,0.00030400167504592436,2.870612838697945,0.01549465196368594
1686,2.8726132024004363,0.0003090243870195895,2.8726132024004363,0.01533502191752298
1687,2.8746135661029277,0.0003142024696072258,2.8746135661029277,0.015235357962976103
1688,2.876613929805419,0.0003195424910765658,2.8766139298054187,0.015190082504873364
1689,2.87861429350791,0.0003250513778727428,2.87861429350791,0.015194719031610997
1690,2.8806146572104017,0.00033073643850955385,2.8806146572104017,0.015245738158397895
1691,2.882615020912893,0.0003366053893530019,2.882615020912893,0.015340432026627712
1692,2.8846153846153846,0.0003426663824712715,2.8846153846153846,0.015476813961789055
1693,2.8866157483178756,0.00034892803574357745,2.8866157483178756,0.01565354030121226
1694,2.888616112020367,0.00035539946544084857,2.888616112020367,0.01586985164294992
1695,2.8906164757228585,0.00036209032151414855,2.8906164757228585,0.01612553124788349
1696,2.89261683942535,0.00036901082585252804,2.89261683942535,0.016420878852652563
1697,2.894617203127841,0.00037617181380091057,2.8946172031278414,0.0167566986779478
1698,2.8966175668303324,0.00038358477926119764,2.8966175668303324,0.0171343009310835
1699,2.898617930532824,0.0003912619237364223,2.898617930532824,0.01755551660565513
1700,2.900618294235315,0.00039921620971922,2.9006182942353154,0.018022725885480945
1701,2.9026186579378064,0.00040746141887261316,2.902618657937807,0.018538900981034365
1702,2.904619021640298,0.00041601221550404994,2.9046190216402983,0.019107664783489114
1703,2.9066193853427893,0.0004248842158936937,2.9066193853427893,0.019733367335771933
1704,2.9086197490452808,0.000434094064106076,2.9086197490452808,0.0204211828144195
1705,2.910620112747772,0.00044365951499180165,2.910620112747772,0.02117723051337562
1706,2.9126204764502637,0.0004535995251743188,2.9126204764502637,0.02200872424140011
1707,2.914620840152755,0.0004639343529177132,2.914620840152755,0.02292415560099918
1708,2.916621203855246,0.0004746856678868236,2.916621203855246,0.023933517803468123
1709,2.918621567557738,0.0004858766719432797,2.9186215675577376,0.025048577950110763
1710,2.920621931260229,0.0004975322322728612,2.920621931260229,0.026283206962148618
1711,2.92262229496272,0.0005096790283144771,2.9226222949627205,0.02765377732910506
1712,2.924622658665212,0.0005223457141623969,2.924622658665212,0.029179639089322907
1713,2.926623022367703,0.0005355630983464029,2.926623022367703,0.030883683058993798
1714,2.928623386070194,0.0005493643431642824,2.9286233860701945,0.032792995656271605
1715,2.930623749772686,0.0005637851860541365,2.930623749772686,0.03493959883131726
1716,2.932624113475177,0.0005788641858585793,2.9326241134751774,0.03736124658911878
1717,2.934624477177668,0.0005946429972581395,2.934624477177669,0.040102207861356355
1718,2.93662484088016,0.0006111666771484274,2.93662484088016,0.04321389002040744
1719,2.938625204582651,0.0006284840273191164,2.9386252045826513,0.04675502602022502
1720,2.9406255682851428,0.0006466479784788973,2.9406255682851428,0.050790928552855844
1721,2.942625931987634,0.0006657160214795346,2.9426259319876342,0.05539096528986214
1722,2.9446262956901252,0.0006857506925497868,2.9446262956901257,0.06062289362950927
1723,2.9466266593926167,0.0007068201204855345,2.9466266593926167,0.06654202642075173
1724,2.948627023095108,0.0007289986450950127,2.948627023095108,0.07317256659115823
1725,2.950627386797599,0.0007523675178133347,2.9506273867975996,0.08047843873001233
1726,2.952627750500091,0.0007770156973364069,2.952627750500091,0.08832288581595531
1727,2.954628114202582,0.000803040755453642,2.954628114202582,0.09642213503413848
1728,2.956628477905073,0.000830549911071416,2.956628477905073,0.10431029196905696
1729,2.958628841607565,0.0008596612138285736,2.9586288416075646,0.11134743261314373
1730,2.960629205310056,0.0008905049028561596,2.960629205310056,0.11680715258764252
1731,2.962629569012548,0.0009232249713081109,2.9626295690125475,0.12005193372807048
1732,2.964629932715039,0.0009579809735213291,2.964629932715039,0.12074068411301546
1733,2.96663029641753,0.0009949501193542915,2.96663029641753,0.1189592098728155
1734,2.968630660120022,0.0010343297097891084,2.9686306601200214,0.11519050252631448
1735,2.970631023822513,0.0010763399797702048,2.970631023822513,0.11014470327244387
1736,2.972631387525004,0.0011212274291535578,2.9726313875250043,0.10455237224140033
1737,2.974631751227496,0.0011692687414253423,2.974631751227496,0.09901761109923021
1738,2.976632114929987,0.0012207754136767846,2.976632114929987,0.0939619513952919
1739,2.9786324786324783,0.0012760992517404516,2.9786324786324783,0.08963617611177804
1740,2.9806328423349697,0.0013356389234902176,2.9806328423349697,0.08616278389925194
1741,2.982633206037461,0.0013998478139246086,2.982633206037461,0.08358208646402515
1742,2.9846335697399526,0.0014692434916873216,2.9846335697399526,0.08188959325949564
1743,2.986633933442444,0.001544419183528439,2.9866339334424437,0.08106212642720464
1744,2.988634297144935,0.0016260577684345109,2.988634297144935,0.08107444733735174
1745,2.990634660847427,0.001714948957438828,2.9906346608474266,0.08190922985735488
1746,2.992635024549918,0.0018120105337627239,2.992635024549918,0.08356288275467935
1747,2.994635388252409,0.0019183148130820218,2.9946353882524095,0.08604903548140959
1748,2.996635751954901,0.002035121877863838,2.9966357519549005,0.08940086696984333
1749,2.998636115657392,0.002163921691252599,2.998636115657392,0.09367297353719786
1750,3.000636479359883,0.0023064879779745467,3.0006364793598834,0.09894311400336457
1751,3.002636843062375,0.002464947884378255,3.002636843062375,0.10531387287745617
1752,3.004637206764866,0.0026418730723511506,3.0046372067648663,0.11291396814942493
1753,3.006637570467358,0.0028404003415951865,3.0066375704673574,0.12189850832292656
1754,3.008637934169849,0.003064393565297649,3.008637934169849,0.1324468628152546
1755,3.01063829787234,0.00331866441958823,3.0106382978723403,0.14475581767425588
1756,3.0126386615748317,0.0036092783711611787,3.0126386615748317,0.15902421957712098
1757,3.0146390252773227,0.0039439869049729005,3.014639025277323,0.17542336426050498
1758,3.016639388979814,0.004332851066372518,3.016639388979814,0.19404539211463068
1759,3.0186397526823057,0.004789162571747198,3.0186397526823057,0.21482142013249264
1760,3.020640116384797,0.005330841475689593,3.020640116384797,0.23740562294876152
1761,3.022640480087288,0.005982622641665242,3.0226404800872886,0.26103710201310004
1762,3.02464084378978,0.006779597634074254,3.02464084378978,0.28442410113540756
1763,3.026641207492271,0.007773187081430612,3.026641207492271,0.3057398507274982
1764,3.028641571194763,0.009041688725758364,3.0286415711947625,0.32284160653441263
1765,3.030641934897254,0.010709932926357583,3.030641934897254,0.3337601303428214
1766,3.032642298599745,0.012988248900165316,3.0326422985997454,0.33732742751483846
1767,3.034642662302237,0.016255349647372092,3.034642662302237,0.3336291702370064
1768,3.036643026004728,0.021248514447114116,3.036643026004728,0.32399907451404236
1769,3.038643389707219,0.02952914726875348,3.0386433897072194,0.3105586872070102
1770,3.040643753409711,0.04459294293199583,3.040643753409711,0.2955881337689465
1771,3.042644117112202,0.07299471372908282,3.0426441171122023,0.2810369447713079
1772,3.044644480814693,0.109573090823827,3.0446444808146937,0.2682994785345722
1773,3.0466448445171848,0.10498752023078532,3.0466448445171848,0.25820129319969815
1774,3.0486452082196758,0.07936662315938312,3.048645208219676,0.25108102169534013
1775,3.0506455719221677,0.07245237284554225,3.0506455719221677,0.24687777623826854
1776,3.0526459356246587,0.08605505044196064,3.052645935624659,0.24518569238816107
1777,3.05464629932715,0.1264468134827412,3.0546462993271506,0.24528399533900014
1778,3.0566466630296416,0.21067123527413525,3.0566466630296416,0.24618612786968552
1779,3.058647026732133,0.301045404434626,3.058647026732133,0.24676589383176356
1780,3.060647390434624,0.24972291074292577,3.0606473904346245,0.2459898484850513
1781,3.062647754137116,0.15983018211700656,3.062647754137116,0.24320377713201125
1782,3.064648117839607,0.11867844939014975,3.0646481178396074,0.2383381723659025
1783,3.066648481542098,0.11627466633151531,3.0666484815420985,0.23190880411986234
1784,3.06864884524459,0.15123199213485844,3.06864884524459,0.22481413346511653
1785,3.070649208947081,0.2353168161455972,3.070649208947081,0.21805683982206073
1786,3.072649572649573,0.3038107850918869,3.0726495726495724,0.21252806307701613
1787,3.074649936352064,0.2258750646954609,3.074649936352064,0.20891116126840065
1788,3.076650300054555,0.13518974983782842,3.076650300054555,0.2076819730108861
1789,3.0786506637570468,0.08980255817889879,3.0786506637570463,0.20915380186364593
1790,3.080651027459538,0.07314785727483175,3.080651027459538,0.21352418477976406
1791,3.082651391162029,0.07717646321568125,3.0826513911620292,0.22089848649755756
1792,3.0846517548645207,0.10112138722576543,3.0846517548645207,0.23127773224681464
1793,3.0866521185670117,0.1125192495786532,3.0866521185670117,0.24450399051883892
1794,3.0886524822695027,0.07831796712169836,3.088652482269503,0.26016187051083034
1795,3.0906528459719946,0.047648845703047074,3.0906528459719946,0.27744776857438785
1796,3.092653209674486,0.03118219428667144,3.092653209674486,0.29504739655084017
1797,3.0946535733769776,0.022237925357669264,3.0946535733769776,0.3111053982671667
1798,3.096653937079469,0.01691541522008093,3.0966539370794686,0.32340009741046394
1799,3.09865430078196,0.013470860717372786,3.09865430078196,0.3297900545831016
1800,3.100654664484452,0.01108989442515171,3.1006546644844515,0.32883512657252384
1801,3.102655028186943,0.009359056484442642,3.102655028186943,0.3202991705224238
1802,3.104655391889434,0.008051055937493817,3.1046553918894344,0.30522663802885647
1803,3.106655755591926,0.0070321504904884155,3.1066557555919254,0.2855415119163663
1804,3.108656119294417,0.006219053259397925,3.108656119294417,0.2634231978580862
1805,3.110656482996908,0.005557397058018417,3.1106564829969083,0.24078542670806735
1806,3.1126568466994,0.005010270733565025,3.1126568466994,0.21902004926524496
1807,3.114657210401891,0.0045517737795928844,3.1146572104018913,0.19897720091792692
1808,3.1166575741043827,0.004163217108218689,3.1166575741043823,0.18107247446923747
1809,3.1186579378068737,0.003830790143517221,3.1186579378068737,0.1654260809712618
1810,3.1206583015093647,0.003544076515215924,3.120658301509365,0.15198348890421073
1811,3.1226586652118566,0.003295079944548687,3.1226586652118566,0.14060214924515319
1812,3.1246590289143477,0.003077567352003443,3.124659028914348,0.13110657675985213
1813,3.1266593926168387,0.0028866151695876602,3.126659392616839,0.12331956020285155
1814,3.1286597563193306,0.002718289326439762,3.1286597563193306,0.1170770096143883
1815,3.130660120021822,0.0025694152929902304,3.130660120021822,0.11223186154811612
1816,3.132660483724313,0.0024374101276748474,3.1326604837243135,0.10865038903111733
1817,3.134660847426805,0.002320158068838973,3.134660847426805,0.10620299958255354
1818,3.136661211129296,0.0022159172855964813,3.136661211129296,0.10475166681318274
1819,3.138661574831788,0.0021232493314070656,3.1386615748317874,0.10413794772764928
1820,3.140661938534279,0.0020409654451117314,3.140661938534279,0.1041787720009349
1821,3.14266230223677,0.001968085604302336,3.1426623022367703,0.10467934142033694
1822,3.144662665939262,0.0019038074562732724,3.144662665939262,0.10546831699930782
1823,3.146663029641753,0.0018474831232655972,3.146663029641753,0.10644644676971625
1824,3.148663393344244,0.0017986025264959077,3.1486633933442443,0.10762306449278614
1825,3.1506637570467357,0.0017567823839681348,3.1506637570467357,0.10911313450925883
1826,3.1526641207492268,0.0017217604749918598,3.152664120749227,0.11108824835380204
1827,3.1546644844517178,0.0016933951848052368,3.1546644844517187,0.11370002636818272
1828,3.1566648481542097,0.001671670801614785,3.1566648481542097,0.11700099822464924
1829,3.1586652118567007,0.001656709603614664,3.158665211856701,0.1208780479678563
1830,3.1606655755591926,0.0016487925403907604,3.1606655755591926,0.12500661582898992
1831,3.1626659392616836,0.0016483914285486119,3.162665939261684,0.12884142736153523
1832,3.1646663029641746,0.0016562172863790572,3.1646663029641755,0.13167265005996573
1833,3.1666666666666665,0.0016732921386940238,3.1666666666666665,0.13277043202411268
1834,3.1686670303691575,0.0017010560588048933,3.168667030369158,0.1315950911011208
1835,3.170667394071649,0.001741528709546229,3.1706673940716494,0.12798395585041533
1836,3.172667757774141,0.0017975577082087462,3.172667757774141,0.12220711469766063
1837,3.174668121476632,0.0018732096761676135,3.1746681214766324,0.11485749479187665
1838,3.176668485179124,0.0019744038108346755,3.1766684851791234,0.1066476426225352
1839,3.178668848881615,0.002109973379448506,3.178668848881615,0.09822505967267064
1840,3.180669212584106,0.002293514715427749,3.1806692125841063,0.09007172903944258
1841,3.1826695762865977,0.002546756373502499,3.1826695762865977,0.08248678623330927
1842,3.1846699399890888,0.002906026910575832,3.184669939989089,0.07561764006650876
1843,3.1866703036915798,0.0034354407909486105,3.18667030369158,0.06950591987692661
1844,3.1886706673940717,0.00425567617839647,3.1886706673940712,0.06412905162694729
1845,3.1906710310965627,0.005611491902389998,3.1906710310965627,0.0594308750531469
1846,3.1926713947990537,0.008039446814197174,3.192671394799054,0.05534149527455798
1847,3.1946717585015456,0.012762175990009582,3.194671758501545,0.051788927950263665
1848,3.1966721222040366,0.021929125849450806,3.1966721222040366,0.048705257567377154
1849,3.1986724859065285,0.03229297736092194,3.198672485906528,0.046029432908876254
1850,3.2006728496090195,0.02713745437606394,3.2006728496090195,0.04370814436434913
1851,3.2026732133115106,0.016193463615030546,3.202673213311511,0.04169568824021853
1852,3.2046735770140025,0.009973643443369245,3.204673577014002,0.039953352833518564
1853,3.2066739407164935,0.006910150004627935,3.2066739407164935,0.0384486263476385
1854,3.208674304418985,0.005331213648551501,3.208674304418985,0.0371543856687332
1855,3.210674668121477,0.0044793202224714555,3.2106746681214764,0.03604814365234197
1856,3.212675031823968,0.004021419933391955,3.212675031823968,0.035111387445373315
1857,3.214675395526459,0.0038030135329953562,3.214675395526459,0.034329016506105765
1858,3.2166757592289508,0.003749994903414237,3.2166757592289503,0.033688877244426874
1859,3.218676122931442,0.0038287512878004463,3.218676122931442,0.033181386183308105
1860,3.2206764866339337,0.004029611857307748,3.2206764866339332,0.03279923212434297
1861,3.2226768503364247,0.004360831580882762,3.2226768503364247,0.03253714822940401
1862,3.2246772140389157,0.004848648915883405,3.2246772140389157,0.0323917462451825
1863,3.2266775777414076,0.0055427267262204505,3.226677577741407,0.03236140679179588
1864,3.2286779414438986,0.0065291135467510485,3.2286779414438986,0.032446221463817745
1865,3.2306783051463897,0.007957054480470103,3.23067830514639,0.03264798435011412
1866,3.2326786688488816,0.010095126554063878,3.2326786688488816,0.03297023244614644
1867,3.2346790325513726,0.013455353624611107,3.2346790325513726,0.03341833633082312
1868,3.2366793962538636,0.019086880044010195,3.236679396253864,0.033999644453612324
1869,3.2386797599563555,0.029307782636865808,3.2386797599563555,0.034723686478776536
1870,3.2406801236588465,0.04938586049588855,3.240680123658847,0.03560244341062885
1871,3.2426804873613384,0.08786756037412477,3.2426804873613384,0.03665069470535889
1872,3.2446808510638294,0.12607146172995315,3.2446808510638294,0.03788645524461329
1873,3.246681214766321,0.09935689180698026,3.246681214766321,0.039331517796372374
1874,3.2486815784688123,0.056755323580838735,3.2486815784688123,0.04101211914104131
1875,3.250681942171304,0.03327230091631834,3.250681942171304,0.04295974980201228
1876,3.252682305873795,0.021544178905855315,3.2526823058737953,0.04521212713269299
1877,3.2546826695762867,0.015301639944404227,3.2546826695762863,0.047814347221632233
1878,3.2566830332787777,0.011736655858550058,3.2566830332787777,0.05082021879551499
1879,3.2586833969812687,0.00960114301615014,3.258683396981269,0.05429375517235416
1880,3.2606837606837606,0.008302396196898185,3.2606837606837606,0.058310746523444604
1881,3.2626841243862517,0.007541470796902304,3.262684124386252,0.06296023435267022
1882,3.2646844880887436,0.007163667151282692,3.264684488088743,0.06834553081102343
1883,3.2666848517912346,0.007093480721962598,3.2666848517912346,0.07458411707665352
1884,3.2686852154937256,0.007306329942321916,3.268685215493726,0.08180524627093164
1885,3.2706855791962175,0.007819019752062676,3.2706855791962175,0.09014328243508268
1886,3.2726859428987085,0.008693165269913927,3.272685942898709,0.09972367147854959
1887,3.2746863066011995,0.010052890894429919,3.2746863066012,0.1106370615916165
1888,3.2766866703036914,0.012126029935653376,3.2766866703036914,0.12289602259665974
1889,3.2786870340061824,0.015333523288155702,3.278687034006183,0.13636961309120146
1890,3.280687397708674,0.020490134660858476,3.2806873977086743,0.15069690585103093
1891,3.2826877614111654,0.029283644309109836,3.282687761411166,0.16519601402048545
1892,3.284688125113657,0.04547178318224219,3.284688125113657,0.1788120292739702
1893,3.2866884888161483,0.0775507191781411,3.2866884888161483,0.1901745414471044
1894,3.2886888525186397,0.13793841645726124,3.2886888525186397,0.19782890730888447
1895,3.2906892162211308,0.18914271664492371,3.290689216221131,0.20062475810207184
1896,3.2926895799236227,0.14113815238833885,3.2926895799236227,0.19810877335354263
1897,3.2946899436261137,0.07953173056880683,3.2946899436261137,0.19069800544049972
1898,3.2966903073286047,0.04644560141223935,3.296690307328605,0.17952028853259233
1899,3.2986906710310966,0.02978202474843586,3.2986906710310966,0.16602650333442281
1900,3.3006910347335876,0.02076075491335093,3.300691034733588,0.1515976917426236
1901,3.3026913984360786,0.015484759156113866,3.3026913984360795,0.13730564456841504
1902,3.3046917621385705,0.012208403995479152,3.30469176213857,0.12384882922462272
1903,3.3066921258410615,0.010091736011855899,3.3066921258410615,0.11160127638636867
1904,3.3086924895435534,0.008701935070248109,3.308692489543553,0.10070299939129214
1905,3.3106928532460445,0.007805063145575694,3.3106928532460445,0.09114718681085886
1906,3.3126932169485355,0.007273532599338648,3.312693216948536,0.0828466715948629
1907,3.3146935806510274,0.0070434734062520266,3.314693580651027,0.07567812323764296
1908,3.3166939443535184,0.007096268929537144,3.3166939443535184,0.06950859384202844
1909,3.31869430805601,0.00745458039732461,3.31869430805601,0.0642099900972442
1910,3.3206946717585013,0.008191252850559312,3.3206946717585013,0.05966601468856374
1911,3.3226950354609928,0.009456511494288064,3.3226950354609928,0.055774739444407286
1912,3.3246953991634838,0.011540719575842798,3.3246953991634838,0.05244882247038942
1913,3.3266957628659757,0.015018393867431139,3.3266957628659752,0.049614573520719636
1914,3.3286961265684667,0.021095678497125656,3.3286961265684667,0.047210552704364674
1915,3.3306964902709586,0.03247977161954963,3.330696490270958,0.04518607249319277
1916,3.3326968539734496,0.055245270640061434,3.3326968539734496,0.04349978974212572
1917,3.3346972176759406,0.0971223885053349,3.3346972176759406,0.04211847201892892
1918,3.3366975813784325,0.1263364159717688,3.336697581378432,0.041015967941056684
1919,3.3386979450809235,0.08986414266935504,3.3386979450809235,0.040172384112111374
1920,3.3406983087834146,0.05050815583729518,3.340698308783415,0.03957345955321357
1921,3.3426986724859065,0.029797615016244797,3.3426986724859065,0.03921012520829595
1922,3.3446990361883975,0.019278493790654185,3.3446990361883975,0.03907823714095132
1923,3.3466993998908885,0.013501121350880533,3.346699399890889,0.03917847511574633
1924,3.3486997635933804,0.010061936471381384,3.3486997635933804,0.03951640194455377
1925,3.3507001272958714,0.007876276875413145,3.350700127295872,0.040102682199865125
1926,3.3527004909983633,0.006416564330327316,3.3527004909983633,0.04095346047952313
1927,3.3547008547008543,0.005406858402275075,3.3547008547008543,0.04209089762184015
1928,3.356701218403346,0.004694144535929493,3.356701218403346,0.04354385521356738
1929,3.3587015821058372,0.004190284892280197,3.3587015821058372,0.04534869939470346
1930,3.3607019458083287,0.003844343545554321,3.3607019458083287,0.047550155773574784
1931,3.3627023095108197,0.003629191599122506,3.36270230951082,0.05020207391022194
1932,3.3647026732133116,0.003535803089990287,3.364702673213311,0.05336782925966049
1933,3.3667030369158026,0.0035729668943117556,3.3667030369158026,0.057119867668743426
1934,3.3687034006182937,0.0037729788479397477,3.368703400618294,0.061537534513903175
1935,3.3707037643207856,0.004207551701251345,3.3707037643207856,0.06670177521739372
1936,3.3727041280232766,0.005026201244550187,3.372704128023277,0.07268452705937972
1937,3.3747044917257685,0.00655052316208746,3.374704491725768,0.07952976153379657
1938,3.3767048554282595,0.009510652395824309,3.3767048554282595,0.08722266525066086
1939,3.3787052191307505,0.015529110159189756,3.378705219130751,0.09564459761183128
1940,3.3807055828332424,0.026312521933425707,3.3807055828332424,0.10451654591696302
1941,3.3827059465357334,0.03216066827361407,3.382705946535734,0.11334556735152554
1942,3.3847063102382244,0.022115135970393697,3.384706310238225,0.12140684168298327
1943,3.3867066739407163,0.012708275698673208,3.3867066739407163,0.12780776549372325
1944,3.3887070376432074,0.007823571056474013,3.388707037643208,0.13166514091647843
1945,3.390707401345699,0.00531132506207504,3.3907074013456993,0.13236208503430372
1946,3.3927077650481903,0.0039056116729556016,3.3927077650481907,0.12976785315900002
1947,3.3947081287506817,0.0030501519465610024,3.3947081287506817,0.12428810941070947
1948,3.396708492453173,0.0024919396728723974,3.396708492453173,0.11671227797806427
1949,3.3987088561556646,0.0021066202951758027,3.3987088561556646,0.10795593654432907
1950,3.4007092198581557,0.0018282871495340879,3.400709219858156,0.09883632905561486
1951,3.4027095835606476,0.0016196502113567848,3.4027095835606476,0.08995597333279592
1952,3.4047099472631386,0.0014584098490627662,3.4047099472631386,0.08168775136495163
1953,3.4067103109656296,0.0013305913495747612,3.40671031096563,0.07421687933212594
1954,3.4087106746681215,0.001227080685237685,3.4087106746681215,0.06759883555922279
1955,3.4107110383706125,0.0011417266706033897,3.410711038370613,0.06181067893452034
1956,3.4127114020731035,0.0010702526355261255,3.4127114020731044,0.05678843794794092
1957,3.4147117657755954,0.0010096069830284266,3.4147117657755954,0.052451202035094915
1958,3.4167121294780864,0.0009575618974379363,3.416712129478087,0.04871520056896705
1959,3.4187124931805783,0.0009124576457389033,3.4187124931805783,0.045501232559296854
1960,3.4207128568830694,0.0008730351439478447,3.42071285688307,0.04273803736319926
1961,3.4227132205855604,0.0008383236168285082,3.422713220585561,0.040363355496064186
1962,3.4247135842880523,0.0008075635554756215,3.424713584288052,0.03832377069010634
1963,3.4267139479905433,0.0007801528278172999,3.4267139479905433,0.036573975978012416
1964,3.4287143116930348,0.0007556083022330802,3.4287143116930348,0.03507582367277811
1965,3.430714675395526,0.0007335380683021574,3.430714675395526,0.03379734949479704
1966,3.4327150390980177,0.0007136210254397165,3.4327150390980177,0.03271186338969717
1967,3.4347154028005087,0.0006955916777783256,3.4347154028005087,0.03179714541738966
1968,3.4367157665030006,0.0006792286630256825,3.436715766503,0.031034756419920435
1969,3.4387161302054916,0.0006643459964341906,3.4387161302054916,0.030409459004859446
1970,3.4407164939079835,0.0006507863143223171,3.440716493907983,0.029908738223964663
1971,3.4427168576104745,0.000638415607689882,3.4427168576104745,0.029522409441759493
1972,3.4447172213129655,0.0006271190785725547,3.4447172213129655,0.029242301163941845
1973,3.4467175850154574,0.0006167978510941421,3.446717585015457,0.02906200186881447
1974,3.4487179487179485,0.000607366339464754,3.4487179487179485,0.0289766615375232
1975,3.4507183124204395,0.000598750125512092,3.45071831242044,0.02898284029892026
1976,3.4527186761229314,0.0005908842347856043,3.4527186761229314,0.029078398250657646
1977,3.4547190398254224,0.000583711726945456,3.4547190398254224,0.029262422040542746
1978,3.4567194035279143,0.000577182535856422,3.456719403527914,0.029535185191188463
1979,3.4587197672304053,0.000571252509504156,3.4587197672304053,0.02989814045164161
1980,3.4607201309328963,0.0005658826109075456,3.4607201309328968,0.03035394369938306
1981,3.4627204946353882,0.0005610382495873975,3.4627204946353882,0.03090651013787691
1982,3.4647208583378792,0.0005566887195627309,3.4647208583378792,0.031561104783655425
1983,3.4667212220403703,0.0005528067247836335,3.4667212220403707,0.032324470557006775
1984,3.468721585742862,0.0005493679767395603,3.468721585742862,0.033204998721874115
1985,3.4707219494453536,0.0005463508519725987,3.4707219494453536,0.034212947993754204
1986,3.4727223131478446,0.0005437360995758052,3.472722313147845,0.03536072035794502
1987,3.4747226768503365,0.0005415065906156231,3.474722676850336,0.03666320348031236
1988,3.4767230405528275,0.0005396471028961836,3.4767230405528275,0.03813819143257818
1989,3.4787234042553195,0.0005381441356665648,3.478723404255319,0.03980689702521194
1990,3.4807237679578105,0.0005369857498241541,3.4807237679578105,0.041694569797765514
1991,3.4827241316603015,0.0005361614299374501,3.482724131660302,0.04383123262011146
1992,3.4847244953627934,0.000535661965038131,3.484724495362793,0.04625254500450152
1993,3.4867248590652844,0.000535479345644462,3.4867248590652844,0.04900078921977055
1994,3.4887252227677754,0.0005356066748992657,3.488725222767776,0.052125950205278875
1995,3.4907255864702673,0.0005360380920538401,3.4907255864702673,0.05568681198618769
1996,3.4927259501727583,0.000536768706818656,3.4927259501727588,0.059751905006611254
1997,3.4947263138752493,0.000537794543343827,3.49472631387525,0.06439998375113347
1998,3.4967266775777412,0.000539112492796254,3.4967266775777412,0.06971945215570628
1999,3.4987270412802323,0.0005407202736733412,3.4987270412802327,0.07580573232625666
2000,3.500727404982724,0.0005426163991411874,3.500727404982724,0.08275493655010946
2001,3.502727768685215,0.00054480015081297,3.5027277686852156,0.09065134907803264
2002,3.504728132387706,0.0005472715584949304,3.5047281323877066,0.09954532799931698
2003,3.506728496090198,0.0005500313855261575,3.506728496090198,0.10941792978199165
2004,3.5087288597926896,0.0005530811194271715,3.5087288597926896,0.12013035566873728
2005,3.5107292234951806,0.0005564229676535172,3.510729223495181,0.1313628861733679
2006,3.5127295871976725,0.0005600598583262607,3.5127295871976725,0.1425620455936879
2007,3.5147299509001635,0.0005639954458835079,3.5147299509001635,0.15293456633236777
2008,3.5167303146026545,0.0005682341216675231,3.516730314602655,0.16153794405997368
2009,3.5187306783051464,0.0005727810295324467,3.5187306783051464,0.16749181152046674
2010,3.5207310420076374,0.0005776420866298372,3.520731042007638,0.17025701309640817
2011,3.5227314057101293,0.000582824009605006,3.5227314057101293,0.16984609975734707
2012,3.5247317694126203,0.000588334346518256,3.5247317694126203,0.1668352769978859
2013,3.5267321331151114,0.0005941815148940628,3.526732133115112,0.16217067495948323
2014,3.5287324968176033,0.0006003748464000268,3.5287324968176033,0.15689157667317577
2015,3.5307328605200943,0.0006069246387692797,3.5307328605200947,0.15191150259935543
2016,3.5327332242225853,0.0006138422157081103,3.532733224222586,0.14791915121416982
2017,3.534733587925077,0.0006211399956788937,3.534733587925077,0.1453800384220876
2018,3.536733951627568,0.0006288315706221158,3.5367339516275687,0.14458910589287674
2019,3.538734315330059,0.000636931795886257,3.5387343153300597,0.14573334505205188
2020,3.540734679032551,0.0006454568928779858,3.540734679032551,0.14894286490093805
2021,3.542735042735042,0.0006544245662371899,3.542735042735042,0.15432283413268946
2022,3.544735406437534,0.0006638541376933532,3.5447354064375336,0.16196466561341175
2023,3.546735770140025,0.0006737666991866078,3.546735770140025,0.17193524343387115
2024,3.5487361338425165,0.0006841852883578358,3.5487361338425165,0.18424098399047412
2025,3.5507364975450084,0.0006951350901512115,3.550736497545008,0.1987618616257554
2026,3.5527368612474994,0.0007066436690616252,3.552736861247499,0.21515278064124133
2027,3.5547372249499904,0.0007187412375388618,3.5547372249499904,0.23272122243971746
2028,3.5567375886524824,0.0007314609672834511,3.556737588652482,0.2503166117560052
2029,3.5587379523549734,0.0007448393517060193,3.5587379523549734,0.266305949239301
2030,3.5607383160574644,0.000758916629765033,3.560738316057465,0.2787355372371446
2031,3.5627386797599563,0.0007737372838703353,3.562738679759956,0.2857347933190505
2032,3.5647390434624473,0.0007893506277079118,3.5647390434624473,0.286069845562747
2033,3.566739407164939,0.0008058115039286816,3.5667394071649388,0.2795827678188417
2034,3.56873977086743,0.0008231811169565242,3.56873977086743,0.26724643759182903
2035,3.5707401345699212,0.0008415280331297947,3.5707401345699217,0.25079816740272515
2036,3.572740498272413,0.0008609293895794194,3.5727404982724127,0.2321841139766766
2037,3.574740861974904,0.0008814723654854934,3.574740861974904,0.21310223145708324
2038,3.576741225677395,0.0009032559858020235,3.5767412256773956,0.19478199529833468
2039,3.578741589379887,0.0009263933498552582,3.578741589379887,0.17797179339369792
2040,3.580741953082378,0.0009510144078064915,3.5807419530823785,0.16303623191840058
2041,3.5827423167848695,0.0009772694503406855,3.5827423167848695,0.15007998288632074
2042,3.584742680487361,0.001005333536311759,3.584742680487361,0.1390544813180879
2043,3.5867430441898525,0.0010354121672828014,3.5867430441898525,0.129834579652092
2044,3.5887434078923444,0.001067748638897731,3.588743407892344,0.12226762397679927
2045,3.5907437715948354,0.0011026336753239164,3.5907437715948354,0.11620218586820064
2046,3.5927441352973264,0.0011404182137697105,3.5927441352973264,0.11150350296347933
2047,3.5947444989998183,0.0011815305980448208,3.594744498999818,0.10806096246777505
2048,3.5967448627023093,0.0012265000396887347,3.5967448627023093,0.10579119749116608
2049,3.5987452264048003,0.0012759891398308977,3.5987452264048008,0.10463900903701912
2050,3.6007455901072922,0.0013308397523151179,3.6007455901072922,0.1045773981610694
2051,3.6027459538097832,0.0013921388895982187,3.6027459538097832,0.10560738340566592
2052,3.6047463175122743,0.0014613154123158225,3.6047463175122747,0.10775786199506454
2053,3.606746681214766,0.0015402851695389057,3.606746681214766,0.11108543702623919
2054,3.608747044917257,0.001631674496898165,3.6087470449172576,0.11567377503999622
2055,3.610747408619749,0.0017391743501359892,3.610747408619749,0.12163157469484458
2056,3.61274777232224,0.0018681197995175335,3.61274777232224,0.12908750173845818
2057,3.614748136024731,0.002026473616255336,3.6147481360247316,0.13817935970956838
2058,3.616748499727223,0.002226566981405269,3.616748499727223,0.14903326243290424
2059,3.618748863429714,0.0024883317127344833,3.6187488634297145,0.16172684603985177
2060,3.6207492271322055,0.0028456436394614037,3.620749227132206,0.17622947698322464
2061,3.622749590834697,0.003359587287118186,3.622749590834697,0.19231427253957897
2062,3.6247499545371884,0.00414822535516224,3.6247499545371884,0.209445981727174
2063,3.6267503182396794,0.005458290622919987,3.62675031823968,0.22667097515705129
2064,3.6287506819421713,0.007844005343672317,3.6287506819421713,0.24257117441781573
2065,3.6307510456446623,0.012531008172627651,3.6307510456446628,0.2553738073691843
2066,3.6327514093471542,0.020786359109494005,3.632751409347154,0.26328563640614144
2067,3.6347517730496453,0.025239714723755895,3.6347517730496453,0.26499983871008154
2068,3.6367521367521363,0.017816445395411003,3.6367521367521367,0.26015410520506627
2069,3.638752500454628,0.010946327776600514,3.638752500454628,0.24946819227585187
2070,3.640752864157119,0.0074663099598858895,3.6407528641571196,0.23446985117260064
2071,3.64275322785961,0.005766238641603985,3.6427532278596106,0.2169864194520043
2072,3.644753591562102,0.004904832904920853,3.644753591562102,0.19868113386134745
2073,3.646753955264593,0.004470739613304777,3.6467539552645936,0.18079964849968364
2074,3.648754318967084,0.004279412292352149,3.648754318967085,0.1641253482218152
2075,3.650754682669576,0.004243285781319116,3.6507546826695765,0.1490569262326353
2076,3.652755046372067,0.0043198791490360175,3.6527550463720675,0.13572376860996568
2077,3.654755410074559,0.004490179087720583,3.654755410074559,0.12409069708554198
2078,3.65675577377705,0.004749423239192562,3.65675577377705,0.11403531622263546
2079,3.6587561374795414,0.0051036028480279045,3.6587561374795414,0.10539833038986593
2080,3.660756501182033,0.005569251443312349,3.660756501182033,0.09801320629708493
2081,3.6627568648845243,0.006175984083100494,3.662756864884524,0.09172199771513798
2082,3.6647572285870154,0.0069725454235962095,3.6647572285870154,0.08638266979760678
2083,3.6667575922895073,0.008038779326604415,3.666757592289507,0.08187155965017194
2084,3.6687579559919983,0.009509158295463437,3.6687579559919983,0.07808325564464388
2085,3.6707583196944893,0.011621020547777304,3.6707583196944897,0.07492924692701491
2086,3.672758683396981,0.0148198193483302,3.6727586833969808,0.07233610400188617
2087,3.674759047099472,0.02000559130842641,3.674759047099472,0.0702435959668703
2088,3.676759410801964,0.029144533983359342,3.6767594108019637,0.0686029448223432
2089,3.678759774504455,0.0467158171325823,3.678759774504455,0.0673753034233526
2090,3.680760138206946,0.0807671103639315,3.6807601382069466,0.06653048342345796
2091,3.682760501909438,0.12072029310298532,3.6827605019094376,0.0660459300108489
2092,3.684760865611929,0.10369516085318028,3.684760865611929,0.06590592777555408
2093,3.68676122931442,0.06276494203364678,3.6867612293144205,0.06610101884735577
2094,3.688761593016912,0.039497590405022,3.688761593016912,0.06662761610927138
2095,3.690761956719403,0.028475685845859897,3.6907619567194034,0.0674877984265811
2096,3.6927623204218945,0.023362443334665015,3.6927623204218945,0.06868928019569165
2097,3.694762684124386,0.021338706861693313,3.694762684124386,0.0702455535255214
2098,3.6967630478268774,0.021278980086691344,3.6967630478268774,0.07217620779598415
2099,3.698763411529369,0.022851000606226544,3.698763411529369,0.07450743816431249
2100,3.7007637752318603,0.026233569946952192,3.7007637752318603,0.07727276186026454
2101,3.7027641389343513,0.032173108774147315,3.7027641389343513,0.08051396886412417
2102,3.704764502636843,0.04241197776476248,3.7047645026368428,0.08428234172181734
2103,3.706764866339334,0.060887107051095804,3.706764866339334,0.08864018748042105
2104,3.7087652300418252,0.09666022002963356,3.7087652300418257,0.09366273217052451
2105,3.710765593744317,0.16672678525338144,3.710765593744317,0.09944043311469107
2106,3.712765957446808,0.2551304045332904,3.712765957446808,0.1060817630934358
2107,3.714766321149299,0.22838676034462893,3.7147663211492996,0.11371650653477874
2108,3.716766684851791,0.14092018846141652,3.716766684851791,0.1224995696760471
2109,3.718767048554282,0.09089684213282812,3.7187670485542825,0.13261522344208854
2110,3.720767412256774,0.06956384073691751,3.720767412256774,0.14428153410546013
2111,3.722767775959265,0.06403270610112233,3.722767775959265,0.15775443315597146
2112,3.724768139661756,0.0705618002270654,3.7247681396617565,0.17333033789728508
2113,3.726768503364248,0.09265644038795673,3.726768503364248,0.19134531029887228
2114,3.728768867066739,0.1426603751667928,3.7287688670667394,0.2121672270263894
2115,3.7307692307692304,0.2276586991939681,3.730769230769231,0.23617509213465795
2116,3.732769594471722,0.25165780152541195,3.732769594471722,0.26371632793013766
2117,3.7347699581742133,0.17213444392358881,3.7347699581742133,0.29502901099430406
2118,3.7367703218767043,0.11392089957880769,3.7367703218767048,0.33011338388856803
2119,3.7387706855791962,0.09027797616207733,3.7387706855791962,0.3685403963780074
2120,3.7407710492816872,0.08763765079435609,3.7407710492816877,0.4092039894710477
2121,3.742771412984179,0.10236038835797302,3.7427714129841787,0.4500707367566995
2122,3.74477177668667,0.1411999333404991,3.74477177668667,0.4880577907872366
2123,3.746772140389161,0.22589211395911593,3.7467721403891616,0.5192405901245242
2124,3.748772504091653,0.3878796749813946,3.748772504091653,0.5395549629379078
2125,3.750772867794144,0.5145180388863735,3.7507728677941445,0.5459110538162483
2126,3.752773231496635,0.3771648311253128,3.7527732314966356,0.5372588732613576
2127,3.754773595199127,0.2156590837004661,3.754773595199127,0.5149902816847313
2128,3.756773958901618,0.13003331000066115,3.7567739589016185,0.4824135643363853
2129,3.75877432260411,0.08717049666539398,3.75877432260411,0.44363991031182204
2130,3.760774686306601,0.06444534407750423,3.7607746863066014,0.4025058395437134
2131,3.762775050009092,0.05192876373148936,3.7627750500090924,0.3619443334177413
2132,3.764775413711584,0.045296395175379096,3.764775413711584,0.3238388024546636
2133,3.766775777414075,0.04269129455062355,3.766775777414075,0.28917678524202634
2134,3.7687761411165663,0.043562595443069646,3.768776141116567,0.2583071902253952
2135,3.770776504819058,0.048387198397796205,3.770776504819058,0.23118218139710528
2136,3.7727768685215493,0.05903452156220248,3.7727768685215493,0.20753922388681798
2137,3.7747772322240403,0.08014630231291166,3.7747772322240403,0.18702106415568134
2138,3.776777595926532,0.12246576633192433,3.776777595926532,0.16924724338929237
2139,3.778777959629023,0.20318440275485622,3.778777959629023,0.15385271443496024
2140,3.780778323331515,0.2855353772648662,3.780778323331515,0.14050605491200577
2141,3.782778687034006,0.2580717425113382,3.7827786870340057,0.1289158987628195
2142,3.784779050736497,0.2339272194304992,3.7847790507364976,0.11883104235305997
2143,3.786779414438989,0.281063735361874,3.7867794144389886,0.11003747499474534
2144,3.78877977814148,0.2813679100557267,3.7887797781414805,0.10235417278569892
2145,3.790780141843971,0.180752723249316,3.7907801418439715,0.09562864056640827
2146,3.792780505546463,0.10626063421038616,3.792780505546463,0.08973269081841256
2147,3.794780869248954,0.06761405798611149,3.794780869248954,0.08455867105580567
2148,3.796781232951445,0.04693769670077223,3.796781232951446,0.08001620283787882
2149,3.798781596653937,0.03491192178296657,3.798781596653937,0.07602942083118625
2150,3.800781960356428,0.027389267965462816,3.800781960356429,0.07253466663516395
2151,3.80278232405892,0.022424062884866924,3.8027823240589194,0.06947858038526923
2152,3.804782687761411,0.019032808105308618,3.8047826877614113,0.06681653270145586
2153,3.8067830514639023,0.016687735097363834,3.8067830514639023,0.06451134439684723
2154,3.8087834151663937,0.015097976157154917,3.808783415166394,0.06253224829619257
2155,3.810783778868885,0.014110891709705661,3.810783778868885,0.060854054890067066
2156,3.812784142571376,0.013670016651472348,3.8127841425713767,0.05945649058814169
2157,3.814784506273868,0.013806957861338806,3.8147845062738677,0.05832368372396361
2158,3.816784869976359,0.014665680882921086,3.8167848699763596,0.05744377914278875
2159,3.81878523367885,0.016579007156702654,3.8187852336788506,0.056808667236374816
2160,3.820785597381342,0.020260177350164544,3.8207855973813425,0.05641381779461867
2161,3.822785961083833,0.027283433271975605,3.822785961083833,0.056258213165905804
2162,3.824786324786325,0.041269299891678886,3.824786324786325,0.056344379100628394
2163,3.826786688488816,0.0696393519996016,3.826786688488816,0.05667851543079737
2164,3.828787052191307,0.11206376139966615,3.828787052191308,0.05727073252702833
2165,3.830787415893799,0.11149621413347621,3.830787415893799,0.05813540334791001
2166,3.83278777959629,0.0684495697018298,3.8327877795962895,0.05929164486102648
2167,3.834788143298781,0.039604894681916455,3.8347881432987814,0.06076394654616438
2168,3.836788507001273,0.025044638750720535,3.8367885070012724,0.06258296723140591
2169,3.838788870703764,0.01735785173105529,3.8387888707037643,0.06478652388044297
2170,3.840789234406255,0.01292772749444496,3.840789234406255,0.06742079560878997
2171,3.8427895981087468,0.01016572562767301,3.8427895981087468,0.07054176029550419
2172,3.8447899618112378,0.008331395544088637,3.8447899618112378,0.07421686451246368
2173,3.8467903255137297,0.00705159923621167,3.8467903255137297,0.07852689102722354
2174,3.848790689216221,0.006124620751055054,3.8487906892162207,0.08356791620504775
2175,3.850791052918712,0.0054349968754358845,3.8507910529187126,0.08945311599468918
2176,3.852791416621204,0.004913823158880533,3.852791416621203,0.09631394127752652
2177,3.854791780323695,0.0045191484888916925,3.854791780323695,0.1042997757461603
2178,3.856792144026186,0.004225966213535956,3.856792144026186,0.11357452035724575
2179,3.858792507728678,0.00402126780625647,3.858792507728678,0.12430751186565117
2180,3.860792871431169,0.003902270332595141,3.8607928714311686,0.1366547189570751
2181,3.86279323513366,0.003877397726591546,3.8627932351336605,0.1507244299224457
2182,3.864793598836152,0.003970943204188611,3.8647935988361515,0.16652043887372758
2183,3.866793962538643,0.004234618538646707,3.8667939625386434,0.18385718667593795
2184,3.868794326241135,0.004774616840200142,3.8687943262411344,0.20224965303022627
2185,3.870794689943626,0.005817364926192538,3.8707946899436263,0.22080166770811882
2186,3.872795053646117,0.007874340351799434,3.872795053646117,0.2381510600484514
2187,3.8747954173486088,0.01209394011415785,3.8747954173486088,0.25256216311722385
2188,3.8767957810511,0.019905682764904405,3.8767957810511,0.26224004675613655
2189,3.878796144753591,0.025172701885667798,3.8787961447535917,0.26582911129332104
2190,3.8807965084560827,0.0181644821701722,3.8807965084560823,0.2628877812653649
2191,3.8827968721585737,0.010767701481446465,3.882796872158574,0.2540627566392158
2192,3.884797235861065,0.0068582183267004515,3.884797235861065,0.24084821172326018
2193,3.886797599563557,0.004844243061150349,3.886797599563557,0.22508711043847607
2194,3.888797963266048,0.0037135730498878156,3.888797963266048,0.20849475034856363
2195,3.89079832696854,0.003019811405060843,3.89079832696854,0.19238518885390044
2196,3.892798690671031,0.002561034354675594,3.8927986906710306,0.17761173117626777
2197,3.894799054373522,0.0022386044260353996,3.8947990543735225,0.16463837767232498
2198,3.896799418076014,0.002000519511911488,3.8967994180760135,0.15365544075740484
2199,3.898799781778505,0.0018174774596947387,3.8987997817785054,0.14468754336845843
2200,3.900800145480996,0.0016720071999756204,3.900800145480996,0.1376750317491553
2201,3.902800509183488,0.001553180315974912,3.902800509183488,0.1325281932196209
2202,3.904800872885979,0.0014538752059822069,3.904800872885979,0.1291603999246398
2203,3.90680123658847,0.0013692842485410386,3.906801236588471,0.12750699573144597
2204,3.908801600290962,0.0012960606496286024,3.908801600290962,0.12753523232966246
2205,3.910801963993453,0.0012318108198672035,3.9108019639934537,0.1292486449720162
2206,3.9128023276959447,0.0011747814880086775,3.9128023276959443,0.132687517466333
2207,3.9148026913984357,0.0011236607456875532,3.914802691398436,0.13792553665290053
2208,3.9168030551009267,0.0010774479908339436,3.916803055100927,0.14506119229393943
2209,3.9188034188034186,0.0010353667826955811,3.918803418803419,0.15420073507530585
2210,3.9208037825059097,0.0009968051377251396,3.9208037825059097,0.16542751328082184
2211,3.922804146208401,0.0009612737950965244,3.9228041462084016,0.1787506917723752
2212,3.9248045099108926,0.0009283765054232595,3.9248045099108926,0.1940262342416974
2213,3.926804873613384,0.0008977885229247157,3.9268048736133845,0.21084808978334896
2214,3.928805237315875,0.0008692407957567952,3.9288052373158755,0.2284234593787276
2215,3.930805601018367,0.0008425081797689803,3.9308056010183674,0.24547746850693858
2216,3.932805964720858,0.0008174005364129941,3.932805964720858,0.26027210866406175
2217,3.93480632842335,0.0007937559272038477,3.93480632842335,0.27083633778596045
2218,3.936806692125841,0.0007714353520831653,3.936806692125841,0.2754309574034245
2219,3.938807055828332,0.0007503186385002768,3.938807055828333,0.2731018318695513
2220,3.940807419530824,0.0007303011978602959,3.9408074195308234,0.26403075365392437
2221,3.942807783233315,0.0007112914426760822,3.9428077832333153,0.24946021790614323
2222,3.944808146935806,0.0006932087119928297,3.9448081469358063,0.23124192105053967
2223,3.9468085106382977,0.0006759815914653593,3.946808510638298,0.21128413147364228
2224,3.9488088743407888,0.0006595465425554999,3.948808874340789,0.1911567114893017
2225,3.9508092380432798,0.0006438467758584529,3.9508092380432798,0.17193811770999393
2226,3.9528096017457717,0.000628831318739396,3.9528096017457717,0.15424440729163244
2227,3.9548099654482627,0.0006144542387728516,3.9548099654482627,0.1383407195470946
2228,3.9568103291507546,0.0006006739929852947,3.9568103291507546,0.12426274158745297
2229,3.9588106928532456,0.0005874528793546137,3.9588106928532456,0.1119148219976902
2230,3.960811056555737,0.0005747565719530611,3.960811056555737,0.10113765837972183
2231,3.9628114202582285,0.0005625537249206939,3.962811420258228,0.09175016821222269
2232,3.96481178396072,0.000550815633404318,3.96481178396072,0.08357301542569907
2233,3.966812147663211,0.0005395159418999517,3.966812147663211,0.07644039511210204
2234,3.968812511365703,0.0005286303922476685,3.968812511365703,0.07020485390579888
2235,3.970812875068194,0.0005181366049601342,3.9708128750681935,0.06473825872837229
2236,3.972813238770685,0.0005080138887063263,3.9728132387706854,0.05993080834808794
2237,3.974813602473177,0.0004982430736846608,3.9748136024731764,0.0556891808818154
2238,3.976813966175668,0.0004888063653541279,3.9768139661756683,0.0519344160055714
2239,3.9788143298781598,0.00047968721558627243,3.9788143298781593,0.04859983915858424
2240,3.9808146935806508,0.0004708702087841566,3.9808146935806508,0.04562916961901425
2241,3.982815057283142,0.00046234096090901,3.982815057283142,0.042974864147670905
2242,3.9848154209856337,0.0004540860296795298,3.9848154209856337,0.040596701226255846
2243,3.9868157846881247,0.0004460928344758356,3.9868157846881247,0.03846058871248748
2244,3.9888161483906157,0.0004383495847013522,3.9888161483906166,0.03653756885792298
2245,3.9908165120931076,0.00043084521553993314,3.990816512093107,0.034802992715175764
2246,3.9928168757955986,0.0004235693301990344,3.992816875795599,0.03323583743407728
2247,3.99481723949809,0.0004165121478584595,3.99481723949809,0.03181814286759614
2248,3.9968176032005815,0.0004096644566525342,3.996817603200582,0.03053454725594702
2249,3.998817966903073,0.0004030175711048858,3.998817966903073,0.029371905025170172
2250,4.000818330605565,0.000396563293512421,4.000818330605565,0.028318972700067602
2251,4.002818694308056,0.00039029387884099303,4.002818694308056,0.027366151516398575
2252,4.004819058010547,0.0003842020027512144,4.004819058010548,0.02650527752469566
2253,4.006819421713039,0.0003782807324210077,4.006819421713038,0.025729451844337465
2254,4.00881978541553,0.00037252349987257317,4.00881978541553,0.025032905300798117
2255,4.010820149118021,0.00036692407754689444,4.010820149118021,0.024410893012248438
2256,4.012820512820513,0.000361476555899534,4.012820512820513,0.02385961562988938
2257,4.014820876523004,0.00035617532281786724,4.014820876523004,0.023376164916975167
2258,4.016821240225495,0.00035101504468285696,4.016821240225496,0.02295849219889843
2259,4.018821603927987,0.0003459906489184933,4.018821603927987,0.022605398936801344
2260,4.020821967630478,0.00034109730788937085,4.020821967630479,0.02231654924624673
2261,4.02282233133297,0.00033633042402209784,4.02282233133297,0.02209250452863747
2262,4.024822695035461,0.0003316856160396254,4.0248226950354615,0.02193478035263546
2263,4.026823058737952,0.00032715870620919304,4.026823058737952,0.021845925023106734
2264,4.028823422440444,0.00032274570851498674,4.028823422440444,0.021829617377412333
2265,4.030823786142935,0.0003184428176756347,4.030823786142935,0.021890777330417912
2266,4.032824149845426,0.0003142463989346932,4.0328241498454265,0.022035674986281343
2267,4.0348245135479175,0.0003101529785594399,4.0348245135479175,0.022272010184523766
2268,4.0368248772504085,0.00030615923498954895,4.036824877250409,0.022608910151643343
2269,4.0388252409529,0.0003022619905828376,4.0388252409529,0.023056752734934297
2270,4.040825604655391,0.0002984582039103221,4.040825604655392,0.02362665946747887
2271,4.042825968357882,0.0002947449625571928,4.042825968357883,0.024329411172175627
2272,4.044826332060374,0.0002911194763903883,4.044826332060375,0.025173424972359075
2273,4.046826695762865,0.0002875790712569606,4.046826695762865,0.026161335745702174
2274,4.048827059465356,0.0002841211830806246,4.048827059465357,0.027284765420536254
2275,4.050827423167848,0.00028074335232679807,4.050827423167848,0.028517290437788174
2276,4.052827786870339,0.0002774432188089805,4.05282778687034,0.0298068031191841
2277,4.054828150572831,0.0002742185168116547,4.054828150572831,0.031070616462930408
2278,4.056828514275323,0.0002710670705070241,4.056828514275323,0.03219902970804769
2279,4.058828877977814,0.0002679867896447676,4.058828877977814,0.03307301061611409
2280,4.060829241680306,0.0002649756654957083,4.060829241680306,0.033595651757600924
2281,4.062829605382797,0.00026203176703189034,4.062829605382797,0.033725831029587136
2282,4.064829969085288,0.0002591532373269065,4.064829969085289,0.03349542255730071
2283,4.06683033278778,0.0002563382901616655,4.066830332787779,0.03299894244744759
2284,4.068830696490271,0.0002535852068219126,4.06883069649027,0.03236254528138876
2285,4.070831060192762,0.0002508923330748828,4.070831060192762,0.03171068018490347
2286,4.072831423895254,0.0002482580763134646,4.072831423895253,0.031144716557399026
2287,4.074831787597745,0.00024568090285710605,4.074831787597745,0.030736486089207433
2288,4.076832151300236,0.00024315933539950188,4.076832151300236,0.030531964077282633
2289,4.078832515002728,0.00024069195059387376,4.078832515002728,0.03055901980585185
2290,4.080832878705219,0.0002382773767672963,4.080832878705219,0.030835246245836813
2291,4.082833242407711,0.0002359142917561506,4.082833242407711,0.0313742240249247
2292,4.084833606110202,0.00023360142085538467,4.084833606110201,0.03219000716219741
2293,4.086833969812693,0.0002313375348747355,4.086833969812693,0.03330019863238802
2294,4.088834333515185,0.00022912144829559747,4.088834333515184,0.03472808503011025
2295,4.090834697217676,0.00022695201752263516,4.090834697217676,0.03650420560370649
2296,4.092835060920167,0.00022482813922464857,4.092835060920167,0.038667581501975426
2297,4.094835424622659,0.00022274874875959766,4.094835424622659,0.04126666886650702
2298,4.09683578832515,0.0002207128186790195,4.09683578832515,0.04435991584588192
2299,4.098836152027641,0.0002187193573073929,4.0988361520276415,0.04801556342105183
2300,4.1008365157301325,0.00021676740739232488,4.1008365157301325,0.05230998127687842
2301,4.1028368794326235,0.00021485604482168708,4.102836879432624,0.0573233136234082
2302,4.104837243135115,0.00021298437740408603,4.1048372431351146,0.06313048698509616
2303,4.1068376068376065,0.00021115154370931374,4.1068376068376065,0.06978476463278407
2304,4.1088379705400975,0.0002093567119656046,4.1088379705400975,0.07729037267910743
2305,4.110838334242589,0.00020759907901076932,4.110838334242589,0.08556125900050238
2306,4.11283869794508,0.00020587786929444207,4.11283869794508,0.09436679550719018
2307,4.114839061647571,0.00020419233392885385,4.114839061647572,0.103275016606868
2308,4.116839425350063,0.00020254174978573113,4.116839425350063,0.11162088754349062
2309,4.118839789052554,0.0002009254186370513,4.118839789052555,0.11854397866189575
2310,4.120840152755045,0.00019934266633753433,4.120840152755046,0.12313517928779705
2311,4.122840516457537,0.00019779284204689875,4.122840516457538,0.12468069666784194
2312,4.124840880160028,0.00019627531749002086,4.124840880160028,0.12290619775786008
2313,4.12684124386252,0.00019478948625325336,4.12684124386252,0.11808143573548573
2314,4.128841607565011,0.0001933347631152899,4.128841607565011,0.11091677093743749
2315,4.130841971267503,0.00019191058341103617,4.130841971267503,0.10231942957355217
2316,4.132842334969994,0.0001905164024270758,4.132842334969994,0.09314909536993668
2317,4.134842698672486,0.00018915169482739138,4.134842698672486,0.0840704599065451
2318,4.136843062374977,0.00018781595410809071,4.136843062374977,0.07551494438011887
2319,4.138843426077469,0.0001865086920799825,4.138843426077469,0.06771211088563064
2320,4.14084378977996,0.00018522943837791017,4.14084378977996,0.060746320607098364
2321,4.142844153482451,0.00018397773999582627,4.142844153482452,0.05461102777362617
2322,4.144844517184943,0.0001827531608466732,4.144844517184942,0.04925003280577041
2323,4.146844880887434,0.00018155528134618855,4.146844880887434,0.044584844312269105
2324,4.148845244589926,0.00018038369801981686,4.148845244589925,0.04053107709560683
2325,4.150845608292417,0.00017923802313198664,4.150845608292417,0.03700736280247765
2326,4.152845971994908,0.00017811788433704363,4.152845971994908,0.033939596114034326
2327,4.1548463356974,0.00017702292435121226,4.1548463356974,0.03126247672441455
2328,4.156846699399891,0.00017595280064499396,4.156846699399891,0.028919592370105062
2329,4.158847063102382,0.0001749071851554658,4.158847063102383,0.026862786866836574
2330,4.160847426804874,0.00017388576401800178,4.160847426804874,0.025051235324064815
2331,4.162847790507365,0.00017288823731697784,4.1628477905073655,0.02345045341595188
2332,4.164848154209856,0.00017191431885506877,4.164848154209856,0.022031353926907624
2333,4.166848517912348,0.00017096373594080306,4.166848517912348,0.02076940009426824
2334,4.168848881614839,0.000170036229194075,4.168848881614839,0.019643871062508905
2335,4.1708492453173305,0.0001691315523693606,4.1708492453173305,0.01863723745166669
2336,4.1728496090198215,0.0001682494721964385,4.1728496090198215,0.01773463713860901
2337,4.1748499727223125,0.00016738976823844377,4.174849972722313,0.016923438507077906
2338,4.176850336424804,0.00016655223276714463,4.176850336424804,0.016192878172527295
2339,4.178850700127295,0.00016573667065536467,4.178850700127296,0.015533761159586235
2340,4.180851063829786,0.00016494289928651828,4.180851063829787,0.014938212963664297
2341,4.182851427532278,0.00016417074848128148,4.182851427532278,0.014399474480501547
2342,4.184851791234769,0.00016342006044145526,4.184851791234769,0.013911732253433791
2343,4.18685215493726,0.0001626906897111289,4.18685215493726,0.013469977790114575
2344,4.188852518639752,0.00016198250315530303,4.188852518639752,0.013069890817034746
2345,4.190852882342243,0.00016129537995617657,4.190852882342243,0.012707742277675831
2346,4.192853246044735,0.00016062921162734957,4.192853246044735,0.012380313656962363
2347,4.194853609747226,0.00015998390204625943,4.194853609747226,0.012084829853345466
2348,4.196853973449717,0.0001593593675052044,4.196853973449718,0.011818903342665377
2349,4.198854337152209,0.00015875553678138427,4.198854337152209,0.011580487805344578
2350,4.2008547008547,0.00015817235122643443,4.200854700854701,0.011367839738169159
2351,4.202855064557192,0.00015760976487599787,4.202855064557192,0.011179486859016208
2352,4.204855428259683,0.00015706774457994915,4.204855428259683,0.011014202349917457
2353,4.206855791962175,0.00015654627015394978,4.206855791962174,0.01087098418127501
2354,4.208856155664666,0.0001560453345530896,4.208856155664666,0.010749038926484423
2355,4.210856519367158,0.0001555649440684543,4.210856519367157,0.010647769618914314
2356,4.212856883069649,0.0001551051185475358,4.212856883069649,0.010566767328218457
2357,4.214857246772141,0.00015466589163949722,4.21485724677214,0.010505806245599771
2358,4.216857610474632,0.00015424731106640223,4.216857610474632,0.01046484217257192
2359,4.218857974177123,0.00015384943892161743,4.218857974177123,0.010444014409310434
2360,4.220858337879615,0.00015347235199671466,4.220858337879615,0.010443651141018083
2361,4.222858701582106,0.00015311614213831543,4.222858701582106,0.010464278528088292
2362,4.224859065284597,0.00015278091663645108,4.224859065284597,0.010506633822716879
2363,4.226859428987089,0.00015246679864615455,4.226859428987088,0.010571682965938672
2364,4.22885979268958,0.0001521739276441492,4.22885979268958,0.010660643270476245
2365,4.230860156392071,0.00015190245992266423,4.230860156392071,0.010775011972804284
2366,4.232860520094563,0.0001516525691225888,4.232860520094563,0.010916601650098137
2367,4.234860883797054,0.00015142444680836726,4.234860883797054,0.011087583753176963
2368,4.2368612474995455,0.00015121830308725064,4.2368612474995455,0.01129054181550408
2369,4.2388616112020365,0.00015103436727575243,4.2388616112020365,0.011528536272346825
2370,4.2408619749045275,0.000150872888616404,4.240861974904528,0.011805183275652775
2371,4.2428623386070194,0.00015073413704818516,4.2428623386070194,0.012124750430720255
2372,4.2448627023095105,0.00015061840403430272,4.2448627023095105,0.012492273018511984
2373,4.2468630660120015,0.0001505260034513204,4.2468630660120015,0.012913695001497787
2374,4.248863429714493,0.00015045727254400776,4.248863429714493,0.013396039920690573
2375,4.250863793416984,0.0001504125729506707,4.250863793416984,0.013947617617785223
2376,4.252864157119475,0.00015039229180416433,4.252864157119476,0.014578273427043237
2377,4.254864520821967,0.0001503968429142713,4.254864520821967,0.01529968681183486
2378,4.256864884524458,0.00015042666803765856,4.256864884524459,0.016125725868205
2379,4.25886524822695,0.00015048223824221316,4.25886524822695,0.017072861762684462
2380,4.260865611929441,0.0001505640553732043,4.260865611929442,0.018160641372697364
2381,4.262865975631932,0.00015067265362943803,4.262865975631933,0.01941220428936604
2382,4.264866339334424,0.0001508086012583648,4.264866339334424,0.02085480702968958
2383,4.266866703036915,0.00015097250237998392,4.266866703036915,0.022520274651831308
2384,4.268867066739406,0.00015116499895036982,4.268867066739407,0.024445224959922286
2385,4.270867430441898,0.00015138677287673626,4.270867430441898,0.02667078354784723
2386,4.272867794144389,0.00015163854829717248,4.27286779414439,0.029241302752126476
2387,4.274868157846881,0.0001519210940395445,4.274868157846881,0.03220128697561587
2388,4.276868521549372,0.00015223522627557122,4.276868521549373,0.03558930560667483
2389,4.278868885251864,0.00015258181138778695,4.278868885251864,0.039427221465444466
2390,4.280869248954355,0.00015296176906900945,4.280869248954356,0.04370287215858959
2391,4.282869612656847,0.00015337607567606978,4.282869612656847,0.04834513646269862
2392,4.284869976359338,0.0001538257678619738,4.284869976359338,0.05319339775325413
2393,4.28687034006183,0.00015431194651337524,4.286870340061829,0.05797019304031039
2394,4.288870703764321,0.00015483578102330484,4.288870703764321,0.06227569128545895
2395,4.290871067466812,0.00015539851393256649,4.290871067466812,0.06562891523326159
2396,4.292871431169304,0.0001560014659771296,4.292871431169304,0.06756945660565321
2397,4.294871794871795,0.00015664604158330432,4.294871794871795,0.0677961626720254
2398,4.296872158574286,0.00015733373485754936,4.296872158574287,0.06627647638004815
2399,4.298872522276778,0.00015806613612352638,4.298872522276778,0.0632592225494549
2400,4.300872885979269,0.00015884493906560297,4.300872885979269,0.059182337717649476
2401,4.3028732496817605,0.00015967194854554307,4.3028732496817605,0.054533982733014984
2402,4.304873613384252,0.00016054908916774652,4.304873613384251,0.049738810751944765
2403,4.306873977086743,0.00016147841467834044,4.306873977086743,0.045103504589211724
2404,4.3088743407892345,0.00016246211829483215,4.308874340789234,0.04081401942456698
2405,4.3108747044917255,0.0001635025440762324,4.3108747044917255,0.03696005325674022
2406,4.3128750681942165,0.00016460219945882052,4.3128750681942165,0.03356598535403391
2407,4.314875431896708,0.0001657637691004081,4.314875431896708,0.03061744798711474
2408,4.316875795599199,0.00016699013019655753,4.316875795599199,0.028080359828474663
2409,4.31887615930169,0.0001682843694562113,4.318876159301691,0.02591305592648378
2410,4.320876523004182,0.0001696498019522402,4.320876523004182,0.02407332339453235
2411,4.322876886706673,0.00017108999209534107,4.322876886706674,0.022522099617607927
2412,4.324877250409165,0.00017260877701841232,4.324877250409164,0.021225158536983313
2413,4.326877614111656,0.0001742102927041719,4.326877614111656,0.02015367058872992
2414,4.328877977814147,0.0001758990032428307,4.328877977814147,0.01928418533844338
2415,4.330878341516639,0.00017767973367073796,4.330878341516639,0.01859835871026939
2416,4.33287870521913,0.00017955770691733186,4.33287870521913,0.018082603290520624
2417,4.334879068921621,0.00018153858547905466,4.334879068921622,0.017727752285260995
2418,4.336879432624113,0.00018362851854844217,4.336879432624113,0.01752877272475039
2419,4.338879796326604,0.00018583419545856696,4.338879796326605,0.017484524684418093
2420,4.340880160029096,0.00018816290646255318,4.340880160029096,0.017597527641662843
2421,4.342880523731587,0.00019062261206152374,4.342880523731588,0.017873651017898007
2422,4.344880887434078,0.0001932220223304932,4.344880887434078,0.018321581499954956
2423,4.34688125113657,0.00019597068798079433,4.34688125113657,0.018951822453122418
2424,4.348881614839061,0.0001988791052533213,4.348881614839061,0.019774841929322173
2425,4.350881978541552,0.00020195883717649994,4.350881978541553,0.020797814962793357
2426,4.352882342244044,0.00020522265426900187,4.352882342244044,0.022019266035157206
2427,4.354882705946536,0.00020868469844924052,4.354882705946536,0.023420991648261585
2428,4.356883069649027,0.00021236067477000656,4.356883069649027,0.024957314384327724
2429,4.358883433351519,0.00021626807667791048,4.358883433351519,0.02654354894504199
2430,4.36088379705401,0.0002204264518710255,4.36088379705401,0.028048836279348194
2431,4.362884160756502,0.0002248577175841954,4.362884160756502,0.029302010313079867
2432,4.364884524458993,0.00022958653639106966,4.364884524458992,0.030118833689362145
2433,4.366884888161484,0.0002346407665398677,4.366884888161484,0.030349572641378546
2434,4.368885251863976,0.00024005200466107265,4.368885251863975,0.02992894736191095
2435,4.370885615566467,0.00024585624371103884,4.370885615566467,0.028900448168060165
2436,4.372885979268958,0.00025209467567890266,4.372885979268958,0.02739916042593622
2437,4.3748863429714495,0.0002588146774945916,4.3748863429714495,0.025604403138238405
2438,4.3768867066739405,0.0002660710305992147,4.3768867066739405,0.02368980977103409
2439,4.3788870703764315,0.0002739274410192025,4.378887070376432,0.021791769486453817
2440,4.3808874340789234,0.000282458449328952,4.3808874340789234,0.020000061820157063
2441,4.3828877977814145,0.0002917518512503913,4.382887797781415,0.01836328362232837
2442,4.384888161483906,0.00030191179377899927,4.3848881614839055,0.016900006151387537
2443,4.386888525186397,0.0003130627746208317,4.386888525186397,0.015609797289736216
2444,4.388888888888888,0.0003253548635342975,4.388888888888888,0.014481724948803771
2445,4.39088925259138,0.00033897059715530563,4.39088925259138,0.013500053788599121
2446,4.392889616293871,0.00035413419663280355,4.392889616293871,0.012647687246541377
2447,4.394889979996362,0.00037112405634520673,4.394889979996363,0.01190805442592616
2448,4.396890343698854,0.0003902899120436754,4.396890343698854,0.011266021469166823
2449,4.398890707401345,0.00041207681872020187,4.398890707401346,0.010708234057856382
2450,4.400891071103836,0.0004370592256563627,4.400891071103837,0.010223151026224547
2451,4.402891434806328,0.0004659903343713308,4.402891434806329,0.00980092515970428
2452,4.404891798508819,0.0004998751196749855,4.404891798508819,0.009433220136614233
2453,4.406892162211311,0.0005400809234526205,4.406892162211311,0.009113011669271018
2454,4.408892525913802,0.0005885094055057905,4.408892525913802,0.008834397016014087
2455,4.410892889616293,0.0006478718947933325,4.410892889616294,0.008592423606959734
2456,4.412893253318785,0.000722145286305581,4.412893253318785,0.008382940286041843
2457,4.414893617021276,0.0008173561225821074,4.414893617021277,0.008202470986584248
2458,4.416893980723767,0.0009429891930106031,4.416893980723768,0.008048108957075849
2459,4.418894344426259,0.0011146483776862017,4.418894344426259,0.007917429024907875
2460,4.42089470812875,0.001359382431639737,4.420894708128751,0.007808415309072343
2461,4.422895071831241,0.0017270720084173546,4.422895071831241,0.007719401979128085
2462,4.424895435533733,0.002316594349680206,4.424895435533733,0.007649024950737285
2463,4.426895799236224,0.0033400253986952196,4.426895799236224,0.007596182726520785
2464,4.428896162938716,0.0052802038455488885,4.428896162938716,0.0075600048954597154
2465,4.430896526641207,0.009125926552927204,4.430896526641207,0.007539827077937139
2466,4.432896890343699,0.0148597374483692,4.432896890343699,0.00753517134208066
2467,4.434897254046191,0.01491425167864769,4.43489725404619,0.007545731321652386
2468,4.436897617748682,0.009249389423142374,4.436897617748682,0.007571361440364349
2469,4.438897981451173,0.005461474490848547,4.438897981451173,0.007612069797222704
2470,4.4408983451536646,0.0035876692143869742,4.4408983451536646,0.007668014397525612
2471,4.442898708856156,0.0026386678570894284,4.442898708856155,0.007739502529454156
2472,4.444899072558647,0.002131691247664577,4.444899072558647,0.007826993191484756
2473,4.4468994362611385,0.001856166858085201,4.446899436261138,0.007931102575505512
2474,4.4488997999636295,0.0017157619290634582,4.4488997999636295,0.008052612708757744
2475,4.450900163666121,0.0016641799246163926,4.4509001636661205,0.00819248345872086
2476,4.452900527368612,0.0016792868316290795,4.452900527368612,0.0083518682131442
2477,4.454900891071103,0.0017522866516060875,4.454900891071103,0.008532133667246283
2478,4.456901254773595,0.001883333177655144,4.456901254773595,0.008734884286867448
2479,4.458901618476086,0.002080424521609105,4.458901618476086,0.008961992176052406
2480,4.460901982178577,0.0023606471036114367,4.460901982178578,0.00921563326721858
2481,4.462902345881069,0.002754097866217626,4.462902345881068,0.009498330980102958
2482,4.46490270958356,0.003312184631986077,4.46490270958356,0.009813008772129851
2483,4.466903073286051,0.004124568350016884,4.466903073286051,0.01016305333963741
2484,4.468903436988543,0.005355066925387443,4.468903436988543,0.010552390640654526
2485,4.470903800691034,0.007322673783717676,4.470903800691034,0.01098557741179188
2486,4.472904164393526,0.010697200433647604,4.472904164393526,0.011467911462172048
2487,4.474904528096017,0.016987186994428204,4.474904528096017,0.01200556476424353
2488,4.476904891798508,0.029517412880289255,4.476904891798509,0.01260574424018673
2489,4.478905255501,0.05150243054577167,4.478905255501,0.01327688616981217
2490,4.480905619203491,0.06232665013970355,4.480905619203492,0.014028891307294246
2491,4.482905982905982,0.041899084366118645,4.482905982905982,0.014873409033528623
2492,4.484906346608474,0.023586739732531097,4.484906346608474,0.015824180051479328
2493,4.486906710310965,0.014198873536884586,4.486906710310965,0.01689744796718653
2494,4.488907074013456,0.009437834254673691,4.488907074013457,0.01811245003332638
2495,4.490907437715948,0.006840175311778316,4.490907437715948,0.01949199533189313
2496,4.492907801418439,0.005326760261646215,4.49290780141844,0.021063132872438585
2497,4.494908165120931,0.0044084012499116835,4.494908165120931,0.02285789919124459
2498,4.496908528823422,0.003847386211831927,4.496908528823423,0.024914109371798
2499,4.498908892525913,0.0035216562425711678,4.498908892525914,0.027276107387269957
2500,4.500909256228405,0.0033675344456962518,4.500909256228406,0.029995305648821795
2501,4.502909619930896,0.0033543892115580113,4.502909619930896,0.03313019529159784
2502,4.504909983633388,0.003473623781478617,4.504909983633388,0.03674526316725834
2503,4.506910347335879,0.003735283726794775,4.506910347335879,0.040907866431289755
2504,4.508910711038371,0.00417026628689313,4.508910711038371,0.04568156028944747
2505,4.510911074740862,0.00483904980959317,4.510911074740862,0.0511136888337685
2506,4.5129114384433535,0.005851415336305238,4.5129114384433535,0.05721448496137384
2507,4.5149118021458445,0.007408794314342932,4.5149118021458445,0.06392521273886848
2508,4.516912165848336,0.00989870984617081,4.516912165848336,0.07107555517668666
2509,4.5189125295508275,0.014119035798330553,4.5189125295508275,0.07833774252738605
2510,4.5209128932533185,0.021837425025873297,4.520912893253319,0.08519799765677398
2511,4.52291325695581,0.03706865613140495,4.5229132569558095,0.09097992633140005
2512,4.524913620658301,0.06619270993979083,4.524913620658301,0.09495326845006426
2513,4.526913984360792,0.09418331007658402,4.526913984360792,0.09652411677244775
2514,4.528914348063284,0.07317273052620768,4.528914348063284,0.09543500950364588
2515,4.530914711765775,0.04141442890562596,4.530914711765775,0.09186286587073839
2516,4.532915075468266,0.023993299281235163,4.532915075468267,0.08635098457501073
2517,4.534915439170758,0.015245401479662442,4.534915439170758,0.07961992993217816
2518,4.536915802873249,0.01053691860759394,4.536915802873249,0.07236775426766595
2519,4.538916166575741,0.007795801860577247,4.538916166575741,0.06514346275344456
2520,4.540916530278232,0.006097750475370947,4.540916530278232,0.058309297956309174
2521,4.542916893980723,0.005000227022744966,4.542916893980723,0.05206233268078151
2522,4.544917257683215,0.004275894038935931,4.544917257683214,0.04647909713102076
2523,4.546917621385706,0.003801706899985456,4.546917621385706,0.04155972225483653
2524,4.548917985088197,0.0035097335925459673,4.548917985088197,0.037262020501652185
2525,4.550918348790689,0.0033643301270765927,4.550918348790689,0.03352433196413054
2526,4.55291871249318,0.0033517953862371346,4.55291871249318,0.03027933814894814
2527,4.554919076195671,0.003477070323393388,4.554919076195672,0.02746164251873505
2528,4.556919439898163,0.0037659987369294463,4.556919439898163,0.02501143917785615
2529,4.558919803600654,0.004274549908521511,4.558919803600655,0.022875899058064364
2530,4.560920167303146,0.005110524596122672,4.560920167303146,0.021009315671343485
2531,4.562920531005637,0.006482400452449135,4.562920531005637,0.01937263616442922
2532,4.564920894708128,0.008813905582147369,4.564920894708128,0.017932734437898213
2533,4.56692125841062,0.013027671261593193,4.56692125841062,0.01666161913109573
2534,4.568921622113111,0.0212336551342603,4.568921622113111,0.015535673503494642
2535,4.570921985815602,0.03756643266526783,4.570921985815603,0.014534970380347408
2536,4.572922349518094,0.059937202440989615,4.572922349518094,0.013642676273904487
2537,4.574922713220585,0.055859104468318065,4.574922713220586,0.012844543986306625
2538,4.576923076923077,0.03303329053712496,4.576923076923077,0.012128486152304772
2539,4.578923440625568,0.018756153116633274,4.5789234406255686,0.011484219628549888
2540,4.58092380432806,0.011601482761478297,4.58092380432806,0.010902970298069355
2541,4.582924168030551,0.007824156215596845,4.582924168030551,0.010377228574008492
2542,4.5849245317330425,0.00565483572497003,4.584924531733042,0.009900547028017173
2543,4.5869248954355335,0.0043145153023091175,4.5869248954355335,0.009467372809060865
2544,4.588925259138025,0.003437673447908997,4.5889252591380245,0.009072908698911487
2545,4.590925622840516,0.0028391670391145524,4.590925622840516,0.008712997703024496
2546,4.592925986543007,0.0024187746056452708,4.592925986543007,0.008384026979786493
2547,4.594926350245499,0.002119451485469659,4.594926350245499,0.008082847670692549
2548,4.59692671394799,0.0019078424347863576,4.59692671394799,0.007806707823049654
2549,4.598927077650481,0.0017647712813522978,4.598927077650482,0.007553196112993118
2550,4.600927441352973,0.0016806648668178984,4.600927441352973,0.007320194497836795
2551,4.602927805055464,0.0016538564269219255,4.602927805055464,0.007105838269354261
2552,4.604928168757956,0.0016912125611147793,4.604928168757955,0.006908482257761284
2553,4.606928532460447,0.0018117411096008462,4.606928532460447,0.006726672161915819
2554,4.608928896162938,0.002055758045512681,4.608928896162938,0.00655912016455111
2555,4.61092925986543,0.0025067292972305384,4.61092925986543,0.00640468414032891
2556,4.612929623567921,0.0033450615894093593,4.612929623567921,0.00626234988578279
2557,4.614929987270412,0.004982262128442091,4.614929987270413,0.006131215899137662
2558,4.616930350972904,0.008309150663682334,4.616930350972904,0.006010480318866851
2559,4.618930714675395,0.01390676113174608,4.618930714675396,0.005899429696124872
2560,4.620931078377886,0.015632024567838118,4.620931078377887,0.005797429330673632
2561,4.622931442080378,0.010154744910122615,4.622931442080378,0.0057039149448233645
2562,4.624931805782869,0.005819793927183855,4.624931805782869,0.005618385507054524
2563,4.626932169485361,0.0036073508234030003,4.626932169485361,0.005540397047811515
2564,4.628932533187852,0.0024579364503910664,4.628932533187852,0.005469557335651008
2565,4.630932896890343,0.0018067249956126808,4.630932896890344,0.00540552130342615
2566,4.632933260592835,0.0014061556768584528,4.632933260592835,0.005347987132277679
2567,4.634933624295326,0.0011424737077894108,4.634933624295327,0.005296692916505954
2568,4.636933987997817,0.0009591414659753788,4.636933987997818,0.005251413845440986
2569,4.638934351700309,0.000825898075585595,4.63893435170031,0.005211959849631136
2570,4.6409347154028,0.0007254788781530593,4.640934715402801,0.00517817366839842
2571,4.642935079105292,0.0006474873054691884,4.642935079105292,0.005149929304352523
2572,4.644935442807783,0.0005853697872730396,4.644935442807783,0.005127130838077703
2573,4.646935806510274,0.0005348310092948803,4.646935806510275,0.0051097115831227734
2574,4.648936170212766,0.0004929597565998281,4.648936170212766,0.005097633567834411
2575,4.650936533915257,0.0004577246403921779,4.650936533915257,0.005090887336652225
2576,4.6529368976177485,0.00042767162415793987,4.6529368976177485,0.00508949206939966
2577,4.6549372613202395,0.0004017362797294121,4.6549372613202395,0.005093496023017234
2578,4.6569376250227315,0.00037912368422357085,4.6569376250227315,0.00510297730625708
2579,4.6589379887252225,0.00035922950010761523,4.6589379887252225,0.005118045004258945
2580,4.660938352427714,0.0003415868591221343,4.660938352427714,0.0051388406768400514
2581,4.662938716130205,0.0003258298348381988,4.6629387161302045,0.005165540261956611
2582,4.664939079832697,0.00031166782938004317,4.664939079832696,0.0051983564243654025
2583,4.666939443535188,0.00029886729299449083,4.666939443535187,0.005237541399296032
2584,4.668939807237679,0.0002872384651194249,4.668939807237679,0.005283390392258659
2585,4.670940170940171,0.00027662561455237103,4.67094017094017,0.005336245609334694
2586,4.672940534642662,0.00026689975712342653,4.672940534642662,0.0053965010078931034
2587,4.674940898345153,0.00025795315351499683,4.674940898345153,0.005464607876197425
2588,4.676941262047645,0.0002496951036414697,4.676941262047645,0.005541081372510405
2589,4.678941625750136,0.00024204869732197205,4.678941625750136,0.005626508180902447
2590,4.680941989452627,0.00023494827856805015,4.680941989452628,0.005721555473077855
2591,4.682942353155119,0.0002283374482206912,4.682942353155118,0.005826981404434076
2592,4.68494271685761,0.00022216747686616692,4.68494271685761,0.005943647419877686
2593,4.686943080560102,0.0002163960334167145,4.686943080560101,0.00607253270262186
2594,4.688943444262593,0.00021098615873820178,4.688943444262593,0.006214751169774229
2595,4.690943807965084,0.0002059054311070911,4.690943807965084,0.006371571505061342
2596,4.692944171667576,0.00020112528302717713,4.692944171667576,0.006544440825361085
2597,4.694944535370067,0.00019662043836703527,4.694944535370067,0.006735012708535731
2598,4.696944899072558,0.00019236844581952046,4.696944899072559,0.006945180471194365
2599,4.69894526277505,0.00018834928998628594,4.69894526277505,0.007177116783509798
2600,4.700945626477541,0.0001845450654151705,4.700945626477542,0.0074333209525705045
2601,4.702945990180032,0.00018093970199775758,4.702945990180032,0.007716675505897544
2602,4.704946353882524,0.00017751873250786447,4.704946353882524,0.008030514074011941
2603,4.706946717585015,0.0001742690949037536,4.706946717585015,0.008378703017312469
2604,4.708947081287507,0.00017117896345606007,4.708947081287507,0.008765739779430152
2605,4.710947444989998,0.00016823760389504889,4.710947444989998,0.009196871584414693
2606,4.712947808692489,0.00016543524866582994,4.71294780869249,0.009678238827067009
2607,4.714948172394981,0.00016276298909233408,4.714948172394981,0.010217048312847851
2608,4.716948536097472,0.00016021268182047195,4.7169485360974726,0.010821782325060514
2609,4.718948899799963,0.00015777686736901712,4.718948899799964,0.011502450197115873
2610,4.720949263502455,0.00015544869898705536,4.7209492635024555,0.012270889376037363
2611,4.722949627204946,0.00015322188031753587,4.722949627204946,0.013141122367358114
2612,4.724949990907437,0.00015109061061183677,4.7249499909074375,0.014129773513963597
2613,4.7269503546099285,0.00014904953644138068,4.7269503546099285,0.015256543610845852
2614,4.7289507183124195,0.00014709370901783419,4.72895071831242,0.01654472797783375
2615,4.730951082014911,0.00014521854637022816,4.730951082014911,0.0180217398258636
2616,4.732951445717403,0.00014341979974087142,4.732951445717403,0.019719557294631696
2617,4.734951809419894,0.00014169352365643023,4.734951809419894,0.021674936210843213
2618,4.736952173122386,0.0001400360492096224,4.736952173122386,0.023929101613157283
2619,4.738952536824877,0.0001384439601532504,4.738952536824877,0.02652642292800417
2620,4.740952900527368,0.00013691407146411522,4.740952900527369,0.029511263386585846
2621,4.74295326422986,0.00013544341008150208,4.742953264229859,0.03292177008073432
2622,4.744953627932351,0.0001340291975648504,4.744953627932351,0.03677891993718372
2623,4.746953991634842,0.0001326688344491585,4.746953991634842,0.04106896373024168
2624,4.748954355337334,0.0001313598861056136,4.748954355337334,0.045718254948797256
2625,4.750954719039825,0.00013010006993965237,4.750954719039825,0.05056262929230572
2626,4.752955082742317,0.00012888724377984833,4.752955082742317,0.05532040551041436
2627,4.754955446444808,0.00012771939532925722,4.754955446444808,0.0595879652856495
2628,4.756955810147299,0.00012659463256652003,4.7569558101473,0.06288282242728103
2629,4.758956173849791,0.00012551117499760823,4.758956173849791,0.06474713522653046
2630,4.760956537552282,0.00012446734567082054,4.760956537552283,0.06488664155561516
2631,4.762956901254773,0.00012346156387783315,4.762956901254773,0.06327777010015499
2632,4.764957264957265,0.00012249233847248296,4.764957264957265,0.06017677406411883
2633,4.766957628659756,0.00012155826174668134,4.766957628659756,0.056024807392243435
2634,4.768957992362247,0.0001206580038096129,4.768957992362247,0.05130882924675326
2635,4.770958356064739,0.00011979030742229693,4.770958356064739,0.04644948697112504
2636,4.77295871976723,0.0001189539832447689,4.77295871976723,0.041748570467902014
2637,4.774959083469722,0.00011814790545770125,4.774959083469722,0.03738750258767742
2638,4.776959447172213,0.00011737100772431286,4.776959447172213,0.03345226389082061
2639,4.778959810874704,0.00011662227946194349,4.778959810874705,0.029964280048873967
2640,4.780960174577196,0.00011590076239582294,4.780960174577195,0.02690673839460934
2641,4.782960538279687,0.00011520554737032718,4.782960538279687,0.02424333884335284
2642,4.784960901982178,0.00011453577139548014,4.784960901982178,0.02193018229191435
2643,4.78696126568467,0.00011389061490865207,4.78696126568467,0.01992261505916052
2644,4.788961629387161,0.00011326929923334768,4.788961629387161,0.018178773181510174
2645,4.790961993089652,0.0001126710842187122,4.7909619930896525,0.016661134748105093
2646,4.7929623567921436,0.00011209526604494075,4.7929623567921436,0.015336950708644303
2647,4.794962720494635,0.00011154117518115498,4.7949627204946355,0.014178091783946248
2648,4.7969630841971265,0.00011100817448355225,4.7969630841971265,0.013160625619566718
2649,4.7989634478996175,0.00011049565742275258,4.798963447899618,0.012264298590539045
2650,4.8009638116021085,0.00011000304643025624,4.8009638116021085,0.011472013439207614
2651,4.8029641753046,0.00010952979135483461,4.8029641753046,0.010769346258537793
2652,4.804964539007091,0.0001090753680204783,4.804964539007091,0.010144120065461226
2653,4.806964902709583,0.0001086392768782568,4.806964902709583,0.009586038408923091
2654,4.808965266412074,0.00010822104174510665,4.808965266412074,0.009086375717188103
2655,4.810965630114566,0.00010782020862315487,4.810965630114566,0.008637718227163988
2656,4.812965993817057,0.00010743634459372335,4.812965993817057,0.008233748525726297
2657,4.814966357519549,0.00010706903678065152,4.814966357519549,0.007869066939573373
2658,4.81696672122204,0.00010671789137801287,4.81696672122204,0.007539043670519049
2659,4.818967084924532,0.00010638253273770173,4.818967084924532,0.007239696386663434
2660,4.820967448627023,0.00010606260251273793,4.820967448627022,0.006967588794736216
2661,4.822967812329514,0.00010575775885246014,4.822967812329514,0.006719746464983744
2662,4.824968176032006,0.00010546767564608963,4.824968176032005,0.006493586831038432
2663,4.826968539734497,0.00010519204181141673,4.826968539734497,0.006286860839368907
2664,4.828968903436988,0.00010493056062561509,4.828968903436988,0.006097604182969608
2665,4.83096926713948,0.00010468294909542162,4.83096926713948,0.005924096432935553
2666,4.832969630841971,0.00010444893736412683,4.832969630841971,0.005764826691568916
2667,4.834969994544462,0.00010422826815301462,4.834969994544463,0.005618464643112626
2668,4.836970358246954,0.00010402069623506771,4.836970358246954,0.005483836083313157
2669,4.838970721949445,0.000103825987938916,4.838970721949446,0.005359902175469761
2670,4.840971085651937,0.00010364392068115252,4.840971085651936,0.005245741815730323
2671,4.842971449354428,0.00010347428252528205,4.842971449354428,0.00514053660011496
2672,4.844971813056919,0.00010331687176568783,4.844971813056919,0.00504355797498548
2673,4.846972176759411,0.0001031714965351224,4.846972176759411,0.004954156225366812
2674,4.848972540461902,0.00010303797443433174,4.848972540461902,0.004871751014866799
2675,4.850972904164393,0.00010291613218252113,4.850972904164394,0.004795823239483155
2676,4.852973267866885,0.00010280580528746288,4.852973267866885,0.004725907997404085
2677,4.854973631569376,0.00010270683773412769,4.854973631569377,0.004661588509646492
2678,4.856973995271867,0.00010261908169080018,4.856973995271868,0.00460249085337498
2679,4.858974358974359,0.00010254239723171122,4.8589743589743595,0.00454827939206847
2680,4.86097472267685,0.00010247665207528407,4.86097472267685,0.004498652805222468
2681,4.8629750863793415,0.00010242172133715433,4.8629750863793415,0.004453340635684178
2682,4.8649754500818325,0.0001023774872971807,4.8649754500818325,0.004412100285588043
2683,4.8669758137843235,0.00010234383917971514,4.866975813784324,0.0043747144026431905
2684,4.868976177486815,0.00010232067294645179,4.868976177486815,0.0043409886076024055
2685,4.8709765411893065,0.00010230789110121813,4.870976541189307,0.004310749521414583
2686,4.8729769048917975,0.00010230540250611613,4.872976904891798,0.004283843057085667
2687,4.874977268594289,0.00010231312220845879,4.87497726859429,0.004260132946849347
2688,4.87697763229678,0.00010233097127798612,4.876977632296781,0.004239499480054472
2689,4.878977995999272,0.00010235887665387811,4.878977995999273,0.00422183843135148
2690,4.880978359701763,0.00010239677100111447,4.880978359701763,0.004207060162430364
2691,4.882978723404255,0.00010244459257576164,4.882978723404255,0.00419508888382851
2692,4.884979087106746,0.00010250228509879477,4.884979087106746,0.004185862066282016
2693,4.886979450809238,0.00010256979763808995,4.886979450809237,0.00417932999381627
2694,4.888979814511729,0.00010264708449824532,4.888979814511729,0.004175455453336524
2695,4.890980178214221,0.00010273410511791399,4.89098017821422,0.00417421355795369
2696,4.892980541916712,0.00010283082397435326,4.892980541916712,0.004175591703732604
2697,4.894980905619203,0.00010293721049491506,4.894980905619203,0.004179589662046359
2698,4.896981269321695,0.00010305323897522123,4.896981269321695,0.004186219812331034
2699,4.898981633024186,0.00010317888850378723,4.898981633024186,0.0041955075228364514
2700,4.900981996726677,0.00010331414289287332,4.900981996726677,0.00420749169004488
2701,4.902982360429169,0.00010345899061535947,4.902982360429168,0.0042222254508772735
2702,4.90498272413166,0.00010361342474745524,4.90498272413166,0.004239777085739398
2703,4.906983087834152,0.0001037774429170716,4.906983087834151,0.004260231135010909
2704,4.908983451536643,0.00010395104725769358,4.908983451536643,0.004283689756912047
2705,4.910983815239134,0.00010413424436760832,4.910983815239134,0.004310274360989088
2706,4.912984178941626,0.00010432704527435373,4.912984178941626,0.0043401275589830274
2707,4.914984542644117,0.00010452946540426566,4.914984542644117,0.004373415483878729
2708,4.916984906346608,0.00010474152455701442,4.916984906346609,0.004410330538841145
2709,4.9189852700491,0.00010496324688502991,4.9189852700491,0.004451094650979869
2710,4.920985633751591,0.00010519466087772744,4.920985633751591,0.004495963121006814
2711,4.922985997454083,0.0001054357993504566,4.922985997454082,0.004545229179556178
2712,4.924986361156574,0.0001056866994381031,4.924986361156574,0.004599229385088372
2713,4.926986724859065,0.00010594740259328711,4.926986724859065,0.004658350027963086
2714,4.9289870885615565,0.00010621795458910618,4.9289870885615565,0.0047230347417623175
2715,4.9309874522640476,0.00010649840552638428,4.9309874522640476,0.004793793567874792
2716,4.932987815966539,0.00010678880984539541,4.9329878159665395,0.004871213774671062
2717,4.9349881796690305,0.00010708922634203759,4.9349881796690305,0.004955972800608151
2718,4.9369885433715215,0.0001073997181884442,4.936988543371522,0.005048853773983113
2719,4.9389889070740125,0.00010772035295802741,4.938988907074013,0.005150764163745722
2720,4.940989270776504,0.00010805120265495419,4.940989270776504,0.005262758238779442
2721,4.942989634478995,0.00010839234374806723,4.942989634478995,0.005386064159865409
2722,4.944989998181487,0.0001087438572092696,4.944989998181487,0.00552211670015067
2723,4.946990361883978,0.00010910582855639833,4.946990361883978,0.005672596783811014
2724,4.948990725586469,0.0001094783479006248,4.94899072558647,0.005839479239057976
2725,4.950991089288961,0.0001098615099984225,4.950991089288961,0.006025090357258233
2726,4.952991452991452,0.00011025541430815458,4.952991452991453,0.0062321769859316626
2727,4.954991816693944,0.00011066016505134216,4.954991816693944,0.006463988865191418
2728,4.956992180396435,0.00011107587127867852,4.956992180396436,0.006724375569220526
2729,4.958992544098927,0.00011150264694086766,4.958992544098927,0.00701789841992478
2730,4.960992907801418,0.00011194061096437245,4.960992907801418,0.007349955540637602
2731,4.96299327150391,0.00011238988733216422,4.962993271503909,0.007726913850132172
2732,4.964993635206401,0.00011285060516957711,4.964993635206401,0.008156233638376732
2733,4.966993998908893,0.00011332289883538149,4.966993998908892,0.00864655676891669
2734,4.968994362611384,0.00011380690801819183,4.968994362611384,0.009207704409056668
2735,4.970994726313875,0.00011430277783834672,4.970994726313875,0.009850488630184015
2736,4.972995090016367,0.00011481065895539587,4.972995090016367,0.010586177186326333
2737,4.974995453718858,0.00011533070768134725,4.974995453718858,0.011425357320966657
2738,4.976995817421349,0.00011586308609983742,4.97699581742135,0.012375829894596738
2739,4.978996181123841,0.00011640796219139405,4.978996181123841,0.01343907321152847
2740,4.980996544826332,0.00011696550996497593,4.980996544826332,0.01460487173927302
2741,4.982996908528823,0.00011753590959598778,4.982996908528823,0.015844168404887626
2742,4.984997272231315,0.00011811934757097402,4.984997272231315,0.01710144489118695
2743,4.986997635933806,0.00011871601683921366,4.986997635933806,0.01829014053506097
2744,4.988997999636298,0.00011932611697145278,4.988997999636298,0.019296933794386788
2745,4.990998363338789,0.00011994985432601613,4.990998363338789,0.020000363958179404
2746,4.99299872704128,0.00012058744222256777,4.992998727041281,0.02030283372399516
2747,4.994999090743772,0.00012123910112379167,4.994999090743772,0.02016370453550902
2748,4.996999454446263,0.00012190505882528855,4.9969994544462635,0.01961481429523706
2749,4.998999818148754,0.0001225855506540012,4.9989998181487545,0.01874828799861689
2750,5.0010001818512455,0.0001232808196754914,5.0010001818512455,0.01768466286174552
2751,5.0030005455537365,0.0001239911169104174,5.0030005455537365,0.016539822976927628
2752,5.0050009092562275,0.00012471670156057854,5.0050009092562275,0.01540440114631071
2753,5.007001272958719,0.0001254578412449096,5.007001272958719,0.014337906081355224
2754,5.0090016366612105,0.0001262148122458339,5.0090016366612105,0.013372530834523475
2755,5.011002000363702,0.00012698789976640736,5.011002000363702,0.01252063517383447
2756,5.013002364066193,0.00012777739819870123,5.013002364066193,0.011782064280319512
2757,5.015002727768684,0.00012858361140391053,5.015002727768685,0.011149767833233626
2758,5.017003091471176,0.0001294068530046858,5.017003091471176,0.0106135531800893
2759,5.019003455173667,0.00013024744669022536,5.019003455173668,0.010162348067327862
2760,5.021003818876158,0.0001311057265346933,5.021003818876158,0.009785438595214184
2761,5.02300418257865,0.00013198203732955226,5.02300418257865,0.009473065708514227
2762,5.025004546281141,0.0001328767349304411,5.025004546281141,0.009216648262470897
2763,5.027004909983632,0.00013379018661926264,5.027004909983633,0.009008803692639166
2764,5.029005273686124,0.00013472277148217582,5.029005273686124,0.008843268811036826
2765,5.031005637388616,0.0001356748808042337,5.031005637388616,0.00871477909262885
2766,5.033006001091107,0.00013664691848145165,5.033006001091107,0.008618937939668428
2767,5.035006364793599,0.00013763930145112144,5.035006364793599,0.008552091732893221
2768,5.03700672849609,0.00013865246014125462,5.03700672849609,0.008511217672460254
2769,5.039007092198582,0.00013968683894006702,5.039007092198582,0.008493826669186442
2770,5.041007455901073,0.00014074289668648273,5.041007455901072,0.008497881137124236
2771,5.043007819603564,0.00014182110718269247,5.043007819603564,0.00852172643036808
2772,5.045008183306056,0.00014292195972984874,5.045008183306055,0.008564034260925758
2773,5.047008547008547,0.00014404595968805714,5.047008547008547,0.008623756389653396
2774,5.049008910711038,0.000145193629061888,5.049008910711038,0.008700087009122264
2775,5.05100927441353,0.00014636550711269607,5.05100927441353,0.00879243243340733
2776,5.053009638116021,0.0001475621509991215,5.053009638116021,0.008900386922000682
2777,5.055010001818513,0.00014878413644723055,5.055010001818513,0.009023713667628304
2778,5.057010365521004,0.00015003205845182381,5.057010365521004,0.00916233015984625
2779,5.059010729223495,0.00015130653201055812,5.059010729223496,0.009316297294924699
2780,5.061011092925987,0.0001526081928926039,5.061011092925986,0.00948581173858863
2781,5.063011456628478,0.00015393769844367967,5.063011456628478,0.009671201164353447
2782,5.065011820330969,0.0001552957284294207,5.065011820330969,0.009872922089760497
2783,5.0670121840334605,0.0001566829859191436,5.0670121840334605,0.01009156011917986
2784,5.069012547735952,0.0001581001982122164,5.069012547735952,0.01032783247819717
2785,5.071012911438443,0.00015954811780937545,5.0710129114384435,0.010582592793923748
2786,5.0730132751409345,0.00016102752343147219,5.0730132751409345,0.010856838140568745
2787,5.0750136388434255,0.00016253922108829902,5.075013638843426,0.011151718432864468
2788,5.077014002545917,0.00016408404520031988,5.077014002545917,0.011468548313865908
2789,5.079014366248408,0.0001656628597762898,5.079014366248409,0.0118088217507321
2790,5.081014729950899,0.0001672765596499775,5.081014729950899,0.012174229624858987
2791,5.083015093653391,0.0001689260717793814,5.083015093653391,0.012566680683971064
2792,5.085015457355882,0.00017061235661207654,5.085015457355882,0.012988326316565945
2793,5.087015821058373,0.00017233640952057184,5.087015821058374,0.013441589717082106
2794,5.089016184760865,0.00017409926231179925,5.089016184760865,0.01392920013754817
2795,5.091016548463356,0.00017590198481515554,5.091016548463357,0.014454233073453114
2796,5.093016912165847,0.00017774568655381785,5.093016912165848,0.015020157414355391
2797,5.095017275868339,0.00017963151850436184,5.09501727586834,0.015630890811058482
2798,5.09701763957083,0.00018156067495007748,5.097017639570831,0.01629086478043449
2799,5.099018003273322,0.00018353439543375847,5.099018003273323,0.017005101397952527
2800,5.101018366975813,0.00018555396681612087,5.101018366975813,0.017779303831087254
2801,5.103018730678304,0.0001876207254464868,5.103018730678305,0.018619963462007134
2802,5.105019094380796,0.000189736059452804,5.105019094380796,0.019534486957184606
2803,5.107019458083287,0.00019190141115860862,5.107019458083288,0.020531347391743903
2804,5.109019821785779,0.0001941182796350964,5.109019821785779,0.02162026445970514
2805,5.111020185488271,0.0001963882233970441,5.111020185488271,0.022812419936121566
2806,5.113020549190762,0.00019871286325199704,5.113020549190762,0.024120715947163248
2807,5.115020912893253,0.00020109388531284138,5.115020912893254,0.025560085297319696
2808,5.117021276595745,0.000203533044184626,5.117021276595745,0.027147865146076883
2809,5.119021640298236,0.00020603216633734674,5.119021640298235,0.028904247756659854
2810,5.121022004000728,0.00020859315367731369,5.121022004000727,0.030852824863999095
2811,5.123022367703219,0.00021121798733066678,5.123022367703218,0.03302124537002657
2812,5.12502273140571,0.00021390873165372373,5.12502273140571,0.035442009382060886
2813,5.127023095108202,0.00021666753848595372,5.127023095108201,0.038153424624807086
2814,5.129023458810693,0.00021949665166266555,5.129023458810693,0.0412007530796052
2815,5.131023822513184,0.00022239841180588177,5.131023822513184,0.04463757461198699
2816,5.133024186215676,0.00022537526141334354,5.133024186215676,0.04852738716153563
2817,5.135024549918167,0.00022842975026726443,5.135024549918167,0.05294544408084433
2818,5.137024913620658,0.0002315645411862476,5.1370249136206585,0.057980788408840085
2819,5.1390252773231495,0.0002347824161457179,5.139025277323149,0.06373836404536112
2820,5.1410256410256405,0.00023808628279440043,5.1410256410256405,0.07034093615256917
2821,5.143026004728132,0.00024147918139674014,5.1430260047281315,0.07793029105798835
2822,5.145026368430623,0.00024496429223370286,5.145026368430623,0.08666673810624531
2823,5.1470267321331145,0.00024854494349730357,5.1470267321331145,0.0967252029164746
2824,5.149027095835606,0.00025222461971726844,5.149027095835606,0.10828507069112273
2825,5.151027459538097,0.00025600697076171025,5.151027459538097,0.12150935220636891
2826,5.153027823240588,0.0002598958214574865,5.153027823240589,0.13650689970219007
2827,5.15502818694308,0.00026389518188004016,5.15502818694308,0.15327019306651643
2828,5.157028550645571,0.0002680092583671647,5.157028550645572,0.1715830323572629
2829,5.159028914348062,0.00027224246531622,5.159028914348062,0.19090196038991897
2830,5.161029278050554,0.0002765994378299119,5.161029278050554,0.21023839226847316
2831,5.163029641753045,0.0002810850452820105,5.163029641753045,0.22810607005188613
2832,5.165030005455537,0.000285704405881289,5.165030005455537,0.24263137021224138
2833,5.167030369158028,0.00029046290231956353,5.167030369158028,0.2519020484781463
2834,5.169030732860519,0.0002953661985983163,5.16903073286052,0.25450490432679934
2835,5.171031096563011,0.0003004202581377483,5.171031096563011,0.2500212437026965
2836,5.173031460265502,0.0003056313632827126,5.173031460265503,0.23918812268097178
2837,5.175031823967993,0.0003110061363317302,5.175031823967994,0.22361884923681236
2838,5.177032187670485,0.0003165515622283593,5.177032187670486,0.20526410173625848
2839,5.179032551372976,0.00032227501306891575,5.179032551372976,0.1859119744798939
2840,5.181032915075468,0.0003281842745969673,5.181032915075468,0.16690948836806266
2841,5.183033278777959,0.000334287574873388,5.183033278777959,0.14910892066298922
2842,5.185033642480451,0.0003405936153314904,5.185033642480451,0.13294790255251698
2843,5.187034006182942,0.0003471116044500108,5.187034006182942,0.11857223483480409
2844,5.189034369885434,0.0003538512943028233,5.189034369885434,0.10594842388957591
2845,5.191034733587925,0.00036082302027391907,5.191034733587925,0.09494720200582409
2846,5.193035097290417,0.000368037744259417,5.193035097290417,0.08539804487818298
2847,5.195035460992908,0.0003755071017161974,5.195035460992908,0.07712139897218083
2848,5.197035824695399,0.00038324345295953936,5.1970358246954,0.06994592141103105
2849,5.199036188397891,0.0003912599391606373,5.19903618839789,0.06371648641871344
2850,5.201036552100382,0.00039957054355018243,5.201036552100382,0.05829689171800169
2851,5.203036915802873,0.00040819015839715315,5.203036915802873,0.05356973852633018
2852,5.2050372795053645,0.0004171346584037139,5.2050372795053645,0.04943495155401273
2853,5.207037643207856,0.0004264209812393976,5.207037643207856,0.04580776501515971
2854,5.2090380069103475,0.00043606721603191664,5.2090380069103475,0.0426166145919038
2855,5.2110383706128385,0.0004460927007399842,5.2110383706128385,0.03980115183634093
2856,5.2130387343153295,0.000456518129458157,5.21303873431533,0.03731047297422148
2857,5.215039098017821,0.00046736567084702075,5.215039098017821,0.03510158767666211
2858,5.217039461720312,0.00047865909904804276,5.217039461720313,0.03313812013759479
2859,5.219039825422803,0.0004904239386345421,5.219039825422803,0.0313892199520166
2860,5.221040189125295,0.000502687625373233,5.221040189125295,0.029828655280819048
2861,5.223040552827786,0.0005154796848305887,5.223040552827786,0.028434060769611046
2862,5.225040916530278,0.0005288319311613222,5.225040916530278,0.027186314981646725
2863,5.227041280232769,0.0005427786887706567,5.227041280232769,0.026069025269728856
2864,5.22904164393526,0.0005573570399582098,5.229041643935261,0.025068101309112766
2865,5.231042007637752,0.0005726071021403133,5.231042007637752,0.024171401591086904
2866,5.233042371340243,0.0005885723388249117,5.233042371340244,0.02336843989191037
2867,5.235042735042734,0.0006052999091961416,5.235042735042735,0.022650141049933608
2868,5.237043098745226,0.0006228410619760678,5.237043098745226,0.022008637323428972
2869,5.239043462447717,0.0006412515801962922,5.239043462447717,0.021437098204230804
2870,5.241043826150208,0.0006605922846650266,5.241043826150208,0.02092958787563882
2871,5.2430441898527,0.0006809296052969483,5.2430441898527,0.02048094557414984
2872,5.245044553555191,0.0007023362311356863,5.245044553555191,0.02008668498576897
2873,5.247044917257683,0.0007248918519058807,5.247044917257683,0.01974290951541956
2874,5.249045280960174,0.0007486840063640756,5.249045280960174,0.01944624084307353
2875,5.251045644662665,0.0007738090556782244,5.251045644662666,0.019193758647972844
2876,5.253046008365157,0.0008003733036820085,5.253046008365157,0.018982949763496723
2877,5.255046372067648,0.0008284942902890182,5.255046372067649,0.01881166533663285
2878,5.25704673577014,0.0008583022898232469,5.25704673577014,0.018678084821286012
2879,5.259047099472631,0.0008899420527983702,5.259047099472631,0.018580685844752292
2880,5.261047463175123,0.0009235748381120787,5.261047463175122,0.01851821916049427
2881,5.263047826877614,0.0009593807931717261,5.263047826877614,0.018489688045010586
2882,5.265048190580106,0.0009975617527353976,5.265048190580105,0.018494331617925783
2883,5.267048554282597,0.0010383445440332827,5.267048554282597,0.018531611667148253
2884,5.269048917985089,0.0010819849070816743,5.269048917985088,0.018601202648941658
2885,5.27104928168758,0.0011287721664261746,5.27104928168758,0.01870298460923381
2886,5.273049645390071,0.0011790348257542456,5.273049645390071,0.018837038840143663
2887,5.2750500090925625,0.0012331473024775842,5.2750500090925625,0.019003646146840737
2888,5.2770503727950535,0.0012915380790374084,5.2770503727950535,0.019203287656468577
2889,5.2790507364975445,0.0013546996262058465,5.2790507364975445,0.019436648154774524
2890,5.281051100200036,0.0014232005578383748,5.2810511002000355,0.01970462198895943
2891,5.2830514639025274,0.001497700615933709,5.2830514639025274,0.020008321628725588
2892,5.2850518276050185,0.0015789692730538366,5.2850518276050185,0.020349089033167178
2893,5.28705219130751,0.0016679089956433129,5.28705219130751,0.020728510030740277
2894,5.289052555010001,0.001765584564879783,5.289052555010001,0.021148431984884548
2895,5.291052918712493,0.001873260343004581,5.291052918712493,0.02161098509104528
2896,5.293053282414984,0.0019924480645894687,5.293053282414984,0.02211860773419445
2897,5.295053646117475,0.0021249687174335727,5.295053646117476,0.022674076432296405
2898,5.297054009819967,0.0022730335000163146,5.297054009819967,0.02328054100376793
2899,5.299054373522458,0.002439350924590413,5.299054373522458,0.023941565729884783
2900,5.301054737224949,0.0026272702298563697,5.301054737224949,0.02466117744107762
2901,5.303055100927441,0.002840975943238401,5.303055100927441,0.02544392164513738
2902,5.305055464629932,0.003085755624511735,5.305055464629932,0.026294928042748845
2903,5.307055828332423,0.0033683740988551536,5.307055828332424,0.027219987050588187
2904,5.309056192034915,0.0036976055445064643,5.309056192034915,0.028225639285551666
2905,5.311056555737406,0.004085004390234394,5.311056555737407,0.029319280369494296
2906,5.313056919439898,0.00454604571214891,5.313056919439898,0.03050928390929377
2907,5.315057283142389,0.00510185178529845,5.31505728314239,0.03180514611365831
2908,5.31705764684488,0.005781874723714566,5.317057646844881,0.033217656252362664
2909,5.319058010547372,0.006628188054958396,5.319058010547372,0.03475909807862249
2910,5.321058374249863,0.00770258284981764,5.321058374249863,0.03644348846163341
2911,5.323058737952354,0.009098751548524452,5.323058737952355,0.0382868608638827
2912,5.325059101654846,0.010964130586747181,5.325059101654846,0.04030760300691699
2913,5.327059465357337,0.01354105722166642,5.327059465357338,0.04252686017201021
2914,5.329059829059829,0.017248900624830647,5.329059829059829,0.044969018162110026
2915,5.33106019276232,0.022859063793778403,5.331060192762321,0.04766228310197136
2916,5.333060556464812,0.03189564186441778,5.333060556464812,0.05063937907051276
2917,5.335060920167303,0.04761596899801762,5.335060920167304,0.05393838912787263
2918,5.337061283869795,0.07742738952393308,5.337061283869795,0.057603770661822
2919,5.339061647572286,0.13675887286071603,5.339061647572286,0.06168758207801353
2920,5.3410620112747775,0.22841545187509255,5.341062011274777,0.06625096443419055
2921,5.3430623749772685,0.2366969982985857,5.3430623749772685,0.07136592801247761
2922,5.34506273867976,0.14633075636869652,5.34506273867976,0.07711749864165542
2923,5.3470631023822515,0.08339030169157838,5.3470631023822515,0.08360627909679992
2924,5.3490634660847425,0.05198473052412805,5.3490634660847425,0.0909514720244978
2925,5.3510638297872335,0.035923304962641844,5.351063829787234,0.09929438334640775
2926,5.353064193489725,0.027145316505346614,5.353064193489725,0.1088023626655066
2927,5.355064557192216,0.022132831826493723,5.355064557192216,0.11967301158218151
2928,5.357064920894708,0.019276099839374856,5.357064920894708,0.13213825422102715
2929,5.359065284597199,0.017797000824293856,5.359065284597198,0.14646743824838765
2930,5.36106564829969,0.017316162142840527,5.36106564829969,0.16296789626257221
2931,5.363066012002182,0.017672706419394446,5.363066012002181,0.181980168000753
2932,5.365066375704673,0.018852439651746374,5.365066375704673,0.20386313983950113
2933,5.367066739407164,0.02097303290595964,5.367066739407164,0.22896151613457338
2934,5.369067103109656,0.024314113354036392,5.369067103109656,0.25754443005055516
2935,5.371067466812147,0.029406739922128288,5.371067466812147,0.28970076053798216
2936,5.373067830514638,0.03723451081613191,5.373067830514639,0.3251773024943487
2937,5.37506819421713,0.049683905013739565,5.37506819421713,0.3631578785310594
2938,5.377068557919621,0.07060763810060784,5.377068557919622,0.4020164892411431
2939,5.379068921622113,0.10847024959348274,5.379068921622112,0.4391437479787308
2940,5.381069285324604,0.1825900797233372,5.381069285324604,0.4710236057193072
2941,5.383069649027095,0.32730863414366823,5.383069649027095,0.4937484534432546
2942,5.385070012729587,0.493915254266542,5.385070012729587,0.5039904072677033
2943,5.387070376432078,0.41438845123294915,5.387070376432078,0.5000948539822018
2944,5.389070740134569,0.23750923631619178,5.38907074013457,0.48270404178474635
2945,5.391071103837061,0.1357648498749982,5.391071103837061,0.45450906859004275
2946,5.393071467539552,0.08486719409786822,5.393071467539553,0.4192946588839166
2947,5.395071831242043,0.05776565388306047,5.395071831242044,0.3808485798242537
2948,5.397072194944535,0.04214007157253415,5.397072194944536,0.34222340557660674
2949,5.399072558647026,0.0325342069113186,5.399072558647026,0.3054795015331016
2950,5.401072922349518,0.026363709666878496,5.401072922349518,0.2717706358685901
2951,5.403073286052009,0.022315725355129237,5.403073286052009,0.2415748642045773
2952,5.4050736497545,0.019689243815555438,5.405073649754501,0.2149345388240728
2953,5.407074013456992,0.01810664660621443,5.407074013456992,0.19164608723286577
2954,5.409074377159484,0.017383501748635843,5.409074377159484,0.17138921260774015
2955,5.411074740861975,0.017475075342056404,5.411074740861975,0.15380599985957114
2956,5.4130751045644665,0.018470908291004246,5.4130751045644665,0.13854491040342012
2957,5.4150754682669575,0.020637404135276215,5.4150754682669575,0.12528250577993597
2958,5.4170758319694485,0.0245386299677782,5.417075831969449,0.11373205863276924
2959,5.41907619567194,0.03132652921642971,5.4190761956719395,0.1036449667748128
2960,5.4210765593744314,0.04345014532633758,5.4210765593744314,0.094808548630417
2961,5.423076923076923,0.06643503358018597,5.4230769230769225,0.08704227373139843
2962,5.425077286779414,0.11265823681853611,5.425077286779414,0.08019354655916165
2963,5.427077650481905,0.19714909196054758,5.427077650481905,0.07413361285840538
2964,5.429078014184397,0.2524489522973507,5.429078014184397,0.06875384714921148
2965,5.431078377886888,0.17723377454418807,5.431078377886888,0.06396251170793947
2966,5.433078741589379,0.09945529499574089,5.43307874158938,0.059681990681183905
2967,5.435079105291871,0.058688497860256754,5.435079105291871,0.055846462268697224
2968,5.437079468994362,0.03789886503449623,5.437079468994363,0.05239995607686904
2969,5.439079832696853,0.02640546335880859,5.439079832696853,0.049294739829142925
2970,5.441080196399345,0.019502462273505817,5.441080196399345,0.046489982936823104
2971,5.443080560101836,0.01506039806180637,5.443080560101836,0.043950650348468845
2972,5.445080923804328,0.012038865996666823,5.445080923804328,0.04164658670485246
2973,5.447081287506819,0.009889591610949865,5.447081287506819,0.039551757192458875
2974,5.44908165120931,0.008304000296410619,5.449081651209311,0.03764361720100571
2975,5.451082014911802,0.0070984888973785396,5.451082014911802,0.03590258781761094
2976,5.453082378614293,0.00615856153941686,5.453082378614294,0.03431161833890917
2977,5.455082742316784,0.005409914007941027,5.455082742316785,0.032855820423425774
2978,5.457083106019276,0.004802650460779364,5.457083106019277,0.03152216133304744
2979,5.459083469721767,0.004302262373373532,5.459083469721767,0.03029920602047102
2980,5.461083833424258,0.003884261807034947,5.461083833424259,0.029176899697327098
2981,5.46308419712675,0.003530874837086335,5.46308419712675,0.02814638404283819
2982,5.465084560829241,0.003228940475653863,5.465084560829242,0.02719984145078209
2983,5.467084924531733,0.002968538603562512,5.467084924531733,0.026330362717796103
2984,5.469085288234224,0.0027420718681556103,5.469085288234225,0.02553183439316863
2985,5.471085651936715,0.0025436377780778375,5.471085651936716,0.02479884267563713
2986,5.473086015639207,0.002368590728324474,5.473086015639207,0.02412659128556309
2987,5.475086379341698,0.002213231006967315,5.475086379341699,0.023510831184940042
2988,5.477086743044189,0.002074580354683267,5.477086743044189,0.022947800381953744
2989,5.479087106746681,0.0019502175687987858,5.479087106746681,0.022434172356618886
2990,5.481087470449172,0.0018381564394279776,5.481087470449172,0.021967011891680138
2991,5.483087834151664,0.0017367539757198321,5.483087834151664,0.021543737298395933
2992,5.485088197854155,0.0016446406037976295,5.485088197854155,0.021162088198110225
2993,5.4870885615566465,0.0015606665049797033,5.4870885615566465,0.020820098164114436
2994,5.489088925259138,0.0014838599502483318,5.4890889252591375,0.020516071649579783
2995,5.491089288961629,0.0014133946485619636,5.491089288961629,0.020248564730595536
2996,5.49308965266412,0.0013485639371842723,5.49308965266412,0.020016369282228635
2997,5.495090016366612,0.0012887602150007164,5.495090016366612,0.019818500282981842
2998,5.497090380069103,0.001233458429352207,5.4970903800691024,0.019654186011654726
2999,5.499090743771594,0.0011822027230057985,5.499090743771594,0.019522860962559875
3000,5.501091107474086,0.0011345955641662256,5.501091107474085,0.01942416136228242
3001,5.503091471176577,0.0010902888419627953,5.503091471176577,0.019357923225424335
3002,5.505091834879069,0.001048976528599792,5.505091834879068,0.01932418293972116
3003,5.50709219858156,0.0010103885985255046,5.50709219858156,0.019323180424153697
3004,5.509092562284051,0.0009742859624737606,5.509092562284051,0.019355364958856973
3005,5.511092925986543,0.0009404562257272816,5.511092925986543,0.019421403844481246
3006,5.513093289689034,0.0009087101195247905,5.513093289689034,0.01952219411309634
3007,5.515093653391525,0.0008788784851580028,5.515093653391526,0.01965887758490597
3008,5.517094017094017,0.0008508097141608577,5.517094017094016,0.01983285964745177
3009,5.519094380796508,0.0008243675666938317,5.519094380796508,0.020045832229603905
3010,5.521094744498999,0.0007994293049740843,5.521094744498999,0.02029980155500037
3011,5.523095108201491,0.0007758840902996178,5.523095108201491,0.02059712139304276
3012,5.525095471903982,0.0007536316015436202,5.525095471903982,0.020940532685349216
3013,5.527095835606474,0.0007325808404732775,5.527095835606474,0.021333210618237515
3014,5.529096199308965,0.0007126490952724615,5.529096199308965,0.021778820445379862
3015,5.531096563011456,0.0006937610385245283,5.531096563011457,0.022281583649234857
3016,5.533096926713948,0.0006758479398783371,5.533096926713948,0.022846356377533402
3017,5.535097290416439,0.0006588469768601943,5.53509729041644,0.02347872251731141
3018,5.53709765411893,0.0006427006299520939,5.53709765411893,0.024185104292570356
3019,5.539098017821422,0.0006273561502456517,5.539098017821422,0.024972893915840445
3020,5.541098381523913,0.0006127650897907619,5.541098381523913,0.02585061061686318
3021,5.543098745226404,0.0005988828862600727,5.543098745226405,0.026828088347224385
3022,5.545099108928896,0.0005856684948016435,5.545099108928896,0.027916700657738425
3023,5.547099472631387,0.0005730840609977312,5.547099472631388,0.02912963071090153
3024,5.549099836333879,0.0005610946297247007,5.549099836333879,0.03048219617185676
3025,5.55110020003637,0.0005496678854471337,5.5511002000363705,0.03199224086382023
3026,5.553100563738861,0.0005387739201017734,5.5531005637388615,0.033680607609185446
3027,5.5551009274413525,0.0005283850252544684,5.555100927441353,0.03557170960035254
3028,5.5571012911438435,0.0005184755056607967,5.5571012911438435,0.03769422086999785
3029,5.5591016548463354,0.0005090215117422653,5.5591016548463354,0.04008190971830768
3030,5.5611020185488265,0.0005000008888155481,5.5611020185488265,0.04277464176953953
3031,5.563102382251318,0.0004913930411907469,5.563102382251318,0.045819580600800894
3032,5.565102745953809,0.0004831788094938299,5.565102745953809,0.04927261158138388
3033,5.567103109656301,0.0004753403597742681,5.567103109656301,0.05320000496658963
3034,5.569103473358792,0.0004678610831363136,5.569103473358792,0.05768031077876637
3035,5.571103837061284,0.0004607255047858455,5.571103837061284,0.06280642901342753
3036,5.573104200763775,0.0004539192015178366,5.573104200763775,0.06868770448140878
3037,5.575104564466266,0.00044742872678487993,5.575104564466267,0.07545172333129191
3038,5.577104928168758,0.00044124154258797817,5.577104928168757,0.08324518555263417
3039,5.579105291871249,0.00043534595751847126,5.579105291871249,0.09223271576921209
3040,5.58110565557374,0.00042973107035675805,5.58110565557374,0.10259164778492509
3041,5.583106019276232,0.00042438671870079464,5.583106019276232,0.1144995683255728
3042,5.585106382978723,0.00041930343215637616,5.585106382978723,0.12810971434527404
3043,5.587106746681214,0.0004144723896732214,5.587106746681214,0.14350750941540946
3044,5.589107110383706,0.0004098853806568156,5.589107110383706,0.16064079791782895
3045,5.591107474086197,0.0004055347695264719,5.591107474086197,0.17921961681146983
3046,5.593107837788689,0.00040141346342603327,5.593107837788689,0.1985938673304229
3047,5.59510820149118,0.0003975148828256285,5.59510820149118,0.21764461945696809
3048,5.597108565193671,0.0003938329347812496,5.597108565193671,0.23476427136222264
3049,5.599108928896163,0.000390361988644413,5.599108928896162,0.24802522154788642
3050,5.601109292598654,0.0003870968540368542,5.601109292598654,0.25559042978186314
3051,5.603109656301145,0.000384032760925652,5.603109656301145,0.2562686996117923
3052,5.605110020003637,0.0003811653416526322,5.605110020003637,0.24994747673555184
3053,5.607110383706128,0.000378490614788533,5.607110383706128,0.23763646716793704
3054,5.609110747408619,0.000376004970697551,5.60911074740862,0.22109304523603726
3055,5.611111111111111,0.00037370515871173787,5.611111111111111,0.20226621488258648
3056,5.613111474813602,0.000371588275827349,5.613111474813603,0.18284496134647982
3057,5.615111838516094,0.0003696517568469387,5.615111838516094,0.16404431906163916
3058,5.617112202218585,0.0003678933659018582,5.617112202218585,0.1465968857013781
3059,5.619112565921076,0.0003663111892999091,5.619112565921076,0.13085160468350954
3060,5.621112929623568,0.0003649036296524702,5.621112929623568,0.1168973654253678
3061,5.623113293326059,0.00036366940124445005,5.623113293326059,0.10466870180214624
3062,5.62511365702855,0.00036260752661907856,5.6251136570285505,0.09402126587434467
3063,5.6271140207310415,0.00036171733435795203,5.6271140207310415,0.08477975527659123
3064,5.6291143844335325,0.0003609984580448971,5.629114384433533,0.07676554735971773
3065,5.631114748136024,0.0003604508364103045,5.631114748136024,0.06981103668995858
3066,5.633115111838515,0.0003600747146606211,5.633115111838516,0.0637659377683655
3067,5.635115475541007,0.00035987064700579587,5.635115475541007,0.0584990590354361
3068,5.637115839243498,0.0003598395004057167,5.637115839243498,0.05389771580328518
3069,5.63911620294599,0.00035998245956517336,5.639116202945989,0.04986604969121508
3070,5.641116566648481,0.00036030103321568475,5.641116566648481,0.046322958893476686
3071,5.643116930350973,0.000360797061731773,5.643116930350972,0.043200007912172954
3072,5.645117294053464,0.0003614727261390268,5.645117294053464,0.040439492999405226
3073,5.647117657755955,0.00036233055858171334,5.647117657755955,0.037992733471275894
3074,5.649118021458447,0.0003633734543288555,5.649118021458447,0.03581860327769214
3075,5.651118385160938,0.00036460468540976663,5.651118385160938,0.033882289929034554
3076,5.653118748863429,0.0003660279159831471,5.65311874886343,0.03215425626025121
3077,5.655119112565921,0.00036764721955816573,5.655119112565921,0.030609377173361676
3078,5.657119476268412,0.000369467098201676,5.657119476268412,0.029226224284305047
3079,5.659119839970904,0.00037149250388305856,5.659119839970903,0.02798647402597903
3080,5.661120203673395,0.0003737288621273335,5.661120203673395,0.02687441801126364
3081,5.663120567375886,0.0003761820981685197,5.663120567375886,0.025876557723691306
3082,5.665120931078378,0.0003788586658189019,5.665120931078378,0.024981268595171243
3083,5.667121294780869,0.00038176557929638864,5.667121294780869,0.024178521142966595
3084,5.66912165848336,0.00038491044828183377,5.669121658483361,0.023459649055470076
3085,5.671122022185852,0.0003883015165114995,5.671122022185852,0.022817155965079775
3086,5.673122385888343,0.0003919477042473857,5.673122385888344,0.022244554170688054
3087,5.675122749590834,0.0003958586550104882,5.675122749590835,0.021736229820378775
3088,5.677123113293326,0.0004000447870098717,5.677123113293326,0.021287330082794285
3089,5.679123476995817,0.00040451734975470633,5.679123476995817,0.020893668664315652
3090,5.681123840698309,0.0004092884863979891,5.681123840698309,0.020551646703705267
3091,5.6831242044008,0.0004143713024306674,5.6831242044008,0.02025818662562123
3092,5.685124568103291,0.0004197799414248173,5.685124568103292,0.020010676983603797
3093,5.687124931805783,0.0004255296686156652,5.687124931805783,0.019806926691628864
3094,5.689125295508274,0.00043163696321670827,5.6891252955082745,0.019645127347224654
3095,5.691125659210765,0.0004381196204819704,5.6911256592107655,0.01952382260163038
3096,5.6931260229132565,0.00044499686466702523,5.693126022913257,0.019441883744217105
3097,5.6951263866157475,0.00045228947419905245,5.695126386615748,0.019398490848200996
3098,5.697126750318239,0.0004600199205492433,5.6971267503182395,0.019393118979803094
3099,5.6991271140207305,0.00046821252251257446,5.6991271140207305,0.01942552910956707
3100,5.7011274777232215,0.00047689361784559244,5.701127477723222,0.019495763487753778
3101,5.703127841425713,0.00048609175449826277,5.703127841425713,0.019604145360199637
3102,5.705128205128204,0.000495837904008323,5.705128205128204,0.01975128301094733
3103,5.707128568830696,0.000506165700015068,5.707128568830696,0.019938078227313773
3104,5.709128932533187,0.0005171117053039809,5.709128932533187,0.020165739395812277
3105,5.711129296235679,0.0005287157113274681,5.711129296235679,0.02043579955760254
3106,5.71312965993817,0.0005410210747752015,5.71312965993817,0.020750139884361668
3107,5.715130023640662,0.0005540750965090151,5.715130023640662,0.02111101918468201
3108,5.717130387343153,0.0005679294490552191,5.717130387343152,0.02152111022310079
3109,5.719130751045644,0.0005826406598894281,5.719130751045644,0.021983543835568373
3110,5.721131114748136,0.0005982706589901162,5.721131114748135,0.022501962064822394
3111,5.723131478450627,0.0006148874006202186,5.723131478450627,0.023080581826882406
3112,5.725131842153119,0.000632565571073882,5.725131842153118,0.02372427096802403
3113,5.72713220585561,0.0006513873962636193,5.72713220585561,0.024438638995367218
3114,5.729132569558101,0.0006714435656049286,5.729132569558101,0.025230145282212343
3115,5.731132933260593,0.000692834291782972,5.731132933260593,0.026106228184386016
3116,5.733133296963084,0.0007156705297908814,5.733133296963084,0.02707545928380338
3117,5.735133660665575,0.0007400753832760223,5.735133660665576,0.028147727933634285
3118,5.737134024368067,0.0007661857319293176,5.737134024368066,0.029334462455016183
3119,5.739134388070558,0.0007941541206731829,5.739134388070558,0.030648895772980123
3120,5.741134751773049,0.0008241509600912291,5.741134751773049,0.03210638502716076
3121,5.743135115475541,0.000856367098345037,5.743135115475541,0.0337247967975607
3122,5.745135479178032,0.0008910168383232582,5.745135479178032,0.03552497208107028
3123,5.747135842880524,0.0009283414907275873,5.747135842880524,0.03753128804132404
3124,5.749136206583015,0.0009686135752227028,5.749136206583015,0.03977233676012386
3125,5.751136570285506,0.001012141808996613,5.751136570285507,0.042281744525527236
3126,5.753136933987998,0.00105927705687011,5.753136933987998,0.045099158107505866
3127,5.755137297690489,0.0011104194618551315,5.7551372976904895,0.048271426002826974
3128,5.75713766139298,0.0011660270330353887,5.75713766139298,0.05185400088282388
3129,5.759138025095472,0.0012266260432649899,5.759138025095472,0.055912580975423586
3130,5.761138388797963,0.0012928236885714386,5.761138388797963,0.06052498663971112
3131,5.763138752500454,0.001365323592821012,5.7631387525004545,0.06578322307110185
3132,5.7651391162029455,0.0014449449171200495,5.7651391162029455,0.07179559228876596
3133,5.7671394799054365,0.0015326460705706551,5.767139479905437,0.07868855626454675
3134,5.769139843607928,0.0016295543417461217,5.769139843607928,0.08660776838344768
3135,5.771140207310419,0.0017370032139863696,5.77114020731042,0.0957172068054023
3136,5.7731405710129104,0.0018565797443558718,5.773140571012911,0.10619455764619228
3137,5.775140934715402,0.0019901852533164084,5.775140934715403,0.118219797412199
3138,5.777141298417893,0.002140113806861959,5.777141298417893,0.1319522762201871
3139,5.779141662120384,0.0023091547544665334,5.779141662120385,0.14748977063956148
3140,5.781142025822876,0.002500728194345014,5.781142025822876,0.1648020209912733
3141,5.783142389525367,0.002719066115724932,5.783142389525368,0.18363387936156858
3142,5.785142753227859,0.0029694578328463804,5.785142753227859,0.20338436391768405
3143,5.787143116930351,0.0032585873596054256,5.787143116930351,0.22299347601382896
3144,5.789143480632842,0.0035950045712765566,5.789143480632842,0.2409075213589293
3145,5.791143844335334,0.003989794806161905,5.791143844335334,0.25522221548812957
3146,5.793144208037825,0.0044575490881951455,5.793144208037825,0.26406742118415927
3147,5.795144571740316,0.005017800565421747,5.795144571740317,0.26615718322047166
3148,5.797144935442808,0.005697203108195026,5.797144935442807,0.2612520005212641
3149,5.799145299145299,0.006532926405260781,5.799145299145299,0.25025350335278274
3150,5.80114566284779,0.007578111818672419,5.80114566284779,0.23486871977983462
3151,5.803146026550282,0.008910951736402554,5.803146026550282,0.21705885889815843
3152,5.805146390252773,0.010650416056647178,5.805146390252773,0.19856579575495115
3153,5.807146753955265,0.012984776864440089,5.807146753955265,0.18067090160339397
3154,5.809147117657756,0.01622617401692772,5.809147117657756,0.16416830207753266
3155,5.811147481360247,0.02092159212989647,5.811147481360248,0.1494566693345543
3156,5.813147845062739,0.028094766800529504,5.813147845062739,0.13666319000551808
3157,5.81514820876523,0.03981352344866035,5.815148208765231,0.12575268118251545
3158,5.817148572467721,0.06059735782680386,5.817148572467721,0.11660693929486357
3159,5.819148936170213,0.10068677180184984,5.819148936170213,0.10907597041905125
3160,5.821149299872704,0.1774287494294427,5.821149299872704,0.10300818741581452
3161,5.823149663575195,0.25972581097405173,5.823149663575195,0.09826673808764308
3162,5.825150027277687,0.21587617517286353,5.825150027277687,0.0947374633144079
3163,5.827150390980178,0.13489748426966927,5.827150390980178,0.09233219839767162
3164,5.8291507546826695,0.09573168166309018,5.8291507546826695,0.09098973914161064
3165,5.8311511183851605,0.08834872573224652,5.8311511183851605,0.09067584190473212
3166,5.8331514820876516,0.10820129108234944,5.833151482087652,0.09138301247275561
3167,5.8351518457901435,0.1659633504452825,5.835151845790143,0.09313044113064806
3168,5.8371522094926345,0.2508394850281803,5.8371522094926345,0.09596415603870817
3169,5.8391525731951255,0.23176003816794064,5.8391525731951255,0.0999572052575994
3170,5.841152936897617,0.13833470383934537,5.841152936897617,0.10520935481889696
3171,5.843153300600108,0.0796420325384716,5.843153300600108,0.11184531147905429
3172,5.845153664302599,0.0498676405080581,5.8451536643026,0.12000973106964867
3173,5.847154028005091,0.033887106324424404,5.847154028005091,0.12985613618187947
3174,5.849154391707582,0.024529434507534788,5.849154391707583,0.14152527913165908
3175,5.851154755410074,0.01861854875335357,5.851154755410074,0.15510664333856425
3176,5.853155119112565,0.014651486148929709,5.853155119112566,0.17057558057913963
3177,5.855155482815056,0.011857938088648259,5.855155482815056,0.18770042652289123
3178,5.857155846517548,0.009813666305014278,5.857155846517548,0.20592348406674155
3179,5.859156210220039,0.008270308131313025,5.859156210220039,0.224243003460758
3180,5.861156573922531,0.007074810511559949,5.861156573922531,0.241160982688325
3181,5.863156937625022,0.00612869294999539,5.863156937625022,0.2547943904571241
3182,5.865157301327514,0.005366227038560817,5.865157301327514,0.26322502150171656
3183,5.867157665030005,0.004742149963304197,5.867157665030005,0.2650375463574262
3184,5.869158028732497,0.0042244402582182795,5.869158028732497,0.25981381005878695
3185,5.871158392434988,0.003789906932260034,5.871158392434988,0.24829168069620253
3186,5.87315875613748,0.0034214060011749318,5.87315875613748,0.23208341344091254
3187,5.875159119839971,0.0031060321939027193,5.87515911983997,0.21313613913742058
3188,5.877159483542462,0.002833913546271687,5.877159483542462,0.19323270111564161
3189,5.879159847244954,0.0025973892325715474,5.879159847244953,0.17371441814989946
3190,5.881160210947445,0.002390437149133672,5.881160210947445,0.1554283424156398
3191,5.883160574649936,0.0022082679419156612,5.883160574649936,0.13880775337692658
3192,5.885160938352428,0.002047032223587945,5.885160938352428,0.12399498833827094
3193,5.887161302054919,0.0019036061891733792,5.887161302054919,0.1109538225392343
3194,5.88916166575741,0.0017754324475081978,5.889161665757411,0.09955280177375705
3195,5.891162029459902,0.0016604003393600945,5.891162029459902,0.08961960094238956
3196,5.893162393162393,0.0015567548921031785,5.8931623931623935,0.08097313525712736
3197,5.895162756864885,0.001463026811721259,5.895162756864884,0.0734407213884458
3198,5.897163120567376,0.0013779781145600968,5.897163120567376,0.06686603245466767
3199,5.899163484269867,0.001300559514954953,5.899163484269867,0.06111177112511427
3200,5.9011638479723585,0.0012298767402234869,5.9011638479723585,0.0560595277980861
3201,5.9031642116748495,0.001165163689920722,5.9031642116748495,0.051608285827320126
3202,5.9051645753773405,0.0011057608891370256,5.905164575377341,0.04767239702808746
3203,5.907164939079832,0.0010510980708922286,5.907164939079832,0.04417946571887148
3204,5.909165302782323,0.0010006800041792564,5.909165302782324,0.041068356782437886
3205,5.9111656664848145,0.0009540748919338066,5.911165666484815,0.03828741912309174
3206,5.913166030187306,0.0009109048179170832,5.913166030187307,0.0357929497424439
3207,5.915166393889797,0.0008708378377347216,5.915166393889797,0.03354789056873472
3208,5.917166757592289,0.0008335813972672498,5.917166757592289,0.031520735412556594
3209,5.91916712129478,0.0007988768290094851,5.91916712129478,0.02968461945818625
3210,5.921167484997271,0.0007664947285123047,5.921167484997272,0.028016563706597192
3211,5.923167848699763,0.000736231053155903,5.923167848699763,0.02649684909297463
3212,5.925168212402254,0.0007079038166916272,5.925168212402255,0.02510849817371938
3213,5.927168576104745,0.0006813502774703049,5.927168576104746,0.02383684557911398
3214,5.929168939807237,0.0006564245375930845,5.929168939807238,0.02266918150733458
3215,5.931169303509728,0.0006329954855507373,5.931169303509729,0.02159445525141305
3216,5.93316966721222,0.0006109450271490071,5.933169667212221,0.020603028069021145
3217,5.935170030914711,0.0005901665593273774,5.935170030914711,0.019686466644506143
3218,5.937170394617203,0.0005705636493842711,5.937170394617203,0.018837369994623224
3219,5.939170758319694,0.0005520488885233298,5.939170758319694,0.018049223982060617
3220,5.941171122022186,0.0005345428938426391,5.941171122022185,0.017316278670934732
3221,5.943171485724677,0.0005179734371418054,5.943171485724677,0.01663344462836691
3222,5.945171849427169,0.0005022746824111762,5.945171849427168,0.01599620498244867
3223,5.94717221312966,0.00048738651674044836,5.94717221312966,0.015400540620074146
3224,5.949172576832151,0.00047325396175911005,5.949172576832151,0.014842866373576664
3225,5.951172940534643,0.000459826654691939,5.951172940534643,0.014319976423489313
3226,5.953173304237134,0.00044705838975335715,5.953173304237134,0.013828997452887721
3227,5.955173667939625,0.0004349067119751883,5.955173667939625,0.013367348340124841
3228,5.957174031642117,0.00042333255671135703,5.957174031642116,0.01293270538229611
3229,5.959174395344608,0.0004122999290288826,5.959174395344608,0.01252297221016842
3230,5.9611747590471,0.000401775618009164,5.961174759047099,0.012136253693665418
3231,5.963175122749591,0.00039172894167271093,5.963175122749591,0.011770833250922211
3232,5.965175486452082,0.0003821315188246706,5.965175486452082,0.011425153068009562
3233,5.9671758501545735,0.00037295706461580244,5.9671758501545735,0.011097796814294819
3234,5.9691762138570645,0.0003641812070372761,5.9691762138570645,0.010787474503060864
3235,5.9711765775595556,0.0003557813219300929,5.971176577559556,0.010493009200790684
3236,5.9731769412620475,0.00034773638440061043,5.9731769412620475,0.010213325333423777
3237,5.9751773049645385,0.00034002683480039754,5.9751773049645385,0.009947438375433939
3238,5.9771776686670295,0.0003326344576584333,5.9771776686670295,0.009694445739083657
3239,5.979178032369521,0.00032554227215205573,5.979178032369521,0.009453518707686227
3240,5.981178396072012,0.0003187344328745079,5.981178396072012,0.00922389527904047
3241,5.983178759774504,0.00031219613980560914,5.983178759774504,0.009004873804061213
3242,5.985179123476995,0.00030591355652130034,5.985179123476995,0.008795807321617433
3243,5.987179487179486,0.0002998737357900515,5.987179487179487,0.00859609850415261
3244,5.989179850881978,0.00029406455180225674,5.989179850881978,0.008405195140217678
3245,5.991180214584469,0.00028847463836425793,5.99118021458447,0.008222586089891832
3246,5.99318057828696,0.00028309333246358324,5.993180578286961,0.008047797657495286
3247,5.995180941989452,0.0002779106226777324,5.995180941989452,0.007880390333208311
3248,5.997181305691943,0.00027291710195649166,5.997181305691943,0.007719955861412903
3249,5.999181669394434,0.00026810392435852603,5.999181669394435,0.0075661145988995485
3250,6.001182033096926,0.00026346276536779015,6.001182033096926,0.007418513130683544
3251,6.003182396799417,0.0002589857854547337,6.003182396799418,0.007276822115141893
3252,6.005182760501909,0.0002546655965821899,6.005182760501909,0.007140734333624275
3253,6.0071831242044,0.0002504952313868041,6.007183124204401,0.007009962922668641
3254,6.009183487906892,0.0002464681147941737,6.009183487906892,0.0068842397695472145
3255,6.011183851609383,0.0002425780378503018,6.011183851609384,0.006763314054119682
3256,6.013184215311875,0.0002388191335735513,6.013184215311875,0.0066469509219413145
3257,6.015184579014366,0.00023518585465056167,6.015184579014366,0.006534930275288143
3258,6.017184942716858,0.00023167295281681938,6.017184942716857,0.006427045670268621
3259,6.019185306419349,0.00022827545977787135,6.019185306419349,0.006323103309505798
3260,6.02118567012184,0.00022498866954089638,6.02118567012184,0.006222921121034742
3261,6.023186033824332,0.0002218081220386621,6.023186033824332,0.006126327915074436
3262,6.025186397526823,0.00021872958793886426,6.025186397526823,0.006033162611233013
3263,6.027186761229315,0.00021574905454172167,6.027186761229315,0.005943273529492999
3264,6.029187124931806,0.00021286271267761532,6.029187124931806,0.005856517739024891
3265,6.031187488634297,0.00021006694452447254,6.0311874886342975,0.005772760459492753
3266,6.033187852336789,0.00020735831227184723,6.033187852336789,0.005691874510066065
3267,6.03518821603928,0.00020473354756508384,6.03518821603928,0.005613739801835489
3268,6.037188579741771,0.00020218954166879987,6.037188579741771,0.005538242869764621
3269,6.0391889434442625,0.00019972333629422964,6.0391889434442625,0.00546527644069168
3270,6.0411893071467535,0.0001973321150397162,6.0411893071467535,0.005394739034239753
3271,6.0431896708492445,0.00019501319539796542,6.043189670849245,0.0053265345937974305
3272,6.045190034551736,0.0001927640212876143,6.045190034551736,0.005260572145006613
3273,6.047190398254227,0.000190582156070192,6.047190398254228,0.0051967654794361565
3274,6.049190761956719,0.00018846527601677944,6.049190761956719,0.005135032861340556
3275,6.05119112565921,0.00018641116419162982,6.051191125659211,0.005075296755596732
3276,6.053191489361701,0.00018441770472263458,6.053191489361702,0.005017483575089703
3277,6.055191853064193,0.00018248287743098746,6.055191853064192,0.0049615234459740145
3278,6.057192216766684,0.00018060475279458552,6.057192216766684,0.004907349989381594
3279,6.059192580469175,0.00017878148722171827,6.059192580469175,0.004854900118273582
3280,6.061192944171667,0.00017701131861346382,6.061192944171667,0.00480411384824916
3281,6.063193307874158,0.0001752925621948617,6.063193307874158,0.004754934121229459
3282,6.065193671576649,0.0001736236065964807,6.06519367157665,0.004707306641027196
3283,6.067194035279141,0.00017200291016941486,6.067194035279141,0.00466117971989945
3284,6.069194398981632,0.00017042899751801622,6.069194398981633,0.004616504135256417
3285,6.071194762684124,0.00016890045623585003,6.071194762684124,0.004573232995770326
3286,6.073195126386615,0.00016741593383146346,6.073195126386616,0.004531321616190523
3287,6.075195490089106,0.00016597413483151745,6.075195490089106,0.004490727400229707
3288,6.077195853791598,0.00016457381804977725,6.077195853791598,0.004451409730937161
3289,6.079196217494089,0.000163213794011275,6.079196217494089,0.004413329868023623
3290,6.08119658119658,0.00016189292252173057,6.081196581196581,0.004376450851644574
3291,6.083196944899072,0.00016061011037304035,6.083196944899072,0.004340737412189278
3292,6.085197308601564,0.0001593643091762843,6.085197308601564,0.004306155885657776
3293,6.087197672304055,0.00015815451331430383,6.087197672304055,0.004272674134241969
3294,6.089198036006547,0.00015697975800647594,6.089198036006547,0.0042402614717559056
3295,6.091198399709038,0.0001558391174787968,6.091198399709038,0.004208888593588838
3296,6.09319876341153,0.0001547317032328864,6.09319876341153,0.004178527510878754
3297,6.095199127114021,0.00015365666240794895,6.09519912711402,0.00414915148862804
3298,6.097199490816512,0.0001526131762301287,6.097199490816512,0.004120734987503166
3299,6.099199854519004,0.0001516004585440885,6.099199854519003,0.004093253609080455
3300,6.101200218221495,0.00015061775442197134,6.101200218221495,0.004066684044316995
3301,6.103200581923986,0.00014966433884523085,6.103200581923986,0.004041004025042862
3302,6.1052009456264775,0.00014873951545512124,6.1052009456264775,0.004016192278285102
3303,6.1072013093289685,0.00014784261536790656,6.1072013093289685,0.003992228483248493
3304,6.1092016730314604,0.0001469729960511034,6.1092016730314604,0.003969093230790136
3305,6.1112020367339515,0.00014613004025732342,6.1112020367339515,0.003946767985237389
3306,6.1132024004364425,0.0001453131550124827,6.113202400436443,0.003925235048408814
3307,6.115202764138934,0.00014452177065537209,6.1152027641389335,0.003904477525708503
3308,6.117203127841425,0.0001437553399257592,6.117203127841425,0.003884479294172764
3309,6.119203491543916,0.00014301333709837465,6.119203491543916,0.0038652249723573435
3310,6.121203855246408,0.00014229525716030793,6.121203855246408,0.0038466998919606875
3311,6.123204218948899,0.00014160061502948405,6.123204218948899,0.0038288900710867174
3312,6.12520458265139,0.00014092894481203827,6.125204582651391,0.0038117821890568076
3313,6.127204946353882,0.00014027979909654777,6.127204946353882,0.0037953635626875766
3314,6.129205310056373,0.0001396527482831958,6.129205310056374,0.003779622123956467
3315,6.131205673758865,0.00013904737994606346,6.131205673758865,0.0037645463989830572
3316,6.133206037461356,0.00013846329822686027,6.133206037461357,0.0037501254882586826
3317,6.135206401163847,0.0001379001232584959,6.135206401163847,0.003736349048062208
3318,6.137206764866339,0.00013735749061700222,6.137206764866339,0.003723207273003715
3319,6.13920712856883,0.00013683505080039815,6.13920712856883,0.003710690879642567
3320,6.141207492271321,0.00013633246873317298,6.141207492271322,0.003698791091129689
3321,6.143207855973813,0.00013584942329514878,6.143207855973813,0.003687499622828047
3322,6.145208219676304,0.00013538560687355078,6.145208219676305,0.0036768086688682734
3323,6.147208583378795,0.00013494072493718345,6.147208583378796,0.003666710889600056
3324,6.149208947081287,0.0001345144956316807,6.149208947081288,0.0036571993999025545
3325,6.151209310783778,0.00013410664939485372,6.151209310783779,0.0036482677583203216
3326,6.15320967448627,0.0001337169285912186,6.153209674486271,0.0036399099569936187
3327,6.155210038188761,0.00013334508716484415,6.155210038188761,0.0036321204123548954
3328,6.157210401891252,0.00013299089030970341,6.157210401891253,0.0036248939565653596
3329,6.159210765593744,0.0001326541141567678,6.159210765593744,0.003618225829668173
3330,6.161211129296235,0.00013233454547712304,6.161211129296236,0.0036121116724367967
3331,6.163211492998727,0.0001320319814004287,6.163211492998727,0.003606547519899383
3332,6.165211856701219,0.00013174622914808665,6.165211856701219,0.003601529795521946
3333,6.16721222040371,0.00013147710578051777,6.16721222040371,0.003597055306035246
3334,6.169212584106201,0.00013122443795798286,6.1692125841062015,0.003593121236892052
3335,6.171212947808693,0.00013098806171441983,6.171212947808693,0.0035897251483434957
3336,6.173213311511184,0.00013076782224379833,6.173213311511183,0.003586864972124898
3337,6.1752136752136755,0.0001305635736985238,6.175213675213675,0.0035845390087433726
3338,6.1772140389161665,0.0001303751789994543,6.177214038916166,0.0035827459253611996
3339,6.1792144026186575,0.00013020250965711615,6.1792144026186575,0.0035814847542706973
3340,6.181214766321149,0.00013004544560373533,6.1812147663211485,0.0035807548919581217
3341,6.18321513002364,0.00012990387503572246,6.18321513002364,0.003580556098755777
3342,6.185215493726131,0.00012977769426627343,6.185215493726131,0.0035808884990832885
3343,6.187215857428623,0.0001296668075877732,6.187215857428623,0.003581752582280726
3344,6.189216221131114,0.00012957112714370665,6.189216221131114,0.003583149204038025
3345,6.191216584833605,0.00012949057280980437,6.191216584833606,0.0035850795884269622
3346,6.193216948536097,0.00012942507208417073,6.193216948536096,0.0035875453305437384
3347,6.195217312238588,0.00012937455998615808,6.195217312238588,0.0035905483997721384
3348,6.19721767594108,0.00012933897896377102,6.197217675941079,0.0035940911436791244
3349,6.199218039643571,0.00012931827880940187,6.199218039643571,0.003598176292556775
3350,6.201218403346062,0.00012931241658371362,6.201218403346062,0.003602806964626475
3351,6.203218767048554,0.00012932135654750512,6.203218767048554,0.0036079866719235087
3352,6.205219130751045,0.00012934507010140656,6.205219130751045,0.0036137193268823654
3353,6.207219494453536,0.00012938353573327017,6.207219494453537,0.0036200092496455473
3354,6.209219858156028,0.00012943673897313537,6.209219858156028,0.003626861176121018
3355,6.211220221858519,0.00012950467235566082,6.21122022185852,0.0036342802668162095
3356,6.21322058556101,0.0001295873353899319,6.21322058556101,0.0036422721164791156
3357,6.215220949263502,0.00012968473453656376,6.215220949263502,0.003650842764580117
3358,6.217221312965993,0.0001297968831920345,6.217221312965993,0.003659998706671119
3359,6.219221676668485,0.0001299238016801971,6.219221676668485,0.003669746906662131
3360,6.221222040370976,0.0001300655172509295,6.221222040370976,0.003680094810058729
3361,6.223222404073467,0.00013022206408589709,6.223222404073468,0.0036910503582079264
3362,6.225222767775959,0.00013039348331141438,6.225222767775959,0.003702622003603737
3363,6.22722313147845,0.00013057982301840335,6.227223131478451,0.0037148187263084265
3364,6.229223495180941,0.0001307811382894621,6.229223495180942,0.0037276500515498077
3365,6.231223858883433,0.00013099749123306648,6.231223858883434,0.0037411260685603397
3366,6.233224222585924,0.00013122895102494206,6.233224222585924,0.0037552574507288936
3367,6.235224586288416,0.00013147559395665674,6.235224586288416,0.003770055477142312
3368,6.237224949990907,0.0001317375034914955,6.237224949990907,0.0037855320555998523
3369,6.239225313693399,0.00013201477032769263,6.239225313693399,0.003801699747190928
3370,6.24122567739589,0.00013230749246911144,6.24122567739589,0.0038185717925335685
3371,6.2432260410983815,0.00013261577530347053,6.2432260410983815,0.003836162139779579
3372,6.2452264048008725,0.00013293973168823503,6.2452264048008725,0.0038544854745007073
3373,6.2472267685033644,0.00013327948204429932,6.2472267685033644,0.0038735572515801613
3374,6.2492271322058555,0.00013363515445760546,6.2492271322058555,0.0038933937292437142
3375,6.2512274959083465,0.00013400688478885627,6.251227495908347,0.003914012005376488
3376,6.253227859610838,0.0001343948167914935,6.2532278596108375,0.0039354300562833115
3377,6.255228223313329,0.00013479910223812992,6.255228223313329,0.0039576667780646035
3378,6.25722858701582,0.0001352199010556407,6.25722858701582,0.003980742030793846
3379,6.259228950718312,0.00013565738146913118,6.259228950718312,0.004004676685699458
3380,6.261229314420803,0.00013611172015501945,6.261229314420803,0.004029492675570852
3381,6.263229678123295,0.00013658310240348992,6.263229678123295,0.004055213048628458
3382,6.265230041825786,0.0001370717222905864,6.265230041825786,0.004081862026117962
3383,6.267230405528277,0.0001375777828602411,6.267230405528278,0.004109465063912995
3384,6.269230769230769,0.00013810149631654687,6.269230769230769,0.00413804891843538
3385,6.27123113293326,0.00013864308422660636,6.271231132933261,0.004167641717230802
3386,6.273231496635751,0.00013920277773431255,6.273231496635751,0.00419827303456809
3387,6.275231860338243,0.0001397808177854339,6.275231860338243,0.004229973972465098
3388,6.277232224040734,0.0001403774553644046,6.277232224040734,0.004262777247581084
3389,6.279232587743225,0.00014099295174324579,6.279232587743226,0.004296717284457884
3390,6.281232951445717,0.00014162757874306453,6.281232951445717,0.004331830315637264
3391,6.283233315148208,0.00014228161900860833,6.283233315148209,0.004368154489233687
3392,6.2852336788507,0.000142955366296384,6.2852336788507,0.004405729984597088
3393,6.287234042553191,0.0001436491257768703,6.287234042553192,0.004444599136763847
3394,6.289234406255682,0.00014436321435139894,6.289234406255683,0.004484806570462551
3395,6.291234769958174,0.00014509796098429784,6.291234769958174,0.004526399344519358
3396,6.293235133660665,0.0001458537070509359,6.293235133660665,0.004569427107592805
3397,6.295235497363156,0.00014663080670234327,6.295235497363156,0.004613942266264178
3398,6.297235861065648,0.00014742962724711544,6.297235861065648,0.004660000166616486
3399,6.299236224768139,0.00014825054955135613,6.299236224768139,0.0047076592905536145
3400,6.30123658847063,0.00014909396845745967,6.301236588470631,0.004756981468245829
3401,6.303236952173122,0.00014996029322257017,6.303236952173122,0.004808032108235874
3402,6.305237315875613,0.00015084994797761412,6.305237315875614,0.004860880446908764
3403,6.307237679578105,0.00015176337220785277,6.307237679578105,0.004915599819215009
3404,6.309238043280596,0.00015270102125594735,6.309238043280597,0.004972267952749825
3405,6.311238406983088,0.00015366336684860467,6.311238406983088,0.005030967287527313
3406,6.313238770685579,0.00015465089764791487,6.313238770685579,0.00509178532405837
3407,6.3152391343880705,0.0001556641198285712,6.31523913438807,0.005154815002642182
3408,6.3172394980905615,0.0001567035576822316,6.3172394980905615,0.0052201551171251245
3409,6.319239861793053,0.00015776975425034544,6.3192398617930525,0.00528791076676654
3410,6.321240225495544,0.00015886327198685887,6.321240225495544,0.005358193850292063
3411,6.323240589198035,0.00015998469345229692,6.323240589198035,0.005431123606712007
3412,6.325240952900527,0.00016113462204079786,6.325240952900527,0.005506827208051829
3413,6.327241316603019,0.00016231368274178352,6.327241316603018,0.005585440409785813
3414,6.32924168030551,0.0001635225229380483,6.32924168030551,0.005667108265504906
3415,6.331242044008001,0.00016476181324215342,6.331242044008001,0.005751985913190274
3416,6.333242407710492,0.00016603224837313124,6.333242407710492,0.005840239441431585
3417,6.335242771412983,0.00016733454807563083,6.335242771412983,0.00593204684503364
3418,6.337243135115476,0.00016866945808376483,6.337243135115475,0.006027599080729181
3419,6.339243498817967,0.0001700377511320551,6.339243498817966,0.0061271012351773015
3420,6.341243862520458,0.00017144022801604195,6.341243862520458,0.006230773819117865
3421,6.343244226222949,0.00017287771870525367,6.343244226222949,0.006338854203500486
3422,6.34524458992544,0.00017435108351143477,6.345244589925441,0.006451598215668187
3423,6.347244953627931,0.00017586121431509955,6.347244953627932,0.006569281916292827
3424,6.349245317330424,0.00017740903585368066,6.349245317330424,0.006692203580808276
3425,6.351245681032915,0.00017899550707474622,6.351245681032915,0.006820685912631738
3426,6.353246044735406,0.0001806216225580109,6.353246044735406,0.006955078519608468
3427,6.355246408437897,0.00018228841401006943,6.355246408437897,0.0070957606899565455
3428,6.357246772140388,0.00018399695183608214,6.357246772140389,0.00724314450967289
3429,6.359247135842881,0.00018574834679290316,6.35924713584288,0.007397678370033569
3430,6.361247499545372,0.00018754375172843878,6.361247499545372,0.007559850921689
3431,6.363247863247863,0.0001893843634123795,6.363247863247863,0.00773019554113444
3432,6.365248226950354,0.00019127142446374767,6.365248226950355,0.007909295386328827
3433,6.367248590652845,0.00019320622538112996,6.367248590652846,0.008097789131266811
3434,6.369248954355336,0.00019519010668183714,6.369248954355338,0.008296377484819383
3435,6.371249318057829,0.00019722446115668366,6.371249318057829,0.008505830617642174
3436,6.37324968176032,0.0001993107362475382,6.37324968176032,0.008726996643058762
3437,6.375250045462811,0.00020145043655533538,6.375250045462811,0.008960811324311863
3438,6.377250409165302,0.00020364512648673614,6.377250409165303,0.009208309212416124
3439,6.379250772867793,0.0002058964330482676,6.379250772867794,0.009470636457195598
3440,6.3812511365702855,0.00020820604879738823,6.3812511365702855,0.009749065580430484
3441,6.3832515002727765,0.00021057573496061134,6.3832515002727765,0.01004501255614967
3442,6.385251863975268,0.00021300732472960912,6.3852518639752684,0.010360056611259336
3443,6.3872522276777595,0.00021550272674697029,6.3872522276777595,0.010695963242648477
3444,6.3892525913802505,0.00021806392879422678,6.389252591380251,0.011054711048160044
3445,6.3912529550827415,0.0002206930016956853,6.391252955082742,0.011438523092640523
3446,6.393253318785233,0.00022339210345265136,6.393253318785233,0.011849903682087022
3447,6.395253682487725,0.00022616348362374542,6.395253682487724,0.01229168160532951
3448,6.397254046190216,0.00022900948796827979,6.397254046190216,0.012767061132025397
3449,6.399254409892707,0.00023193256337092694,6.399254409892707,0.013279682338157552
3450,6.401254773595198,0.00023493526306743483,6.401254773595199,0.013833692678258673
3451,6.403255137297691,0.00023802025219268508,6.40325513729769,0.014433832152327165
3452,6.405255501000182,0.0002411903136741152,6.405255501000182,0.015085534942961101
3453,6.407255864702673,0.0002444483544954574,6.407255864702673,0.015795051045525244
3454,6.409256228405164,0.00024779741235771884,6.409256228405164,0.016569592204579642
3455,6.411256592107655,0.0002512406627666641,6.411256592107656,0.017417507427316015
3456,6.413256955810146,0.00025478142657846877,6.413256955810146,0.01834849449043915
3457,6.415257319512639,0.0002584231780379292,6.415257319512638,0.01937385520115064
3458,6.41725768321513,0.0002621695533465471,6.417257683215129,0.02050680370089596
3459,6.419258046917621,0.0002660243598011048,6.419258046917621,0.0217628387457521
3460,6.421258410620112,0.00026999158554681164,6.421258410620112,0.023160192492816204
3461,6.423258774322603,0.0002740754099931097,6.423258774322604,0.02472036951491086
3462,6.425259138025096,0.0002782802149444787,6.425259138025095,0.026468789866729073
3463,6.427259501727587,0.00028261059650331563,6.427259501727587,0.02843554774757324
3464,6.429259865430078,0.00028707137780725707,6.429259865430078,0.030656290319413148
3465,6.431260229132569,0.00029166762266896994,6.43126022913257,0.03317320542445847
3466,6.43326059283506,0.0002964046501929175,6.43326059283506,0.03603607517155255
3467,6.435260956537551,0.00030128805045059247,6.435260956537552,0.03930329256647239
3468,6.437261320240044,0.00030632370130353613,6.437261320240043,0.04304263077434501
3469,6.439261683942535,0.0003115177864720844,6.439261683942535,0.04733136825298313
3470,6.441262047645026,0.0003168768149574612,6.441262047645026,0.05225506296606374
3471,6.443262411347517,0.0003224076419353737,6.443262411347518,0.05790377920922937
3472,6.445262775050008,0.00032811749125125783,6.445262775050009,0.06436385599867112
3473,6.447263138752501,0.00033401397966047284,6.447263138752501,0.07170240227969238
3474,6.449263502454992,0.0003401051429714673,6.449263502454992,0.07994090103703146
3475,6.451263866157483,0.0003463994642664986,6.4512638661574835,0.08901447994286024
3476,6.453264229859974,0.0003529059043927318,6.453264229859974,0.09871646653995751
3477,6.455264593562465,0.0003596339349373139,6.4552645935624655,0.10863672778591091
3478,6.4572649572649565,0.0003665935739230374,6.4572649572649565,0.11811895882916149
3479,6.459265320967448,0.0003737954244871984,6.459265320967448,0.12628145058980308
3480,6.4612656846699394,0.0003812507168354034,6.4612656846699394,0.13214807142540486
3481,6.463266048372431,0.0003889713537950762,6.463266048372431,0.13489265297691877
3482,6.465266412074922,0.0003969699603303183,6.465266412074922,0.13411164398156383
3483,6.467266775777413,0.00040525993742189054,6.467266775777414,0.12997667212988998
3484,6.469267139479905,0.0004138555207634204,6.469267139479905,0.12316859252096346
3485,6.471267503182397,0.0004227718447787363,6.471267503182397,0.11463671404765922
3486,6.473267866884888,0.0004320250125264648,6.473267866884887,0.10532688983835917
3487,6.475268230587379,0.0004416321721273422,6.475268230587379,0.09599909737186871
3488,6.47726859428987,0.00045161160042919127,6.47726859428987,0.08716513526378743
3489,6.479268957992361,0.00046198279471493475,6.479268957992362,0.07911109264234871
3490,6.481269321694854,0.00047276657336271414,6.481269321694853,0.07195535682941347
3491,6.483269685397345,0.0004839851864859864,6.483269685397345,0.06570848553908462
3492,6.485270049099836,0.0004956624377182658,6.485270049099836,0.06032039430695038
3493,6.487270412802327,0.000507823818464254,6.487270412802328,0.05571241902221213
3494,6.489270776504818,0.0005204966561210623,6.489270776504819,0.051796921571528536
3495,6.491271140207311,0.0005337102779832969,6.491271140207311,0.048488184330510026
3496,6.493271503909802,0.0005474961927896168,6.493271503909801,0.04570778858573102
3497,6.495271867612293,0.0005618882921521525,6.495271867612293,0.043386750885395245
3498,6.497272231314784,0.0005769230744404436,6.497272231314784,0.04146588438252422
3499,6.499272595017275,0.000592639894078405,6.499272595017276,0.03989527199003087
3500,6.501272958719766,0.0006090812396657112,6.501272958719767,0.038633360261804986
3501,6.503273322422259,0.0006262930448677761,6.503273322422259,0.03764595133992732
3502,6.50527368612475,0.0006443250366465446,6.50527368612475,0.036905234539096304
3503,6.507274049827241,0.0006632311261476399,6.507274049827242,0.03638892256952219
3504,6.509274413529732,0.0006830698484407142,6.509274413529733,0.036079516026161315
3505,6.511274777232223,0.0007039048583602592,6.511274777232225,0.03596369871599578
3506,6.513275140934716,0.0007258054909484327,6.513275140934715,0.03603185676093624
3507,6.515275504637207,0.0007488473965059878,6.515275504637207,0.03627771102455255
3508,6.517275868339698,0.0007731132620689246,6.517275868339698,0.036698052324323056
3509,6.519276232042189,0.0007986936333169273,6.5192762320421895,0.03729257048024504
3510,6.52127659574468,0.0008256878535768555,6.5212765957446805,0.038063770649738884
3511,6.523276959447171,0.0008542051398222786,6.523276959447172,0.039016973177961836
3512,6.5252773231496635,0.0008843658195348447,6.5252773231496635,0.04016039616925774
3513,6.5272776868521545,0.0009163027571703788,6.5272776868521545,0.04150532311604436
3514,6.5292780505546455,0.0009501630050028823,6.529278050554646,0.04306636123959073
3515,6.5312784142571365,0.0009861097206122435,6.5312784142571365,0.04486179977664217
3516,6.533278777959628,0.0010243244026455168,6.533278777959628,0.04691408137517109
3517,6.53527914166212,0.0010650095082479917,6.535279141662119,0.04925040411979306
3518,6.537279505364611,0.001108391530436814,6.537279505364611,0.05190347652684873
3519,6.539279869067102,0.0011547246326184288,6.539279869067102,0.0549124530635364
3520,6.541280232769594,0.0012042949616937256,6.541280232769594,0.058324083085988715
3521,6.543280596472085,0.0012574257924678786,6.543280596472085,0.062194110907233535
3522,6.545280960174576,0.001314483696720443,6.545280960174577,0.06658896764981374
3523,6.547281323877069,0.0013758859835210921,6.547281323877068,0.07158779401092195
3524,6.54928168757956,0.0014421097276802288,6.54928168757956,0.07728482226972508
3525,6.551282051282051,0.0015137027969053171,6.55128205128205,0.08379211717479416
3526,6.553282414984542,0.0015912974142397681,6.553282414984542,0.09124261362849992
3527,6.555282778687033,0.0016756269635547123,6.555282778687033,0.09979326833781423
3528,6.557283142389526,0.001767546980930773,6.557283142389525,0.10962791930846733
3529,6.559283506092017,0.0018680616012330563,6.559283506092016,0.1209590508814475
3530,6.561283869794508,0.001978357188130359,6.561283869794508,0.13402698529666213
3531,6.563284233496999,0.002099845529451861,6.563284233496999,0.14909391488827164
3532,6.56528459719949,0.0022342199238283107,6.565284597199491,0.16642848315317468
3533,6.567284960901981,0.002383528868726768,6.567284960901982,0.18627423472779345
3534,6.569285324604474,0.002550274122677657,6.569285324604474,0.2087924867393208
3535,6.571285688306965,0.0027375430428227187,6.571285688306964,0.2339683967400545
3536,6.573286052009456,0.0029491899347701086,6.573286052009456,0.26147183375422567
3537,6.575286415711947,0.0031900887839090095,6.575286415711947,0.29047912384287133
3538,6.577286779414438,0.003466492058953517,6.577286779414439,0.3194968167787118
3539,6.579287143116931,0.003786550671335267,6.57928714311693,0.34628529061540797
3540,6.581287506819422,0.004161084860733828,6.581287506819422,0.3680288233906451
3541,6.583287870521913,0.00460475658600735,6.583287870521913,0.3818639794622829
3542,6.585288234224404,0.005137904238974298,6.585288234224405,0.3856882538550034
3543,6.587288597926895,0.00578950795251267,6.587288597926896,0.37889892365194794
3544,6.589288961629386,0.0066021608390519635,6.5892889616293875,0.3626254364289334
3545,6.5912893253318785,0.00764075857613695,6.591289325331878,0.33930171707932644
3546,6.5932896890343695,0.009008434065049723,6.5932896890343695,0.311855581542099
3547,6.5952900527368605,0.010877433546887517,6.5952900527368605,0.2829623485284985
3548,6.5972904164393515,0.013552843768967322,6.597290416439352,0.2546324961917727
3549,6.599290780141843,0.017613753779007722,6.5992907801418434,0.22813517110747017
3550,6.601291143844335,0.024249402776289213,6.601291143844335,0.204120130214021
3551,6.603291507546826,0.03609726033411644,6.603291507546826,0.18280216953033093
3552,6.605291871249317,0.05907372802955186,6.605291871249318,0.16412941516876184
3553,6.607292234951808,0.10123827427819608,6.607292234951809,0.1479079472580567
3554,6.6092925986543,0.13400768529363283,6.609292598654301,0.13388302740517746
3555,6.611292962356791,0.10096101594811517,6.611292962356791,0.12178705827526745
3556,6.613293326059283,0.06269758799611584,6.613293326059283,0.11136520895558363
3557,6.615293689761774,0.043849691634215135,6.615293689761774,0.10238729713986267
3558,6.617294053464266,0.036385524938675265,6.617294053464266,0.09465179228813884
3559,6.619294417166757,0.035140687604894826,6.619294417166757,0.08798562429348764
3560,6.621294780869248,0.03845354296021547,6.621294780869249,0.08224198056602139
3561,6.623295144571741,0.04677370410516107,6.62329514457174,0.07729732066515545
3562,6.625295508274232,0.06276754760046185,6.625295508274232,0.07304826306699218
3563,6.627295871976723,0.09323764329397112,6.627295871976723,0.06940866639241554
3564,6.629296235679214,0.1540967384788845,6.629296235679215,0.06630704250297063
3565,6.631296599381705,0.27081641294818687,6.631296599381705,0.06368434050215882
3566,6.633296963084196,0.3835419860176761,6.633296963084197,0.06149209171628079
3567,6.635297326786689,0.30067137280983064,6.635297326786688,0.05969088418275124
3568,6.63729769048918,0.17493471382182546,6.63729769048918,0.058249128338106734
3569,6.639298054191671,0.10710839856542162,6.639298054191671,0.057142076292988446
3570,6.641298417894162,0.07481428008236955,6.641298417894162,0.05635106135142046
3571,6.643298781596653,0.059919330717830954,6.643298781596654,0.055862930173536246
3572,6.645299145299146,0.05487733349283371,6.645299145299145,0.055669646139436924
3573,6.647299509001637,0.05741042863198656,6.647299509001637,0.055768048576923974
3574,6.649299872704128,0.06864239320020765,6.649299872704128,0.056159758416726345
3575,6.651300236406619,0.09402010860176267,6.651300236406619,0.056851226554003514
3576,6.65330060010911,0.14755868999053334,6.65330060010911,0.05785392682523078
3577,6.655300963811601,0.25473005080968214,6.655300963811602,0.05918470118422733
3578,6.6573013275140935,0.37841548264295066,6.657301327514093,0.06086627049497296
3579,6.6593016912165846,0.3175592360436545,6.6593016912165846,0.06292793040436763
3580,6.661302054919076,0.1845929697245969,6.661302054919076,0.0654064579313485
3581,6.663302418621567,0.1083233184604136,6.6633024186215675,0.06834726036441736
3582,6.665302782324058,0.07046404347842675,6.6653027823240585,0.07180580296921174
3583,6.66730314602655,0.050862403647551936,6.66730314602655,0.07584935417261231
3584,6.669303509729041,0.04050549513207881,6.669303509729041,0.08055908306575146
3585,6.671303873431532,0.03572335762972713,6.671303873431532,0.08603252830878792
3586,6.673304237134023,0.03543786490177633,6.673304237134023,0.09238641922139026
3587,6.6753046008365144,0.04055272429160859,6.675304600836515,0.0997597505229379
3588,6.6773049645390055,0.05487932255736062,6.677304964539006,0.10831686036651608
3589,6.679305328241498,0.0864734263518438,6.679305328241498,0.11824998488188704
3590,6.681305691943989,0.12916695329455105,6.681305691943989,0.12978027858772204
3591,6.68330605564648,0.1167690028446029,6.683306055646481,0.1431554755528785
3592,6.685306419348972,0.07038310682109537,6.685306419348972,0.15864105913183107
3593,6.687306783051463,0.041845381390991795,6.687306783051464,0.17649985163837484
3594,6.689307146753955,0.02729160159966982,6.689307146753955,0.19695233683505847
3595,6.691307510456446,0.01937851845551424,6.691307510456446,0.22010737523630697
3596,6.693307874158938,0.014665387349347747,6.693307874158937,0.24585229652412954
3597,6.695308237861429,0.011627610956675603,6.695308237861429,0.2736974338063116
3598,6.69730860156392,0.00954195218560718,6.69730860156392,0.30259119861561096
3599,6.699308965266411,0.008036583679520105,6.699308965266412,0.33076566494490767
3600,6.701309328968904,0.006905952701703072,6.701309328968903,0.3557322805835532
3601,6.703309692671395,0.006029156717667842,6.703309692671395,0.37457633235076965
3602,6.705310056373886,0.005331256099832508,6.705310056373886,0.38461147295863446
3603,6.707310420076377,0.004763691660560961,6.707310420076378,0.3842152471288951
3604,6.709310783778868,0.004293784492856892,6.709310783778869,0.373426296754212
3605,6.711311147481361,0.003898816419182354,6.71131114748136,0.3539291942157387
3606,6.713311511183852,0.0035625439693141923,6.713311511183851,0.3284370010448239
3607,6.715311874886343,0.0032730656096247694,6.715311874886343,0.29985600826737224
3608,6.717312238588834,0.0030214723602152854,6.717312238588834,0.2706454901478644
3609,6.719312602291325,0.002800968322087084,6.719312602291326,0.24253895924790458
3610,6.721312965993816,0.0026062821283477514,6.721312965993817,0.2165582840253751
3611,6.723313329696309,0.002433263668569218,6.723313329696309,0.1931715345463065
3612,6.7253136933988,0.0022786018350455556,6.7253136933988,0.17247745273158097
3613,6.727314057101291,0.002139623152126385,6.7273140571012915,0.1543590061907526
3614,6.729314420803782,0.0020141455955874224,6.7293144208037825,0.13859130157302194
3615,6.731314784506273,0.0019003707879925288,6.7313147845062735,0.1249093064827208
3616,6.733315148208765,0.001796803342274744,6.7333151482087645,0.11304646037896085
3617,6.735315511911256,0.0017021897162188666,6.735315511911256,0.10275441604084062
3618,6.7373158756137475,0.0016154712938652744,6.7373158756137475,0.09381147464664098
3619,6.7393162393162385,0.0015357479804086196,6.739316239316239,0.08602470150788849
3620,6.7413166030187295,0.0014622496629063083,6.74131660301873,0.07922878369245082
3621,6.7433169667212205,0.0013943136235452492,6.743316966721222,0.07328340906974963
3622,6.745317330423713,0.0013313665056289392,6.745317330423713,0.06807014953572153
3623,6.747317694126204,0.001272909796169794,6.747317694126205,0.06348935864878444
3624,6.749318057828695,0.0012185080498669269,6.749318057828696,0.05945732432832297
3625,6.751318421531186,0.0011677792685761343,6.751318421531187,0.05590376939634824
3626,6.753318785233677,0.0011203869892663693,6.753318785233678,0.052769715574826105
3627,6.75531914893617,0.0010760337363914035,6.75531914893617,0.050005689312988336
3628,6.757319512638661,0.0010344555716255413,6.757319512638661,0.04757023245787116
3629,6.759319876341152,0.0009954175320639554,6.759319876341152,0.045428676941969635
3630,6.761320240043644,0.0009587097922706217,6.761320240043644,0.04355214453441234
3631,6.763320603746135,0.0009241444195457666,6.763320603746135,0.04191673710955907
3632,6.765320967448626,0.0008915526180746548,6.765320967448627,0.040502888155263636
3633,6.767321331151118,0.0008607823780985385,6.767321331151118,0.03929485154104378
3634,6.76932169485361,0.0008316964623108835,6.76932169485361,0.03828030852710773
3635,6.771322058556101,0.0008041706743605845,6.7713220585561,0.03745007850069226
3636,6.773322422258592,0.0007780923644147192,6.773322422258592,0.03679792298567963
3637,6.775322785961083,0.000753359134777091,6.775322785961083,0.036320436153704054
3638,6.777323149663576,0.0007298777150213796,6.777323149663575,0.03601701845783697
3639,6.779323513366067,0.0007075629813160562,6.779323513366066,0.03588993319460888
3640,6.781323877068558,0.0006863370988531758,6.781323877068558,0.035944448826283434
3641,6.783324240771049,0.0006661287697477147,6.783324240771049,0.036189072749515334
3642,6.78532460447354,0.0006468725716031761,6.785324604473541,0.036635884749853465
3643,6.787324968176031,0.0006285083742680021,6.787324968176032,0.037300980299398795
3644,6.789325331878524,0.0006109808242312105,6.789325331878524,0.03820503443906655
3645,6.791325695581015,0.0005942388877020629,6.791325695581014,0.039373994901876
3646,6.793326059283506,0.0005782354447477254,6.793326059283506,0.04083990593931587
3647,6.795326422985997,0.0005629269279746833,6.795326422985997,0.04264184768015389
3648,6.797326786688488,0.0005482730001714846,6.7973267866884886,0.04482694228470512
3649,6.7993271503909805,0.0005342362661154299,6.79932715039098,0.047451315002806936
3650,6.8013275140934715,0.0005207820144085586,6.8013275140934715,0.0505807848157135
3651,6.8033278777959625,0.0005078779857695532,6.8033278777959625,0.05429086341818108
3652,6.8053282414984535,0.0004954941646856774,6.805328241498454,0.05866531661292533
3653,6.8073286052009445,0.00048360259173511937,6.807328605200945,0.06379203238966409
3654,6.8093289689034355,0.0004721771942378688,6.809328968903437,0.06975420339370364
3655,6.811329332605928,0.0004611936331909891,6.811329332605927,0.0766139186957483
3656,6.813329696308419,0.0004506291647001169,6.813329696308419,0.08438449966782394
3657,6.81533006001091,0.00044046251433928104,6.81533006001091,0.09298826587417686
3658,6.817330423713401,0.00043067376306176716,6.817330423713402,0.10219990051086465
3659,6.819330787415892,0.0004212442434492217,6.819330787415893,0.11158518235860543
3660,6.821331151118385,0.0004121564452292905,6.821331151118385,0.1204621830051077
3661,6.823331514820876,0.0004033939291163525,6.823331514820876,0.12793087280990212
3662,6.825331878523367,0.00039494124813805687,6.825331878523368,0.13301605070390965
3663,6.827332242225858,0.0003867838757051643,6.827332242225859,0.13491967823602338
3664,6.829332605928349,0.0003789081397646668,6.829332605928351,0.1332886533558434
3665,6.831332969630842,0.000371301162448818,6.831332969630841,0.12834869608125776
3666,6.833333333333333,0.0003639508046963798,6.833333333333333,0.12081726106884101
3667,6.835333697035824,0.0003568456153783169,6.835333697035824,0.11165292678141522
3668,6.837334060738315,0.0003499747845097631,6.837334060738316,0.10178810942922248
3669,6.839334424440807,0.00034332810017349705,6.839334424440807,0.09195831242958064
3670,6.841334788143298,0.0003368959088188608,6.841334788143299,0.08265010201519396
3671,6.84333515184579,0.00033066907863418175,6.84333515184579,0.07412900464111784
3672,6.845335515548282,0.0003246389657211264,6.845335515548282,0.06649881152590342
3673,6.847335879250773,0.0003187973828262587,6.847335879250773,0.059760591548160595
3674,6.849336242953264,0.0003131365704092311,6.849336242953265,0.05385838583839898
3675,6.851336606655755,0.0003076491698482495,6.851336606655755,0.04870989787252364
3676,6.853336970358248,0.00030232819860263237,6.853336970358247,0.04422507887205512
3677,6.855337334060739,0.00029716702716934195,6.855337334060738,0.040316343748736765
3678,6.85733769776323,0.0002921593576855505,6.85733769776323,0.03690352757949815
3679,6.859338061465721,0.00028729920404313506,6.859338061465721,0.033915769805326956
3680,6.861338425168212,0.0002825808733931327,6.861338425168213,0.0312917267097362
3681,6.863338788870703,0.00027799894892931143,6.863338788870704,0.028978953942173622
3682,6.8653391525731955,0.0002735482738499054,6.8653391525731955,0.02693293941856014
3683,6.8673395162756865,0.0002692239364055395,6.8673395162756865,0.02511604642971098
3684,6.8693398799781775,0.0002650212559493577,6.869339879978178,0.023496497909486012
3685,6.8713402436806685,0.00026093576991277276,6.8713402436806685,0.02204746028575979
3686,6.8733406073831596,0.0002569632216367166,6.87334060738316,0.02074624618089638
3687,6.875340971085652,0.00025309954899429394,6.8753409710856515,0.019573635254144215
3688,6.877341334788143,0.0002493408737461341,6.8773413347881425,0.018513303219314183
3689,6.879341698490634,0.00024568349157456736,6.879341698490634,0.017551345601722133
3690,6.881342062193125,0.00024212386274729606,6.881342062193125,0.01667588231407823
3691,6.883342425895616,0.0002386586033651606,6.883342425895617,0.015876730070326906
3692,6.885342789598107,0.00023528447715233174,6.885342789598108,0.015145131173436284
3693,6.8873431533006,0.00023199838775057682,6.8873431533006,0.014473528867276157
3694,6.889343517003091,0.00022879737148231196,6.88934351700309,0.01385538101924915
3695,6.891343880705582,0.00022567859054987426,6.891343880705582,0.013285005306991152
3696,6.893344244408073,0.00022263932664107056,6.893344244408073,0.01275745029164061
3697,6.895344608110564,0.00021967697491328576,6.895344608110565,0.012268387776155841
3698,6.897344971813057,0.00021678903833060136,6.897344971813056,0.011814022688693634
3699,6.899345335515548,0.0002139731223303107,6.899345335515548,0.011391017421696603
3700,6.901345699218039,0.0002112269297969481,6.901345699218039,0.010996428120956296
3701,6.90334606292053,0.00020854825632365246,6.903346062920531,0.010627650877288121
3702,6.905346426623021,0.00020593498574210305,6.905346426623022,0.01028237614563855
3703,6.907346790325513,0.000203385085903681,6.907346790325514,0.009958550018449237
3704,6.909347154028005,0.00020089660469575223,6.909347154028004,0.009654341225286965
3705,6.911347517730496,0.00019846766627814143,6.911347517730496,0.009368112929962157
3706,6.913347881432987,0.00019609646752589285,6.913347881432987,0.00909839855849456
3707,6.915348245135479,0.00019378127466546165,6.915348245135479,0.008843881023449988
3708,6.91734860883797,0.00019152042009231725,6.91734860883797,0.008603374818162684
3709,6.919348972540462,0.00018931229935881312,6.919348972540462,0.008375810542766338
3710,6.921349336242954,0.0001871553683219459,6.921349336242953,0.008160221496536231
3711,6.923349699945445,0.00018504814044130384,6.923349699945445,0.00795573203075252
3712,6.925350063647936,0.0001829891842182215,6.925350063647936,0.007761547405564085
3713,6.927350427350427,0.0001809771207677054,6.927350427350428,0.007576944935070783
3714,6.929350791052918,0.0001790106215152932,6.929350791052918,0.007401266238637519
3715,6.9313511547554105,0.0001770884060115169,6.93135115475541,0.007233910444541682
3716,6.9333515184579015,0.00017520923985713446,6.933351518457901,0.007074328215481715
3717,6.935351882160393,0.00017337193273270974,6.935351882160393,0.006922016485043923
3718,6.937352245862884,0.00017157533652658878,6.937352245862884,0.006776513810632751
3719,6.939352609565375,0.00016981834355565186,6.9393526095653755,0.006637396262144656
3720,6.941352973267867,0.00016809988487360907,6.9413529732678665,0.006504273777275754
3721,6.943353336970358,0.0001664189286619382,6.943353336970358,0.006376786924146842
3722,6.945353700672849,0.00016477447869884612,6.945353700672849,0.0062546040202260764
3723,6.94735406437534,0.00016316557290196816,6.947354064375341,0.006137418563559912
3724,6.949354428077831,0.00016159128194074166,6.949354428077831,0.0060249469383085305
3725,6.9513547917803225,0.00016005070791466665,6.951354791780323,0.005916926361676119
3726,6.953355155482815,0.00015854298309388767,6.953355155482814,0.00581311304368437
3727,6.955355519185306,0.0001570672687187575,6.955355519185306,0.005713280534961916
3728,6.957355882887797,0.00015562275385521966,6.957355882887797,0.005617218240923548
3729,6.959356246590288,0.0001542086543030773,6.959356246590289,0.005524730083459228
3730,6.961356610292779,0.00015282421155434864,6.96135661029278,0.005435633293624361
3731,6.963356973995272,0.0001514686917991004,6.963356973995272,0.005349757320864273
3732,6.965357337697763,0.00015014138497629876,6.965357337697763,0.005266942846076943
3733,6.967357701400254,0.00014884160386734437,6.967357701400255,0.005187040887347665
3734,6.969358065102745,0.0001475686832301261,6.969358065102745,0.005109911988522267
3735,6.971358428805236,0.00014632197897151817,6.971358428805237,0.005035425481940256
3736,6.973358792507727,0.00014510086735638458,6.973358792507728,0.004963458817660038
3737,6.97535915621022,0.00014390474425125753,6.97535915621022,0.004893896952386203
3738,6.977359519912711,0.00014273302440096584,6.977359519912711,0.004826631792080904
3739,6.979359883615202,0.0001415851407365684,6.979359883615203,0.004761561682913298
3740,6.981360247317693,0.00014046054371306916,6.981360247317694,0.004698590945794687
3741,6.983360611020185,0.00013935870067544533,6.983360611020186,0.004637629450264718
3742,6.985360974722677,0.00013827909525161554,6.985360974722677,0.004578592223953528
3743,6.987361338425168,0.0001372212267710536,6.987361338425169,0.004521399094246103
3744,6.989361702127659,0.0001361846097078033,6.989361702127659,0.0044659743591330655
3745,6.991362065830151,0.00013516877314674806,6.99136206583015,0.004412246484545144
3746,6.993362429532642,0.00013417326027202132,6.993362429532642,0.004360147825748936
3747,6.995362793235133,0.00013319762787651954,6.995362793235133,0.004309614370627767
3748,6.997363156937625,0.00013224144589152909,6.997363156937625,0.004260585502891051
3749,6.999363520640117,0.00013130429693553527,6.999363520640116,0.0042130037834515206
3750,7.001363884342608,0.00013038577588131664,7.001363884342608,0.004166814748382174
3751,7.003364248045099,0.00012948548944049783,7.003364248045099,0.004121966722021188
3752,7.00536461174759,0.0001286030557647534,7.0053646117475905,0.004078410643929852
3753,7.007364975450082,0.0001277381040629099,7.0073649754500815,0.00403609990853367
3754,7.009365339152573,0.0001268902742332324,7.0093653391525725,0.0039949902163859885
3755,7.011365702855064,0.00012605921651020395,7.0113657028550636,0.003955039436093953
3756,7.0133660665575555,0.00012524459112516498,7.0133660665575555,0.0039162074760342456
3757,7.0153664302600465,0.00012444606798018846,7.0153664302600465,0.003878456165067145
3758,7.0173667939625375,0.000123663326334611,7.017366793962538,0.0038417491415280343
3759,7.01936715766503,0.0001228960545036649,7.019367157665029,0.0038060517498412823
3760,7.021367521367521,0.00012214394956868636,7.021367521367521,0.003771330944158531
3761,7.023367885070012,0.00012140671709839126,7.023367885070012,0.0037375551984770543
3762,7.025368248772503,0.00012068407088075222,7.025368248772504,0.003704694422740207
3763,7.027368612474994,0.00011997573266501552,7.027368612474995,0.00367271988446595
3764,7.029368976177487,0.00011928143191342855,7.029368976177486,0.00364160413548718
3765,7.031369339879978,0.00011860090556226973,7.031369339879977,0.0036113209434237713
3766,7.033369703582469,0.00011793389779178191,7.033369703582469,0.0035818452275371265
3767,7.03537006728496,0.00011728015980464703,7.03537006728496,0.003553152998647912
3768,7.037370430987451,0.00011663944961263851,7.037370430987452,0.003525221302822992
3769,7.039370794689942,0.00011601153183111758,7.039370794689943,0.003498028168562406
3770,7.041371158392435,0.00011539617748104854,7.041371158392435,0.0034715525572380575
3771,7.043371522094926,0.00011479316379822945,7.043371522094926,0.0034457743165564854
3772,7.045371885797417,0.0001142022740494376,7.045371885797418,0.0034206741368353086
3773,7.047372249499908,0.00011362329735521935,7.047372249499909,0.0033962335099002147
3774,7.049372613202399,0.00011305602851905082,7.0493726132024,0.003372434690423645
3775,7.051372976904892,0.0001125002678626167,7.051372976904891,0.0033492606595408657
3776,7.053373340607383,0.00011195582106696703,7.053373340607383,0.0033266950905909264
3777,7.055373704309874,0.00011142249901931223,7.055373704309874,0.003304722316842299
3778,7.057374068012365,0.00011090011766524457,7.057374068012366,0.003283327301072828
3779,7.059374431714857,0.0001103884978661672,7.059374431714857,0.0032624956068840042
3780,7.061374795417348,0.00010988746526173128,7.061374795417349,0.0032422133716378033
3781,7.06337515911984,0.00010939685013708712,7.06337515911984,0.003222467280913132
3782,7.065375522822331,0.00010891648729476695,7.065375522822332,0.0032032445443858377
3783,7.067375886524823,0.00010844621593101693,7.067375886524823,0.0031845328730437166
3784,7.069376250227314,0.00010798587951641726,7.069376250227314,0.0031663204576537615
3785,7.071376613929805,0.00010753532568062295,7.071376613929805,0.003148595948405288
3786,7.073376977632297,0.00010709440610107317,7.073376977632297,0.0031313484356574675
3787,7.0753773413347885,0.00010666297639552245,7.075377341334788,0.0031145674317252744
3788,7.0773777050372795,0.00010624089601824789,7.0773777050372795,0.0030982428536419793
3789,7.0793780687397705,0.00010582802815980307,7.0793780687397705,0.0030823650068410495
3790,7.0813784324422615,0.00010542423965018479,7.081378432442262,0.0030669245697037824
3791,7.0833787961447525,0.00010502940086528982,7.083378796144753,0.0030519125789230995
3792,7.085379159847245,0.00010464338563654312,7.085379159847245,0.0030373204156368496
3793,7.087379523549736,0.00010426607116358458,7.087379523549736,0.003023139792287545
3794,7.089379887252227,0.00010389733792990175,7.089379887252227,0.003009362740167898
3795,7.091380250954718,0.00010353706962130932,7.091380250954718,0.0029959815976146682
3796,7.093380614657209,0.00010318515304717168,7.09338061465721,0.0029829889988153943
3797,7.095380978359702,0.00010284147806427335,7.095380978359701,0.0029703778631953153
3798,7.097381342062193,0.00010250593750324734,7.097381342062193,0.0029581413853535642
3799,7.099381705764684,0.00010217842709746915,7.099381705764684,0.0029462730255200896
3800,7.101382069467175,0.00010185884541433737,7.101382069467176,0.002934766500506294
3801,7.103382433169666,0.00010154709378885572,7.103382433169667,0.00292361577512445
3802,7.105382796872157,0.00010124307625944084,7.105382796872159,0.0029128150540522688
3803,7.10738316057465,0.0001009466995058808,7.10738316057465,0.002902358774120839
3804,7.109383524277141,0.00010065787278937408,7.10938352427714,0.002892241597005255
3805,7.111383887979632,0.00010037650789457746,7.111383887979632,0.00288245840229889
3806,7.113384251682123,0.00010010251907360155,7.113384251682123,0.002873004280953296
3807,7.115384615384614,9.983582299188754e-05,7.115384615384615,0.0028638745290669536
3808,7.117384979087107,9.95763386759057e-05,7.117384979087106,0.0028550646420072907
3809,7.119385342789598,9.932398746261939e-05,7.119385342789598,0.0028465703088512064
3810,7.121385706492089,9.907869295065458e-05,7.121385706492089,0.002838387407130583
3811,7.12338607019458,9.884038095312714e-05,7.123386070194581,0.002830511997869887
3812,7.125386433897071,9.860897945207222e-05,7.125386433897072,0.002822940320904119
3813,7.127386797599562,9.838441855442877e-05,7.127386797599564,0.0028156687904659153
3814,7.129387161302055,9.816663044953124e-05,7.129387161302054,0.0028086939910316154
3815,7.131387525004546,9.795554936806438e-05,7.131387525004546,0.0028020126734166323
3816,7.133387888707037,9.775111154243523e-05,7.133387888707037,0.0027956217511113522
3817,7.135388252409528,9.755325516852396e-05,7.135388252409529,0.0027895182968492548
3818,7.13738861611202,9.73619203687711e-05,7.13738861611202,0.0027836995393997724
3819,7.139388979814512,9.717704915656396e-05,7.139388979814512,0.0027781628605788172
3820,7.141389343517003,9.699858540188592e-05,7.141389343517003,0.0027729057924706663
3821,7.1433897072194945,9.682647479819135e-05,7.1433897072194945,0.002767926014855263
3822,7.1453900709219855,9.666066483047527e-05,7.1453900709219855,0.0027632213528357105
3823,7.1473904346244765,9.650110474450315e-05,7.147390434624477,0.0027587897746610616
3824,7.1493907983269676,9.634774551717092e-05,7.1493907983269676,0.0027546293897401934
3825,7.15139116202946,9.620053982796488e-05,7.1513911620294595,0.0027507384468428452
3826,7.153391525731951,9.605944203149396e-05,7.1533915257319505,0.0027471153324845608
3827,7.155391889434442,9.592440813106537e-05,7.155391889434442,0.00274375856949255
3828,7.157392253136933,9.579539575327961e-05,7.157392253136933,0.0027406668157501143
3829,7.159392616839424,9.567236412361852e-05,7.159392616839425,0.002737838863117544
3830,7.161392980541917,9.555527404300277e-05,7.161392980541916,0.0027352736365280116
3831,7.163393344244408,9.544408786529641e-05,7.163393344244408,0.0027329701932572595
3832,7.165393707946899,9.533876947573564e-05,7.165393707946899,0.0027309277223664494
3833,7.16739407164939,9.523928427026248e-05,7.167394071649391,0.0027291455443178543
3834,7.169394435351881,9.514559913574209e-05,7.169394435351881,0.002727623110763614
3835,7.171394799054372,9.505768243104552e-05,7.171394799054373,0.002726360004508135
3836,7.173395162756865,9.497550396897971e-05,7.173395162756864,0.002725355939645199
3837,7.175395526459356,9.489903499904776e-05,7.175395526459356,0.002724610761871292
3838,7.177395890161847,9.482824819102216e-05,7.177395890161847,0.0027241244489771034
3839,7.179396253864338,9.476311761931713e-05,7.179396253864339,0.0027238971115196484
3840,7.181396617566829,9.470361874814391e-05,7.18139661756683,0.0027239289936779195
3841,7.183396981269322,9.464972841743562e-05,7.183396981269322,0.0027242204742954916
3842,7.185397344971813,9.460142482952877e-05,7.185397344971813,0.002724772068114021
3843,7.187397708674304,9.45586875365883e-05,7.187397708674305,0.002725584427202096
3844,7.189398072376795,9.452149742876518e-05,7.189398072376795,0.002726658342584483
3845,7.191398436079286,9.44898367230749e-05,7.191398436079287,0.0027279947460773744
3846,7.193398799781777,9.446368895298702e-05,7.193398799781778,0.0027295947123358597
3847,7.19539916348427,9.444303895871594e-05,7.19539916348427,0.002731459461120491
3848,7.197399527186761,9.442787287820366e-05,7.197399527186761,0.0027335903597904827
3849,7.199399890889252,9.441817813878655e-05,7.199399890889253,0.0027359889260318
3850,7.201400254591743,9.441394344953829e-05,7.201400254591744,0.002738656830829132
3851,7.203400618294234,9.441515879428178e-05,7.203400618294236,0.0027415959016915915
3852,7.205400981996727,9.442181542526379e-05,7.205400981996727,0.002744808126142744
3853,7.207401345699218,9.4433905857486e-05,7.2074013456992185,0.0027482956554865743
3854,7.209401709401709,9.445142386368797e-05,7.209401709401709,0.002752060808861876
3855,7.2114020731042,9.447436446997656e-05,7.211402073104201,0.002756106077598632
3856,7.213402436806692,9.450272395209806e-05,7.213402436806692,0.0027604341298909994
3857,7.215402800509183,9.453649983234971e-05,7.2154028005091835,0.0027650478158027583
3858,7.2174031642116745,9.457569087712737e-05,7.2174031642116745,0.0027699501726222335
3859,7.219403527914166,9.462029709510675e-05,7.219403527914166,0.002775144430585192
3860,7.221403891616657,9.467031973605735e-05,7.221403891616657,0.002780634018985499
3861,7.223404255319148,9.472576129028682e-05,7.223404255319149,0.0027864225726950565
3862,7.225404619021639,9.47866254887154e-05,7.22540461902164,0.00279251393911604
3863,7.227404982724132,9.485291730358095e-05,7.2274049827241305,0.002798912185590453
3864,7.229405346426623,9.492464294977368e-05,7.229405346426622,0.0028056216072937807
3865,7.231405710129114,9.500180988680343e-05,7.231405710129113,0.0028126467356417825
3866,7.233406073831605,9.508442682139921e-05,7.233406073831605,0.002819992347241689
3867,7.235406437534096,9.517250371074441e-05,7.235406437534096,0.0028276634734214715
3868,7.237406801236587,9.526605176634995e-05,7.237406801236588,0.0028356654103736893
3869,7.23940716493908,9.536508345856869e-05,7.239407164939079,0.002844003729953088
3870,7.241407528641571,9.546961252175474e-05,7.241407528641571,0.0028526842911705294
3871,7.243407892344062,9.5579653960073e-05,7.243407892344062,0.002861713252428971
3872,7.245408256046553,9.56952240539626e-05,7.245408256046554,0.002871097084551198
3873,7.247408619749044,9.58163403672611e-05,7.247408619749044,0.0028808425846527687
3874,7.249408983451537,9.594302175499516e-05,7.249408983451536,0.002890956890918331
3875,7.251409347154028,9.607528837184407e-05,7.251409347154027,0.0029014474983439166
3876,7.253409710856519,9.621316168128526e-05,7.253409710856519,0.0029123222755134143
3877,7.25541007455901,9.635666446542762e-05,7.25541007455901,0.002923589482482738
3878,7.257410438261501,9.650582083554336e-05,7.257410438261502,0.002935257789851827
3879,7.259410801963992,9.66606562433066e-05,7.259410801963993,0.0029473362991110285
3880,7.261411165666485,9.682119749274968e-05,7.261411165666485,0.0029598345643562745
3881,7.263411529368976,9.698747275294664e-05,7.263411529368976,0.0029727626154752154
3882,7.265411893071467,9.715951157143763e-05,7.265411893071468,0.002986130982915843
3883,7.267412256773958,9.733734488840388e-05,7.267412256773958,0.002999950724158547
3884,7.269412620476449,9.752100505160778e-05,7.26941262047645,0.0030142334520237486
3885,7.271412984178942,9.77105258321114e-05,7.271412984178941,0.003028991364958702
3886,7.273413347881433,9.790594244078735e-05,7.273413347881433,0.0030442372794605445
3887,7.275413711583924,9.810729154563898e-05,7.275413711583924,0.003059984664806598
3888,7.277414075286415,9.831461128994331e-05,7.277414075286416,0.0030762476802792442
3889,7.279414438988906,9.852794131123592e-05,7.279414438988907,0.0030930412150897146
3890,7.281414802691398,9.874732276115471e-05,7.2814148026913985,0.003110380931224948
3891,7.2834151663938895,9.897279832616115e-05,7.2834151663938895,0.003128283309462543
3892,7.2854155300963805,9.920441224915825e-05,7.285415530096381,0.0031467656988229758
3893,7.287415893798872,9.944221035202774e-05,7.287415893798872,0.0031658463697539856
3894,7.2894162575013635,9.968624005910512e-05,7.2894162575013635,0.0031855445713715805
3895,7.2914166212038545,9.993655042161741e-05,7.2914166212038545,0.0032058805931139064
3896,7.293416984906346,0.00010019319214310642,7.293416984906346,0.003226875831200627
3897,7.295417348608837,0.00010045621760586135,7.295417348608837,0.003248552860329862
3898,7.297417712311329,0.00010072568089838945,7.297417712311329,0.003270935511089786
3899,7.29941807601382,0.00010100163784394776,7.29941807601382,0.003294048953611054
3900,7.301418439716311,0.00010128414603016722,7.301418439716312,0.003317919788042253
3901,7.303418803418802,0.00010157326483979724,7.303418803418803,0.003342576142491913
3902,7.305419167121295,0.00010186905548260225,7.305419167121295,0.003368047779150679
3903,7.307419530823786,0.0001021715810284405,7.307419530823785,0.003394366209384324
3904,7.309419894526277,0.0001024809064415626,7.309419894526277,0.0034215648186762585
3905,7.311420258228768,0.00010279709861615974,7.311420258228768,0.0034496790023956013
3906,7.313420621931259,0.000103120226413202,7.31342062193126,0.003478746313477955
3907,7.315420985633752,0.00010345036069860302,7.315420985633751,0.0035088066232296738
3908,7.317421349336243,0.00010378757438275035,7.317421349336243,0.003539902296607563
3909,7.319421713038734,0.00010413194246144578,7.319421713038734,0.00357207838348367
3910,7.321422076741225,0.00010448354205829445,7.321422076741226,0.0036053828275852094
3911,7.323422440443716,0.0001048424524685914,7.323422440443717,0.0036398666950021113
3912,7.325422804146207,0.0001052087552047508,7.325422804146209,0.0036755844243864834
3913,7.3274231678487,0.00010558253404332744,7.327423167848699,0.0037125941012297013
3914,7.329423531551191,0.00010596387507368039,7.329423531551191,0.0037509577589026413
3915,7.331423895253682,0.00010635286674833535,7.331423895253682,0.003790741709484199
3916,7.333424258956173,0.00010674959993509655,7.333424258956174,0.0038320169077935393
3917,7.335424622658664,0.00010715416797096953,7.335424622658665,0.003874859352485666
3918,7.337424986361157,0.00010756666671795456,7.337424986361157,0.003919350528581441
3919,7.339425350063648,0.00010798719462077147,7.339425350063648,0.003965577896387986
3920,7.341425713766139,0.00010841585276658665,7.34142571376614,0.004013635432440671
3921,7.34342607746863,0.00010885274494680431,7.343426077468631,0.004063624228873326
3922,7.345426441171121,0.00010929797772099829,7.345426441171122,0.00411565315852142
3923,7.347426804873612,0.00010975166048305697,7.347426804873613,0.0041698396140989955
3924,7.349427168576105,0.00011021390552962008,7.349427168576104,0.004226310330993242
3925,7.351427532278596,0.00011068482813088578,7.351427532278596,0.004285202304616854
3926,7.353427895981087,0.00011116454660387898,7.353427895981087,0.004346663814882361
3927,7.355428259683578,0.0001116531823882615,7.3554282596835785,0.0044108555722589355
3928,7.3574286233860695,0.00011215086012478206,7.3574286233860695,0.004477952002085143
3929,7.359428987088561,0.00011265770773646058,7.359428987088561,0.0045481426864067255
3930,7.361429350791052,0.00011317385651260565,7.361429350791052,0.004621633985651499
3931,7.363429714493543,0.0001136994411957758,7.363429714493544,0.004698650866037968
3932,7.365430078196035,0.00011423460007178686,7.365430078196035,0.004779438962837041
3933,7.367430441898526,0.00011477947506288574,7.367430441898526,0.004864266914602771
3934,7.369430805601017,0.00011533421182420818,7.369430805601017,0.00495342900940388
3935,7.371431169303509,0.00011589895984364645,7.371431169303509,0.005047248191120485
3936,7.373431533006001,0.00011647387254525543,7.373431533006,0.005146079482239908
3937,7.375431896708492,0.00011705910739634019,7.375431896708492,0.005250313889583604
3938,7.377432260410983,0.00011765482601835956,7.377432260410983,0.005360382871358501
3939,7.379432624113474,0.0001182611943018021,7.379432624113475,0.0054767634582870315
3940,7.381432987815967,0.00011887838252518801,7.381432987815966,0.005599984138842514
3941,7.383433351518458,0.00011950656547835959,7.383433351518458,0.005730631639460731
3942,7.385433715220949,0.00012014592259023753,7.385433715220949,0.005869358755802406
3943,7.38743407892344,0.00012079663806121342,7.38743407892344,0.00601689342171332
3944,7.389434442625931,0.00012145890100037391,7.389434442625931,0.006174049239688794
3945,7.391434806328422,0.00012213290556774896,7.391434806328423,0.006341737741948417
3946,7.393435170030915,0.0001228188511217926,7.393435170030914,0.006520982706560062
3947,7.395435533733406,0.00012351694237230804,7.395435533733406,0.006712936920814323
3948,7.397435897435897,0.0001242273895390509,7.397435897435897,0.006918901867181568
3949,7.399436261138388,0.00012495040851623782,7.399436261138389,0.007140350909374156
3950,7.401436624840879,0.00012568622104321654,7.40143662484088,0.007378956681807541
3951,7.403436988543372,0.00012643505488155472,7.403436988543372,0.007636623540716988
3952,7.405437352245863,0.00012719714399881895,7.405437352245863,0.007915526126135343
3953,7.407437715948354,0.00012797272875933864,7.407437715948354,0.008218155319107587
3954,7.409438079650845,0.00012876205612224472,7.409438079650845,0.008547373167569582
3955,7.411438443353336,0.00012956537984710727,7.411438443353337,0.008906478708351753
3956,7.413438807055829,0.00013038296070750122,7.413438807055828,0.009299287043724864
3957,7.41543917075832,0.00013121506671284563,7.41543917075832,0.009730224550484504
3958,7.417439534460811,0.00013206197333889133,7.417439534460811,0.010204443716496338
3959,7.419439898163302,0.0001329239637672301,7.4194398981633025,0.010727961814705395
3960,7.421440261865793,0.0001338013291342383,7.4214402618657935,0.011307828421009391
3961,7.423440625568284,0.00013469436878987717,7.423440625568285,0.011952327608340396
3962,7.4254409892707764,0.00013560339056679802,7.4254409892707764,0.012671221386607624
3963,7.4274413529732675,0.00013652871106021908,7.4274413529732675,0.013476041367221523
3964,7.4294417166757585,0.00013747065591907965,7.4294417166757585,0.014380435254146966
3965,7.4314420803782495,0.00013842956014897934,7.43144208037825,0.015400572759618364
3966,7.4334424440807405,0.00013940576842746193,7.433442444080741,0.016555610405310187
3967,7.435442807783233,0.00014039963543221914,7.435442807783233,0.017868203760155965
3968,7.437443171485724,0.0001414115261828204,7.437443171485724,0.0193650344612076
3969,7.439443535188215,0.0001424418163966222,7.439443535188216,0.02107728031138402
3970,7.441443898890707,0.0001434908928595206,7.441443898890707,0.023040887683593223
3971,7.443444262593198,0.00014455915381227246,7.443444262593199,0.025296387876119656
3972,7.445444626295689,0.00014564700935313586,7.44544462629569,0.027887807516050047
3973,7.447444989998181,0.00014675488185762772,7.447444989998181,0.030859929681405884
3974,7.449445353700673,0.00014788320641623428,7.449445353700672,0.034252755936292
3975,7.451445717403164,0.00014903243129097616,7.451445717403164,0.038091559535847155
3976,7.453446081105655,0.00015020301839174918,7.453446081105655,0.042370656923804026
3977,7.455446444808146,0.00015139544377344686,7.455446444808147,0.04702960186320286
3978,7.457446808510639,0.0001526101981549095,7.457446808510638,0.051923141565731724
3979,7.45944717221313,0.0001538477874608055,7.459447172213129,0.05679244442028058
3980,7.461447535915621,0.00015510873338763444,7.461447535915621,0.06125473015460533
3981,7.463447899618112,0.00015639357399507663,7.463447899618112,0.06483600158649026
3982,7.465448263320603,0.0001577028643240216,7.465448263320604,0.06706398201028063
3983,7.467448627023094,0.00015903717704266569,7.467448627023094,0.06760465427884406
3984,7.469448990725587,0.00016039710312216123,7.469448990725586,0.06638104056429854
3985,7.471449354428078,0.0001617832525433797,7.471449354428077,0.06360297632476412
3986,7.473449718130569,0.00016319625503647095,7.473449718130569,0.05968813622748514
3987,7.47545008183306,0.00016463676085496376,7.47545008183306,0.05512512583906993
3988,7.477450445535551,0.00016610544158630018,7.477450445535552,0.05035256143262044
3989,7.479450809238044,0.00016760299100079305,7.479450809238043,0.045695363949575116
3990,7.481451172940535,0.0001691301259411176,7.481451172940535,0.04135565509556018
3991,7.483451536643026,0.00017068758725460856,7.483451536643026,0.03743465967625376
3992,7.485451900345517,0.00017227614077073536,7.4854519003455176,0.033963575835615115
3993,7.487452264048008,0.00017389657832632248,7.487452264048008,0.03093111651728465
3994,7.489452627750499,0.0001755497188412243,7.4894526277505,0.028303654227506678
3995,7.4914529914529915,0.0001772364094473483,7.491452991452991,0.026038237277213466
3996,7.4934533551554825,0.0001789575266741029,7.4934533551554825,0.02409021537234965
3997,7.4954537188579735,0.00018071397769357577,7.4954537188579735,0.022417275688020336
3998,7.4974540825604645,0.00018250670162892497,7.497454082560465,0.020981283315344157
3999,7.4994544462629555,0.00018433667092974555,7.499454446262956,0.01974886973965257
4000,7.501454809965448,0.0001862048928184042,7.501454809965448,0.018691359040548902
4001,7.503455173667939,0.00018811241081160757,7.503455173667939,0.01778437964728235
4002,7.50545553737043,0.00019006030632179343,7.505455537370431,0.017007356627792652
4003,7.507455901072921,0.00019204970034320437,7.507455901072921,0.01634298773096974
4004,7.509456264775412,0.00019408175522789522,7.509456264775413,0.015776753484453135
4005,7.511456628477904,0.00019615767655726965,7.511456628477904,0.015296482275382224
4006,7.513456992180396,0.00019827871511515137,7.513456992180396,0.014891975756887332
4007,7.515457355882887,0.00020044616896881936,7.515457355882887,0.014554692187633767
4008,7.517457719585379,0.00020266138566493827,7.517457719585379,0.014277481914240015
4009,7.51945808328787,0.000204925764547767,7.51945808328787,0.014054368120106643
4010,7.521458446990361,0.00020724075920763784,7.521458446990362,0.013880366043784812
4011,7.523458810692853,0.00020960788006826113,7.523458810692853,0.01375133448346535
4012,7.525459174395345,0.00021202869712205912,7.525459174395345,0.013663854213232953
4013,7.527459538097836,0.00021450484282347273,7.527459538097835,0.013615128768752455
4014,7.529459901800327,0.00021703801515088664,7.529459901800327,0.013602903833800238
4015,7.531460265502818,0.00021962998084871423,7.531460265502818,0.013625402142593768
4016,7.533460629205309,0.00022228257886204995,7.53346062920531,0.013681271399756237
4017,7.535460992907802,0.00022499772397730194,7.535460992907801,0.013769543215926381
4018,7.537461356610293,0.00022777741068327474,7.537461356610293,0.013889601473692949
4019,7.539461720312784,0.00023062371726839112,7.539461720312784,0.014041158888485991
4020,7.541462084015275,0.00023353881017095356,7.541462084015276,0.014224240824863716
4021,7.543462447717766,0.00023652494860081877,7.543462447717767,0.014439175681861132
4022,7.545462811420259,0.00023958448945235643,7.545462811420259,0.01468659138210192
4023,7.54746317512275,0.00024271989253023748,7.547463175122749,0.014967417697443532
4024,7.549463538825241,0.00024593372611149357,7.549463538825241,0.015282894327369612
4025,7.551463902527732,0.0002492286728692261,7.551463902527732,0.015634584822814726
4026,7.553464266230223,0.0002526075361856489,7.553464266230224,0.01602439662496856
4027,7.555464629932714,0.00025607324688454465,7.555464629932715,0.016454607673145664
4028,7.5574649936352065,0.0002596288704159229,7.5574649936352065,0.016927900235700212
4029,7.5594653573376975,0.00026327761452861205,7.5594653573376975,0.017447402841501366
4030,7.5614657210401885,0.00026702283746984424,7.561465721040189,0.01801674144612947
4031,7.56346608474268,0.0002708680567544122,7.5634660847426805,0.018640101267620432
4032,7.565466448445171,0.00027481695855006473,7.565466448445172,0.01932230108435868
4033,7.567466812147663,0.0002788734077301755,7.5674668121476625,0.020068882218221437
4034,7.569467175850154,0.00028304145864962104,7.569467175850154,0.0208862149483926
4035,7.571467539552645,0.000287325366705305,7.571467539552645,0.021781625738406904
4036,7.573467903255136,0.0002917296007487001,7.573467903255137,0.022763549438951505
4037,7.575468266957627,0.0002962588564246179,7.575468266957628,0.023841711585067274
4038,7.577468630660118,0.0003009180705178399,7.577468630660119,0.02502734707800666
4039,7.579468994362611,0.000305712436397633,7.579468994362611,0.026333462973712043
4040,7.581469358065102,0.0003106474206594821,7.581469358065102,0.027775154839930274
4041,7.583469721767593,0.0003157287810739019,7.583469721767594,0.029369988238979468
4042,7.585470085470084,0.0003209625859637734,7.585470085470084,0.031138459377660216
4043,7.587470449172576,0.00032635523514492113,7.587470449172576,0.03310455184148157
4044,7.589470812875068,0.0003319134825793495,7.589470812875067,0.03529640952681193
4045,7.591471176577559,0.0003376444609071873,7.591471176577559,0.03774714918851623
4046,7.59347154028005,0.0003435557080422314,7.59347154028005,0.04049583894785685
4047,7.595471903982542,0.00034965519603703024,7.595471903982542,0.04358867067651676
4048,7.597472267685033,0.0003559513624475743,7.597472267685033,0.04708035251987472
4049,7.599472631387524,0.0003624531444547705,7.599472631387525,0.05103573951605543
4050,7.601472995090017,0.0003691700160307971,7.601472995090016,0.05553169916865282
4051,7.603473358792508,0.0003761120284735568,7.603473358792508,0.06065916419616847
4052,7.605473722494999,0.00038328985467263863,7.605473722494998,0.06652523810778221
4053,7.60747408619749,0.0003907148375158454,7.60747408619749,0.07325506004408253
4054,7.609474449899981,0.0003983990428979839,7.609474449899981,0.08099285410021172
4055,7.611474813602474,0.00040635531785373705,7.611474813602473,0.08990111017295555
4056,7.613475177304965,0.00041459735440570406,7.613475177304964,0.10015606568983262
4057,7.615475541007456,0.0004231397597986956,7.615475541007456,0.1119364692100897
4058,7.617475904709947,0.0004319981338834781,7.617475904709947,0.12540096786160926
4059,7.619476268412438,0.000441189154520363,7.619476268412439,0.14064762462225
4060,7.621476632114929,0.00045073067199719654,7.62147663211493,0.1576480762570022
4061,7.6234769958174216,0.0004606418136011488,7.6234769958174216,0.17615132875947684
4062,7.625477359519913,0.00047094309965278237,7.625477359519912,0.19556309717037587
4063,7.627477723222404,0.000481656572509197,7.627477723222404,0.21483179792310333
4064,7.629478086924895,0.0004928059402756455,7.629478086924895,0.23241103111711045
4065,7.631478450627386,0.0005044167372397525,7.6314784506273865,0.24639765737003566
4066,7.633478814329878,0.0005165165033669238,7.6334788143298775,0.25491122273275646
4067,7.635479178032369,0.0005291349855806708,7.635479178032369,0.2566424654349697
4068,7.63747954173486,0.0005423043640103649,7.63747954173486,0.25132089831944493
4069,7.6394799054373514,0.0005560595069366836,7.639479905437352,0.23981943029286426
4070,7.6414802691398425,0.000570438258822755,7.641480269139843,0.22382658593278582
4071,7.6434806328423335,0.0005854817666105835,7.643480632842335,0.20529656248268505
4072,7.645480996544826,0.0006012348504198577,7.645480996544825,0.18597141588992738
4073,7.647481360247317,0.0006177464259489101,7.647481360247317,0.16713421750377438
4074,7.649481723949808,0.000635069987296294,7.649481723949808,0.14957827166833734
4075,7.651482087652299,0.0006532641606594328,7.6514820876523,0.13369707903834652
4076,7.65348245135479,0.0006723933415081851,7.653482451354791,0.11960793864743163
4077,7.655482815057283,0.0006925284304811652,7.655482815057283,0.10726127610795293
4078,7.657483178759774,0.0007137476865507588,7.657483178759774,0.09652022675154301
4079,7.659483542462265,0.0007361377201305314,7.659483542462266,0.0872118814154743
4080,7.661483906164756,0.0007597946539937989,7.661483906164757,0.07915721581536234
4081,7.663484269867248,0.0007848254864531662,7.663484269867249,0.0721868711313998
4082,7.665484633569739,0.0008113496996390714,7.665484633569739,0.0661483006481208
4083,7.667484997272231,0.00083950116648166,7.667484997272231,0.060908004110048694
4084,7.669485360974722,0.0008694304239168708,7.669485360974722,0.05635117053320118
4085,7.671485724677214,0.0009013073979632803,7.671485724677214,0.05238009605503022
4086,7.673486088379705,0.0009353246901100992,7.673486088379705,0.0489121415567879
4087,7.675486452082196,0.0009717015659579796,7.675486452082197,0.04587763401105099
4088,7.677486815784689,0.0010106888291277647,7.677486815784688,0.04321790769543567
4089,7.67948717948718,0.0010525748201795212,7.67948717948718,0.04088356620017096
4090,7.681487543189671,0.0010976928575360955,7.681487543189671,0.038832985131848866
4091,7.683487906892162,0.0011464305437272886,7.683487906892163,0.03703104520366013
4092,7.685488270594653,0.0011992415082691403,7.685488270594653,0.03544807220208912
4093,7.687488634297144,0.0012566603669970085,7.687488634297145,0.03405895616900136
4094,7.689488997999637,0.0013193219752317812,7.689488997999636,0.032842422540574304
4095,7.691489361702128,0.001387986482717044,7.691489361702128,0.03178043046095321
4096,7.693489725404619,0.001463572330581189,7.693489725404619,0.030857676713681906
4097,7.69549008910711,0.0015472002741498216,7.69549008910711,0.030061187011930487
4098,7.697490452809601,0.0016402529480029867,7.6974904528096015,0.02937997944241326
4099,7.699490816512093,0.0017444567057176555,7.6994908165120926,0.028804787543354932
4100,7.7014911802145845,0.0018619959651833234,7.7014911802145845,0.02832783278944803
4101,7.7034915439170755,0.0019956759372678555,7.7034915439170755,0.02794263817992192
4102,7.7054919076195665,0.002149158954574183,7.7054919076195665,0.0276438762232438
4103,7.7074922713220575,0.0023273154804960864,7.7074922713220575,0.027427245932953027
4104,7.7094926350245485,0.0025367586324927154,7.709492635024549,0.027289374541467813
4105,7.711492998727041,0.0027866812267893413,7.71149299872704,0.027227740545752686
4106,7.713493362429532,0.0030902084282344033,7.713493362429532,0.02724061545829553
4107,7.715493726132023,0.0034666628422479907,7.715493726132023,0.027327022281472168
4108,7.717494089834514,0.003945514642137582,7.717494089834515,0.0274867092809271
4109,7.719494453537005,0.004573598319279622,7.719494453537006,0.027720138128159048
4110,7.721494817239498,0.005429022512396477,7.721494817239498,0.028028485935259934
4111,7.723495180941989,0.006649679770301608,7.723495180941989,0.028413661134920568
4112,7.72549554464448,0.00849586913705081,7.72549554464448,0.028878333584508607
4113,7.727495908346971,0.011498181664543243,7.727495908346971,0.02942597971207652
4114,7.729496272049462,0.016825754958724765,7.729496272049463,0.030060943993072086
4115,7.731496635751953,0.027130311779409937,7.731496635751954,0.030788518569230518
4116,7.733496999454446,0.046685979979087716,7.733496999454446,0.031615043418095755
4117,7.735497363156937,0.06595922016074496,7.735497363156937,0.03254803017868936
4118,7.737497726859428,0.05275581253621672,7.737497726859429,0.033596313566590354
4119,7.73949809056192,0.031905384431779225,7.73949809056192,0.03477023530632835
4120,7.741498454264411,0.020695526720640314,7.741498454264412,0.036081866713923154
4121,7.743498817966903,0.015440518652917458,7.743498817966903,0.03754527752887441
4122,7.745499181669394,0.013055060483316271,7.745499181669394,0.03917686038297789
4123,7.747499545371886,0.012194046712605376,7.747499545371885,0.040995722470789926
4124,7.749499909074377,0.01231408982316006,7.749499909074377,0.04302415862637081
4125,7.751500272776868,0.013241174765998143,7.751500272776868,0.04528822318306965
4126,7.753500636479359,0.015023138004011654,7.75350063647936,0.04781842174892004
4127,7.755501000181852,0.017918527815536482,7.755501000181851,0.05065054836985118
4128,7.757501363884343,0.022496128038440023,7.757501363884343,0.0538266983664789
4129,7.759501727586834,0.029915917860168284,7.759501727586834,0.05739649208796696
4130,7.761502091289325,0.04263262532662981,7.7615020912893256,0.06141854918499547
4131,7.763502454991816,0.06616797747311254,7.763502454991817,0.06596225526148049
4132,7.7655028186943085,0.11287957458761962,7.765502818694308,0.07110986006366204
4133,7.7675031823967995,0.19787672952529584,7.767503182396799,0.07695893345998668
4134,7.7695035460992905,0.2542799144955242,7.7695035460992905,0.08362517297836275
4135,7.7715039098017815,0.18008740305883458,7.7715039098017815,0.09124548819289205
4136,7.7735042735042725,0.10296286090904205,7.773504273504273,0.09998115471468304
4137,7.7755046372067635,0.06300744489052834,7.775504637206764,0.11002058714763853
4138,7.777505000909256,0.04324636630024969,7.777505000909256,0.12158085097694596
4139,7.779505364611747,0.03302878305991788,7.779505364611747,0.13490630417529156
4140,7.781505728314238,0.027723010143726315,7.781505728314239,0.15026157536791723
4141,7.783506092016729,0.025326616094630574,7.78350609201673,0.16791428076037931
4142,7.78550645571922,0.02500398334437963,7.785506455719221,0.18810040415064694
4143,7.787506819421713,0.02654351329898549,7.787506819421712,0.21096251762112883
4144,7.789507183124204,0.030215469071150833,7.789507183124204,0.23644961773954956
4145,7.791507546826695,0.03689118745849306,7.791507546826695,0.2641713547546934
4146,7.793507910529186,0.048517745459652435,7.793507910529187,0.2932163623066177
4147,7.795508274231677,0.06937704978676791,7.795508274231678,0.32198297864024017
4148,7.797508637934168,0.10927147108934852,7.79750863793417,0.3481290765168615
4149,7.799509001636661,0.1894737612417808,7.799509001636661,0.36879002266741967
4150,7.801509365339152,0.3244076801757789,7.801509365339153,0.38115922370471444
4151,7.803509729041643,0.36837648248959737,7.803509729041644,0.3833140001286856
4152,7.805510092744134,0.23821704716473524,7.805510092744135,0.3749051752690308
4153,7.807510456446625,0.1345185932266153,7.807510456446626,0.3572921769984955
4154,7.809510820149118,0.08202846577926724,7.809510820149118,0.3330339029334685
4155,7.811511183851609,0.05530475581633343,7.811511183851609,0.3050608368493386
4156,7.8135115475541,0.04074634340321446,7.8135115475541,0.27596738156834605
4157,7.815511911256592,0.032437131603371076,7.815511911256592,0.2476535280829557
4158,7.817512274959083,0.02772822095180052,7.817512274959083,0.22128697135635902
4159,7.819512638661574,0.02540844842069747,7.819512638661575,0.19744144772835204
4160,7.821513002364066,0.024999271902069388,7.821513002364066,0.1762822476956509
4161,7.823513366066558,0.026519777426252333,7.823513366066558,0.15772893158450108
4162,7.825513729769049,0.030522471429044164,7.825513729769048,0.14157321612570908
4163,7.82751409347154,0.03844288807226118,7.82751409347154,0.12755462829040445
4164,7.829514457174031,0.05359898563078859,7.829514457174031,0.1154045537775119
4165,7.8315148208765235,0.08371402880317369,7.831514820876523,0.10486937369248132
4166,7.8335151845790145,0.14463765986110344,7.833515184579014,0.09572087055092904
4167,7.8355155482815055,0.23532827496320186,7.8355155482815055,0.08775940734455766
4168,7.8375159119839966,0.2336046039961339,7.8375159119839966,0.08081330449670412
4169,7.839516275686488,0.1419892374567368,7.8395162756864885,0.07473642804653789
4170,7.841516639388979,0.08090705365664233,7.8415166393889795,0.0694051138116582
4171,7.843517003091471,0.050220079651850415,7.843517003091471,0.06471502035587837
4172,7.845517366793962,0.03416144037878405,7.8455173667939615,0.06057819756980181
4173,7.847517730496453,0.02505673905465113,7.847517730496453,0.056920488229996506
4174,7.849518094198944,0.01954616728309061,7.849518094198944,0.0536792903070223
4175,7.851518457901435,0.016080400176280207,7.851518457901436,0.05080166355887118
4176,7.853518821603928,0.013905800592768885,7.853518821603927,0.048242744729975674
4177,7.855519185306419,0.012660358252469344,7.855519185306419,0.045964429747823325
4178,7.85751954900891,0.01221734716047531,7.85751954900891,0.04393428205155322
4179,7.859519912711401,0.012654696325976001,7.859519912711402,0.0421246299525808
4180,7.861520276413892,0.014339151380225687,7.861520276413893,0.04051182076945872
4181,7.863520640116383,0.018217480646997086,7.863520640116385,0.039075604406544034
4182,7.865521003818876,0.026552044469023827,7.865521003818875,0.037798623595409385
4183,7.867521367521367,0.043572019334895136,7.867521367521367,0.03666599200894314
4184,7.869521731223858,0.06469947692274923,7.869521731223858,0.03566494485688071
4185,7.871522094926349,0.05641005430360698,7.87152209492635,0.034784549413988834
4186,7.87352245862884,0.033688256425819046,7.873522458628841,0.03401546528369666
4187,7.875522822331333,0.020188448259665252,7.875522822331333,0.03334974613352825
4188,7.877523186033824,0.013336372105043412,7.877523186033824,0.03278067622478548
4189,7.879523549736315,0.009614936342050073,7.879523549736316,0.03230263636070701
4190,7.881523913438806,0.0074022609675874484,7.881523913438807,0.0319109949496216
4191,7.883524277141297,0.0059793907158678,7.883524277141299,0.03160202076871429
4192,7.885524640843789,0.005004666309219142,7.885524640843789,0.03137281475894221
4193,7.887525004546281,0.004302331961619545,7.887525004546281,0.03122125881495552
4194,7.889525368248772,0.0037753126664640466,7.889525368248772,0.03114598008323704
4195,7.891525731951263,0.00336663353947212,7.891525731951264,0.03114632977069542
4196,7.893526095653755,0.0030410893729071577,7.893526095653755,0.03122237591549148
4197,7.895526459356246,0.0027759536018972263,7.895526459356247,0.03137491000087487
4198,7.897526823058738,0.0025559948608489544,7.897526823058738,0.031605467719274735
4199,7.89952718676123,0.002370669300337603,7.89952718676123,0.03191636463572537
4200,7.901527550463721,0.0022124695459346893,7.901527550463721,0.03231074797558911
4201,7.903527914166212,0.0020759167468871326,7.9035279141662125,0.03279266629178403
4202,7.905528277868703,0.0019569245826400834,7.905528277868703,0.03336715937414406
4203,7.907528641571194,0.0018523860545364681,7.9075286415711945,0.03404037147443591
4204,7.909529005273686,0.001759897926996751,7.9095290052736855,0.03481969176548922
4205,7.911529368976177,0.001677572614000121,7.911529368976177,0.03571392696761058
4206,7.913529732678668,0.0016039070240052148,7.913529732678668,0.036733512301069506
4207,7.9155300963811595,0.0015376893535707307,7.91553009638116,0.03789076840631703
4208,7.9175304600836505,0.0014779316888306067,7.917530460083651,0.03920021366294074
4209,7.919530823786143,0.0014238204899374351,7.919530823786143,0.0406789434814118
4210,7.921531187488634,0.0013746796814256238,7.921531187488634,0.042347090672227465
4211,7.923531551191125,0.00132994276978741,7.923531551191126,0.044228383914250505
4212,7.925531914893616,0.0012891315201449239,7.925531914893616,0.04635082457130013
4213,7.927532278596107,0.0012518394631958409,7.927532278596108,0.04874750541766638
4214,7.929532642298598,0.0012177190039190655,7.929532642298599,0.051457597721448055
4215,7.931533006001091,0.0011864712473153342,7.93153300600109,0.054527534577129
4216,7.933533369703582,0.0011578378960742997,7.933533369703582,0.05801241643148089
4217,7.935533733406073,0.0011315947442961717,7.935533733406073,0.06197765584574202
4218,7.937534097108564,0.0011075464124154423,7.937534097108565,0.06650085631399953
4219,7.939534460811055,0.0010855220560217745,7.939534460811056,0.07167387328035842
4220,7.941534824513548,0.0010653718453024527,7.941534824513548,0.07760491532863328
4221,7.943535188216039,0.0010469640591411152,7.943535188216038,0.08442037816039841
4222,7.94553555191853,0.0010301826732042345,7.94553555191853,0.09226581260353349
4223,7.947535915621021,0.0010149253479235026,7.947535915621021,0.10130493372675936
4224,7.949536279323512,0.00100110174246601,7.949536279323513,0.11171477711676565
4225,7.951536643026003,0.0009886320962411111,7.951536643026004,0.12367389051916064
4226,7.953537006728496,0.0009774460314227436,7.953537006728496,0.13733878448330678
4227,7.955537370430987,0.0009674815392438251,7.955537370430987,0.15280204037460007
4228,7.957537734133478,0.0009586841200872317,7.957537734133479,0.1700246017342385
4229,7.959538097835969,0.000951006053132276,7.95953809783597,0.18873763115630268
4230,7.961538461538461,0.0009444057758709446,7.961538461538462,0.20832098495425735
4231,7.963538825240953,0.0009388473574528161,7.963538825240952,0.2276916015418862
4232,7.965539188943444,0.0009343000527536866,7.965539188943444,0.24527424800490993
4233,7.967539552645935,0.0009307379264454556,7.967539552645935,0.2591541473112758
4234,7.969539916348427,0.0009281395382931974,7.969539916348427,0.26747155572201586
4235,7.971540280050918,0.0009264876825114196,7.971540280050918,0.2689741622512709
4236,7.973540643753409,0.0009257691753479012,7.9735406437534095,0.26346866631315646
4237,7.975541007455901,0.0009259746861867481,7.9755410074559006,0.25189625299094515
4238,7.9775413711583925,0.0009270986084176373,7.9775413711583925,0.23598181097546878
4239,7.9795417348608835,0.0009291389671419694,7.9795417348608835,0.21768040098465347
4240,7.9815420985633745,0.0009320973615082126,7.981542098563375,0.19871172610516843
4241,7.9835424622658655,0.000935978940112576,7.9835424622658655,0.18032923178716276
4242,7.985542825968358,0.0009407924084876836,7.985542825968357,0.16330034132255883
4243,7.987543189670849,0.0009465500682487784,7.987543189670848,0.14800093897422062
4244,7.98954355337334,0.0009532678879898541,7.98954355337334,0.13453917658104975
4245,7.991543917075831,0.000960965606534893,7.991543917075831,0.12286321180950484
4246,7.993544280778322,0.0009696668696659737,7.993544280778323,0.11283895824901183
4247,7.995544644480815,0.0009793994019831134,7.995544644480814,0.10429989081667311
4248,7.997545008183306,0.000990195216114038,7.997545008183306,0.0970760480562024
4249,7.999545371885797,0.0010020908620998615,7.999545371885797,0.09100931221222648
4250,8.001545735588287,0.001015127720449808,8.001545735588289,0.08596034131523958
4251,8.00354609929078,0.0010293523431027627,8.00354609929078,0.08181073122144442
4252,8.005546462993271,0.0010448168473743617,8.005546462993271,0.0784625798103369
4253,8.007546826695762,0.0010615793689291294,8.007546826695762,0.07583663967507395
4254,8.009547190398253,0.001079704580924385,8.009547190398255,0.07386957104184763
4255,8.011547554100746,0.001099264287759107,8.011547554100746,0.07251032443263644
4256,8.013547917803237,0.0011203381033642252,8.013547917803237,0.07171531303040114
4257,8.015548281505728,0.0011430142257394843,8.015548281505728,0.07144177292005381
4258,8.01754864520822,0.0011673903215317085,8.017548645208219,0.07163868182259273
4259,8.019549008910712,0.0011935745369310146,8.01954900891071,0.07223514697296818
4260,8.021549372613203,0.0012216866541219307,8.021549372613203,0.07312781704208317
4261,8.023549736315694,0.0012518594160710415,8.023549736315694,0.07417198546574282
4262,8.025550100018185,0.0012842400466970914,8.025550100018185,0.07518468927965997
4263,8.027550463720676,0.0013189919986175344,8.027550463720676,0.07596856190948847
4264,8.029550827423169,0.0013562969669075682,8.029550827423169,0.07635710245557348
4265,8.03155119112566,0.0013963572149062748,8.03155119112566,0.07626549222662996
4266,8.03355155482815,0.0014393982673944295,8.033551554828149,0.07571914672240589
4267,8.035551918530642,0.0014856720378723734,8.035551918530642,0.07484140351887175
4268,8.037552282233133,0.0015354604707314787,8.037552282233133,0.0738083556930962
4269,8.039552645935625,0.001589079796535351,8.039552645935625,0.0727977177906677
4270,8.041553009638116,0.0016468855203140413,8.041553009638115,0.07195442489714725
4271,8.043553373340607,0.001709278289904149,8.043553373340607,0.07137881107317665
4272,8.045553737043099,0.001776710825477395,8.045553737043099,0.07113078513954843
4273,8.04755410074559,0.0018496961345240508,8.04755410074559,0.07124076534096027
4274,8.04955446444808,0.0019288172913792339,8.04955446444808,0.07172103628514861
4275,8.051554828150573,0.002014739130490634,8.051554828150573,0.07257478395784024
4276,8.053555191853064,0.002108222292844625,8.053555191853064,0.07380234631672532
4277,8.055555555555555,0.0022101401818234415,8.055555555555554,0.0754051832595965
4278,8.057555919258046,0.00232149953715928,8.057555919258046,0.07738827710473294
4279,8.059556282960537,0.0024434655358421997,8.059556282960537,0.07976157495804224
4280,8.06155664666303,0.0025773925938231876,8.06155664666303,0.08254091464733451
4281,8.063557010365521,0.0027248623959517234,8.06355701036552,0.08574872791835449
4282,8.065557374068012,0.002887731157481773,8.065557374068012,0.08941470982492258
4283,8.067557737770503,0.003068188766791498,8.067557737770503,0.09357657737818517
4284,8.069558101472994,0.003268833345227766,8.069558101472996,0.0982810032128438
4285,8.071558465175485,0.0034927659878007827,8.071558465175485,0.10358479193203253
4286,8.073558828877978,0.003743712168162436,8.073558828877976,0.10955636109935339
4287,8.075559192580469,0.004026178728288211,8.075559192580469,0.11627759095481614
4288,8.07755955628296,0.004345658870258248,8.07755955628296,0.12384611362594446
4289,8.079559919985451,0.004708902653487462,8.079559919985451,0.1323781211594038
4290,8.081560283687942,0.00512427800564637,8.081560283687942,0.14201177890755598
4291,8.083560647390435,0.005602258504302666,8.083560647390435,0.15291133175537883
4292,8.085561011092926,0.006156091334590546,8.085561011092926,0.1652719769401909
4293,8.087561374795417,0.006802725455161841,8.087561374795417,0.17932553398484918
4294,8.089561738497908,0.00756412218643503,8.089561738497908,0.19534684369295735
4295,8.091562102200399,0.008469138739178345,8.0915621022004,0.21366063001271055
4296,8.09356246590289,0.009556288497815571,8.093562465902892,0.23464818718702812
4297,8.095562829605383,0.010877874848248452,8.095562829605381,0.25875259186078253
4298,8.097563193307874,0.012506333821203657,8.097563193307874,0.2864800073833992
4299,8.099563557010365,0.014544234212256115,8.099563557010365,0.3183928030381224
4300,8.101563920712856,0.017140536649686663,8.101563920712858,0.3550873919923549
4301,8.103564284415347,0.020517969955474256,8.103564284415347,0.3971457899608957
4302,8.10556464811784,0.02502100888603883,8.10556464811784,0.4450454085203276
4303,8.10756501182033,0.03120392011011914,8.10756501182033,0.499008519654212
4304,8.109565375522822,0.04000116471810825,8.109565375522823,0.5587759107492066
4305,8.111565739225313,0.05307800943498019,8.111565739225313,0.6233065839635568
4306,8.113566102927804,0.07360347015760695,8.113566102927804,0.690445736845595
4307,8.115566466630295,0.10808144526826842,8.115566466630296,0.7566677746084993
4308,8.117566830332787,0.1709156735241758,8.117566830332787,0.8170714560740963
4309,8.119567194035278,0.29476353140119993,8.119567194035278,0.8658354474918993
4310,8.12156755773777,0.5303706480869603,8.12156755773777,0.8972609271864287
4311,8.12356792144026,0.7491792731942744,8.123567921440262,0.9072547536506202
4312,8.125568285142752,0.5739185709195592,8.125568285142753,0.8946921724582537
4313,8.127568648845244,0.3219093347075548,8.127568648845244,0.8618912511472311
4314,8.129569012547735,0.18447253482667308,8.129569012547735,0.8138272387029719
4315,8.131569376250226,0.11527802853750718,8.131569376250228,0.7565102119128494
4316,8.133569739952717,0.07781139195933397,8.13356973995272,0.6954022990792649
4317,8.135570103655208,0.05577495892328902,8.135570103655208,0.6345136213553062
4318,8.1375704673577,0.04187893361887756,8.137570467357701,0.5762712560936947
4319,8.139570831060192,0.03261314943919862,8.139570831060192,0.5218831152560941
4320,8.141571194762683,0.02615281787089317,8.141571194762685,0.47183886333492003
4321,8.143571558465174,0.021483363803652622,8.143571558465174,0.4262966775153546
4322,8.145571922167665,0.018007709417003318,8.145571922167667,0.3852745609413494
4323,8.147572285870156,0.015357279127788545,8.147572285870158,0.3486983000167888
4324,8.149572649572649,0.013295186537280675,8.14957264957265,0.316398345544411
4325,8.15157301327514,0.011663874208456677,8.15157301327514,0.2881145652008678
4326,8.153573376977631,0.01035543251987577,8.153573376977631,0.2635213118392895
4327,8.155573740680124,0.009294074703684456,8.155573740680124,0.24226186613786324
4328,8.157574104382615,0.008425415939304515,8.157574104382615,0.22397984877077434
4329,8.159574468085106,0.0077097088495008065,8.159574468085106,0.20834167302253734
4330,8.161574831787597,0.007117458850830607,8.161574831787597,0.1950496490101739
4331,8.16357519549009,0.006626515403237598,8.16357519549009,0.1838478934176821
4332,8.16557555919258,0.006220104678339116,8.165575559192579,0.1745236358321615
4333,8.167575922895072,0.005885479188409932,8.167575922895072,0.16690604025123437
4334,8.169576286597563,0.005612983235909597,8.169576286597563,0.16086399529951187
4335,8.171576650300056,0.005395407916154382,8.171576650300056,0.15630375679014782
4336,8.173577014002547,0.0052275567526884675,8.173577014002545,0.15316690914708514
4337,8.175577377705038,0.005105974881659896,8.175577377705036,0.1514288136237403
4338,8.177577741407529,0.005028818538848561,8.177577741407529,0.15109746919054962
4339,8.17957810511002,0.004995863019067068,8.17957810511002,0.15221245626312446
4340,8.18157846881251,0.005008671881441996,8.18157846881251,0.15484328493450428
4341,8.183578832515003,0.005070985955665572,8.183578832515002,0.15908593275936014
4342,8.185579196217494,0.005189452248797528,8.185579196217494,0.16505552001791118
4343,8.187579559919985,0.005374930680907083,8.187579559919985,0.17287183032559209
4344,8.189579923622476,0.005644860110089915,8.189579923622476,0.18263275165120563
4345,8.191580287324967,0.006027703181210405,8.191580287324967,0.1943690789776228
4346,8.19358065102746,0.0065717598940614255,8.193580651027458,0.20797381188788316
4347,8.195581014729951,0.007363848150749264,8.195581014729951,0.22310317959549614
4348,8.197581378432442,0.008571954814584776,8.19758137843244,0.23906033144215535
4349,8.199581742134933,0.010549373899359105,8.199581742134933,0.2547007115941578
4350,8.201582105837424,0.014087195146345115,8.201582105837424,0.2684354198847462
4351,8.203582469539915,0.0207498051119706,8.203582469539917,0.27842497068056954
4352,8.205582833242408,0.030111347022288102,8.205582833242406,0.28299691849014774
4353,8.2075831969449,0.030337800083655702,8.2075831969449,0.28116747191127106
4354,8.20958356064739,0.023376790301691795,8.20958356064739,0.27300129896758074
4355,8.211583924349881,0.020173210873362744,8.211583924349883,0.2595827774357346
4356,8.213584288052372,0.020848050257296268,8.213584288052372,0.24261772996356995
4357,8.215584651754865,0.02487764120641065,8.215584651754863,0.2239120124430194
4358,8.217585015457356,0.03355100814037895,8.217585015457356,0.20498051365749115
4359,8.219585379159847,0.051043627205125425,8.219585379159847,0.18688271751311836
4360,8.221585742862338,0.0853132719667791,8.221585742862338,0.1702375134020497
4361,8.223586106564829,0.12642662738173852,8.223586106564829,0.1553238670538195
4362,8.22558647026732,0.11160575585983488,8.225586470267322,0.1421957783653937
4363,8.227586833969813,0.07275631588912579,8.227586833969813,0.1307770714581577
4364,8.229587197672304,0.0527719171840213,8.229587197672304,0.12092765470442712
4365,8.231587561374795,0.04736632858605756,8.231587561374795,0.1124849653548029
4366,8.233587925077286,0.052127058316363876,8.233587925077286,0.10528756069034656
4367,8.235588288779777,0.06861934946004068,8.235588288779779,0.09918719703193149
4368,8.23758865248227,0.1057686950664777,8.237588652482268,0.09405405116852597
4369,8.23958901618476,0.17889750345981853,8.23958901618476,0.08977814502850456
4370,8.241589379887252,0.24791785218663312,8.241589379887252,0.08626885186644694
4371,8.243589743589743,0.19474468922844537,8.243589743589745,0.083453579076115
4372,8.245590107292234,0.11838937792390727,8.245590107292234,0.08127623820333178
4373,8.247590470994725,0.07948100891183914,8.247590470994727,0.0796958272390289
4374,8.249590834697218,0.06466049866802108,8.249590834697218,0.07868528912199693
4375,8.251591198399709,0.06480938543735852,8.25159119839971,0.07823072354942578
4376,8.2535915621022,0.08003194302653352,8.2535915621022,0.07833098496733093
4377,8.25559192580469,0.11969217756334422,8.25559192580469,0.07899767815914445
4378,8.257592289507182,0.19679846028076953,8.257592289507183,0.08025555118724179
4379,8.259592653209674,0.2473790437671051,8.259592653209674,0.08214327366144109
4380,8.261593016912165,0.1765121706317322,8.261593016912165,0.08471456646649449
4381,8.263593380614656,0.10426943559730471,8.263593380614656,0.08803960407723098
4382,8.265593744317147,0.06776784500150192,8.26559374431715,0.09220652236844516
4383,8.267594108019638,0.05159365387268107,8.26759410801964,0.09732270130796226
4384,8.26959447172213,0.047036519799532626,8.269594471722131,0.10351520254949166
4385,8.271594835424622,0.05268118344481363,8.271594835424622,0.11092925136427823
4386,8.273595199127113,0.07307870971287295,8.273595199127113,0.11972286051784792
4387,8.275595562829604,0.11214888737774095,8.275595562829606,0.13005450053573778
4388,8.277595926532095,0.12536667212631145,8.277595926532095,0.1420591188340597
4389,8.279596290234586,0.08369899033989467,8.279596290234588,0.15580613063527524
4390,8.281596653937079,0.04986592977547117,8.281596653937079,0.1712324362929996
4391,8.28359701763957,0.03262296458926003,8.28359701763957,0.1880469145487353
4392,8.285597381342061,0.024046072629011404,8.285597381342061,0.20561520674022013
4393,8.287597745044552,0.02005163640779614,8.287597745044554,0.2228600644877276
4394,8.289598108747043,0.019402769942601525,8.289598108747045,0.23824971758438984
4395,8.291598472449534,0.02265711774339144,8.291598472449534,0.24996756814216076
4396,8.293598836152027,0.029570604481468043,8.293598836152027,0.25630814240878813
4397,8.295599199854518,0.028942381931793486,8.295599199854518,0.25619884190433473
4398,8.297599563557009,0.019482207769769916,8.29759956355701,0.24959145627793994
4399,8.2995999272595,0.012840901183897045,8.2995999272595,0.23748032484203058
4400,8.301600290961993,0.009275891353804824,8.301600290961993,0.22153504395665494
4401,8.303600654664484,0.007237732686990684,8.303600654664484,0.20357835958585685
4402,8.305601018366975,0.005950041449953513,8.305601018366977,0.18517305745553084
4403,8.307601382069466,0.005065402997836819,8.307601382069466,0.16743338044241224
4404,8.309601745771959,0.004417768261301189,8.309601745771959,0.1510248296419565
4405,8.31160210947445,0.0039205826465381795,8.31160210947445,0.136259651962497
4406,8.31360247317694,0.0035249940786205975,8.31360247317694,0.12321254229524851
4407,8.315602836879433,0.0032014947245474048,8.315602836879432,0.111818376403369
4408,8.317603200581924,0.0029312200016605584,8.317603200581923,0.10194150947257358
4409,8.319603564284415,0.0027015248377631907,8.319603564284415,0.09341957269394782
4410,8.321603927986907,0.0025035908760748325,8.321603927986907,0.08608863314946205
4411,8.323604291689398,0.002331060469083022,8.323604291689398,0.07979620909509881
4412,8.32560465539189,0.0021792193880960345,8.325604655391889,0.07440698333686001
4413,8.327605019094381,0.002044487425458468,8.327605019094381,0.06980442772470337
4414,8.329605382796872,0.0019240893420306203,8.329605382796872,0.06589032095105175
4415,8.331605746499363,0.0018158355338426223,8.331605746499362,0.06258331849569976
4416,8.333606110201854,0.001717971732206651,8.333606110201854,0.059817220431477316
4417,8.335606473904345,0.0016290734571040263,8.335606473904345,0.05753927832324209
4418,8.337606837606838,0.0015479702685859225,8.337606837606838,0.05570870902902914
4419,8.33960720130933,0.0014736903390263991,8.339607201309327,0.05429548851506617
4420,8.34160756501182,0.0014054191846209093,8.34160756501182,0.05327944968730811
4421,8.343607928714311,0.0013424684561550676,8.343607928714311,0.05264968434711693
4422,8.345608292416802,0.0012842520028592385,8.345608292416804,0.05240423808865746
4423,8.347608656119295,0.0012302672793462048,8.347608656119293,0.05255007986961662
4424,8.349609019821786,0.0011800807351289655,8.349609019821786,0.05310331831888589
4425,8.351609383524277,0.0011333162122015258,8.351609383524277,0.054089617264067774
4426,8.353609747226768,0.001089645642326164,8.353609747226768,0.05554472337865973
4427,8.355610110929259,0.001048781522140025,8.355610110929259,0.05751494374842674
4428,8.35761047463175,0.0010104707767663974,8.35761047463175,0.06005727630995028
4429,8.359610838334243,0.0009744897181554737,8.359610838334243,0.06323866525227904
4430,8.361611202036734,0.0009406398741034431,8.361611202036734,0.06713347765654687
4431,8.363611565739225,0.0009087445153798953,8.363611565739225,0.0718177254901825
4432,8.365611929441716,0.0008786457468224054,8.365611929441716,0.07735777569023607
4433,8.367612293144207,0.0008502020572325495,8.367612293144209,0.08379043795763276
4434,8.3696126568467,0.0008232862449654142,8.3696126568467,0.09109092498424468
4435,8.37161302054919,0.0007977836530443011,8.371613020549189,0.09912655816698437
4436,8.373613384251682,0.000773590660749811,8.373613384251682,0.10759964132476511
4437,8.375613747954173,0.0007506133888709413,8.375613747954173,0.11599533253481493
4438,8.377614111656664,0.0007287665838537772,8.377614111656666,0.12356873186953464
4439,8.379614475359155,0.0007079726524552434,8.379614475359155,0.1294178597613884
4440,8.381614839061648,0.0006881608235858152,8.381614839061648,0.13267007783266468
4441,8.383615202764139,0.0006692664180950202,8.383615202764139,0.13274130458508246
4442,8.38561556646663,0.000651230210534912,8.385615566466631,0.1295459539004877
4443,8.38761593016912,0.0006339978695979326,8.38761593016912,0.12352931040296745
4444,8.389616293871612,0.0006175194660935842,8.389616293871613,0.11550079611283047
4445,8.391616657574104,0.0006017490391047721,8.391616657574104,0.10637417897978795
4446,8.393617021276595,0.0005866442124262743,8.393617021276595,0.09695059415876092
4447,8.395617384979086,0.0005721658545957018,8.395617384979086,0.0878118680864511
4448,8.397617748681578,0.0005582777768306643,8.397617748681578,0.07931229114612508
4449,8.399618112384069,0.0005449464640213586,8.39961811238407,0.07162328529737616
4450,8.40161847608656,0.0005321408346275093,8.40161847608656,0.06479138427295433
4451,8.403618839789052,0.000519832025915929,8.403618839789052,0.05878849968442044
4452,8.405619203491543,0.0005079932014701399,8.405619203491543,0.05354809959841776
4453,8.407619567194034,0.000496599378322001,8.407619567194036,0.048988318572070054
4454,8.409619930896525,0.0004856272714108556,8.409619930896525,0.045025359092501945
4455,8.411620294599016,0.00047505515337772594,8.411620294599016,0.041580499321074015
4456,8.41362065830151,0.0004648627279603626,8.41362065830151,0.038583223473520195
4457,8.415621022004,0.0004550310154759003,8.415621022004,0.03597216054577705
4458,8.417621385706491,0.0004455422490674016,8.417621385706491,0.033694877677913716
4459,8.419621749408982,0.0004363797805541123,8.419621749408982,0.03170714230559938
4460,8.421622113111473,0.0004275279948658837,8.421622113111475,0.029971996051671036
4461,8.423622476813964,0.00041897223216427504,8.423622476813966,0.028458821422498566
4462,8.425622840516457,0.0004106987168584927,8.425622840516457,0.027142489546473875
4463,8.427623204218948,0.00040269449281625497,8.427623204218948,0.02600262603603901
4464,8.429623567921439,0.0003949473641495701,8.42962356792144,0.02502300518706992
4465,8.43162393162393,0.00038744584102550975,8.431623931623932,0.024191069537698243
4466,8.433624295326421,0.0003801790900129615,8.433624295326421,0.023497565920435445
4467,8.435624659028914,0.0003731368885300488,8.435624659028914,0.022936286669729647
4468,8.437625022731405,0.00036630958300395814,8.437625022731405,0.022503903013401643
4469,8.439625386433896,0.00035968805039621616,8.439625386433898,0.02219987478222675
4470,8.441625750136387,0.00035326366278314644,8.441625750136387,0.02202641412907564
4471,8.443626113838878,0.0003470282547132861,8.44362611383888,0.021988467822798546
4472,8.445626477541369,0.00034097409309217434,8.44562647754137,0.022093658167665887
4473,8.447626841243862,0.00033509384937014915,8.447626841243864,0.022352079697426256
4474,8.449627204946353,0.0003293805738312566,8.449627204946353,0.022775777949120203
4475,8.451627568648844,0.00032382767180122094,8.451627568648844,0.023377627381897546
4476,8.453627932351337,0.0003184288816103318,8.453627932351337,0.02416917372644455
4477,8.455628296053828,0.00031317825416277465,8.455628296053828,0.025156834182701242
4478,8.457628659756319,0.00030807013397815796,8.457628659756319,0.02633575099690352
4479,8.45962902345881,0.0003030991415836242,8.45962902345881,0.02768081175456503
4480,8.461629387161302,0.00029826015714616924,8.461629387161302,0.029135340188674353
4481,8.463629750863793,0.00029354830524508466,8.463629750863793,0.030600278248802945
4482,8.465630114566284,0.00028895894069340405,8.465630114566284,0.03193028974509738
4483,8.467630478268775,0.000284487635325517,8.467630478268775,0.032946048805467976
4484,8.469630841971268,0.0002801301656754452,8.469630841971268,0.0334691122084313
4485,8.47163120567376,0.0002758825014769545,8.47163120567376,0.03337311663599164
4486,8.47363156937625,0.00027174079492259647,8.473631569376249,0.03262826459382317
4487,8.475631933078741,0.0002677013706243054,8.475631933078741,0.031312396624058915
4488,8.477632296781232,0.00026376071622295826,8.477632296781232,0.02958129817351874
4489,8.479632660483725,0.0002599154735988003,8.479632660483725,0.02761733491348216
4490,8.481633024186216,0.00025616243063866025,8.481633024186214,0.025584130157683252
4491,8.483633387888707,0.00025249851351945865,8.483633387888707,0.023602710804979467
4492,8.485633751591198,0.0002489207794709323,8.485633751591198,0.021748117387127824
4493,8.48763411529369,0.00024542640998339807,8.487634115293691,0.020057624263718585
4494,8.48963447899618,0.0002420127044291839,8.48963447899618,0.018542311129522662
4495,8.491634842698673,0.00023867707406882452,8.491634842698671,0.017197381490990635
4496,8.493635206401164,0.0002354170364154126,8.493635206401164,0.016009706990347886
4497,8.495635570103655,0.00023223020993252028,8.495635570103655,0.014962699938012521
4498,8.497635933806146,0.0002291143090430905,8.497635933806146,0.014039166085740237
4499,8.499636297508637,0.000226067139428339,8.499636297508637,0.01322281281267432
4500,8.50163666121113,0.00022308659359734706,8.50163666121113,0.012498935050971343
4501,8.50363702491362,0.00022017064670947487,8.50363702491362,0.011854632488067564
4502,8.505637388616112,0.0002173173526330103,8.505637388616112,0.011278778931216244
4503,8.507637752318603,0.00021452484022476857,8.507637752318603,0.010761874100367332
4504,8.509638116021094,0.00021179130981640077,8.509638116021096,0.010295850850710737
4505,8.511638479723585,0.00020911502989424396,8.511638479723587,0.009873876453581426
4506,8.513638843426078,0.00020649433396047775,8.513638843426076,0.009490166743649718
4507,8.515639207128569,0.00020392761756423745,8.515639207128569,0.00913982093864264
4508,8.51763957083106,0.00020141333549209453,8.51763957083106,0.008818679101681796
4509,8.51963993453355,0.0001989499991081259,8.51963993453355,0.008523201319841791
4510,8.521640298236042,0.00019653617383440296,8.521640298236042,0.008250366400468953
4511,8.523640661938535,0.0001941704767634029,8.523640661938535,0.007997587479845239
4512,8.525641025641026,0.00019185157439442313,8.525641025641026,0.007762641967916417
4513,8.527641389343517,0.0001895781804865812,8.527641389343517,0.007543613481259887
4514,8.529641753046008,0.00018734905402154238,8.529641753046008,0.007338843717484518
4515,8.531642116748499,0.000185162997269513,8.531642116748499,0.007146892533121228
4516,8.53364248045099,0.0001830188539525008,8.533642480450991,0.006966504773251432
4517,8.535642844153482,0.00018091550749922464,8.53564284415348,0.006796582652586376
4518,8.537643207855973,0.00017885187938643276,8.537643207855973,0.006636162701877626
4519,8.539643571558464,0.00017682692756169503,8.539643571558464,0.006484396472480894
4520,8.541643935260955,0.00017483964494310555,8.541643935260957,0.006340534339572172
4521,8.543644298963446,0.00017288905799156724,8.543644298963446,0.006203911865467646
4522,8.54564466266594,0.00017097422535163458,8.54564466266594,0.006073938283076251
4523,8.54764502636843,0.00016909423655714212,8.54764502636843,0.005950086739654113
4524,8.549645390070921,0.00016724821079805194,8.549645390070923,0.005831886006089635
4525,8.551645753773412,0.000165435295745223,8.551645753773412,0.005718913409770872
4526,8.553646117475903,0.00016365466642995875,8.553646117475903,0.0056107887919880665
4527,8.555646481178394,0.00016190552417540857,8.555646481178396,0.005507169325721097
4528,8.557646844880887,0.00016018709557706534,8.557646844880887,0.005407745058082759
4529,8.559647208583378,0.00015849863152977625,8.559647208583378,0.005312235064893649
4530,8.56164757228587,0.00015683940629881095,8.56164757228587,0.00522038412383982
4531,8.56364793598836,0.00015520871663272153,8.563647935988362,0.005131959828228092
4532,8.565648299690851,0.00015360588091581609,8.565648299690853,0.005046750076141385
4533,8.567648663393344,0.0001520302383582203,8.567648663393344,0.004964560880340339
4534,8.569649027095835,0.00015048114822161914,8.569649027095835,0.00488521445296427
4535,8.571649390798326,0.0001489579890788556,8.571649390798326,0.004808547526301948
4536,8.573649754500817,0.00014746015810570849,8.573649754500819,0.004734409876893099
4537,8.575650118203308,0.00014598707040322658,8.575650118203308,0.004662663025216138
4538,8.5776504819058,0.00014453815834911026,8.5776504819058,0.00459317908738401
4539,8.579650845608292,0.00014311287097671575,8.579650845608292,0.004525839758762281
4540,8.581651209310783,0.0001417106733803146,8.581651209310785,0.004460535412351283
4541,8.583651573013274,0.00014033104614535495,8.583651573013274,0.004397164297242608
4542,8.585651936715765,0.0001389734848025004,8.585651936715767,0.004335631824539256
4543,8.587652300418256,0.00013763749930431423,8.587652300418258,0.004275849929890681
4544,8.589652664120749,0.00013632261352350666,8.58965266412075,0.0042177365032844485
4545,8.59165302782324,0.0001350283647717307,8.59165302782324,0.004161214878007097
4546,8.59365339152573,0.00013375430333794591,8.59365339152573,0.00410621337176629
4547,8.595653755228222,0.00013249999204545355,8.595653755228224,0.0040526648738910594
4548,8.597654118930713,0.0001312650058267228,8.597654118930715,0.004000506473315364
4549,8.599654482633206,0.0001300489313151911,8.599654482633206,0.003949679122730058
4550,8.601654846335697,0.00012885136645326414,8.601654846335697,0.003900127334869791
4551,8.603655210038188,0.0001276719201157643,8.60365521003819,0.0038517989074050313
4552,8.605655573740679,0.0001265102117481447,8.60565557374068,0.0038046446733412767
4553,8.607655937443171,0.00012536587101879147,8.607655937443171,0.003758618274204439
4554,8.609656301145662,0.00012423853748478808,8.609656301145662,0.0037136759536153365
4555,8.611656664848153,0.00012312786027054152,8.611656664848153,0.0036697763691400415
4556,8.613657028550646,0.00012203349775870714,8.613657028550646,0.00362688042054711
4557,8.615657392253137,0.00012095511729285767,8.615657392253135,0.00358495109281875
4558,8.617657755955628,0.00011989239489140107,8.617657755955628,0.0035439533124490595
4559,8.61965811965812,0.00011884501497224532,8.61965811965812,0.0035038538157275336
4560,8.621658483360612,0.00011781267008775085,8.621658483360612,0.003464621027848336
4561,8.623658847063103,0.0001167950606695317,8.623658847063101,0.003426224951813428
4562,8.625659210765594,0.0001157918947826747,8.625659210765594,0.003388637066207611
4563,8.627659574468085,0.000114802887888991,8.627659574468085,0.003351830231022391
4564,8.629659938170576,0.00011382776261890808,8.629659938170578,0.003315778600790634
4565,8.631660301873067,0.00011286624855164425,8.631660301873067,0.003280457544371569
4566,8.63366066557556,0.00011191808200331779,8.633660665575558,0.0032458435707923396
4567,8.635661029278051,0.00011098300582266659,8.635661029278051,0.00321191426061311
4568,8.637661392980542,0.00011006076919405346,8.63766139298054,0.0031786482023348555
4569,8.639661756683033,0.00010915112744747189,8.639661756683033,0.0031460249334171768
4570,8.641662120385524,0.00010825384187525624,8.641662120385524,0.003114024885515616
4571,8.643662484088017,0.00010736867955522819,8.643662484088017,0.003082629333584693
4572,8.645662847790508,0.00010649541318002245,8.645662847790506,0.0030518203485275196
4573,8.647663211492999,0.00010563382089233376,8.647663211492999,0.0030215807531020376
4574,8.64966357519549,0.00010478368612586256,8.64966357519549,0.002991894080821642
4575,8.65166393889798,0.00010394479745172227,8.65166393889798,0.0029627445376110037
4576,8.653664302600472,0.00010311694843009708,8.653664302600472,0.0029341169660005986
4577,8.655664666302965,0.00010229993746694251,8.655664666302963,0.0029059968116621313
4578,8.657665030005456,0.00010149356767553497,8.657665030005456,0.002878370092105276
4579,8.659665393707947,0.00010069764674267328,8.659665393707947,0.002851223367371024
4580,8.661665757410438,9.991198679936377e-05,8.661665757410438,0.002824543712572089
4581,8.663666121112929,9.913640429580774e-05,8.663666121112929,0.0027983186921429534
4582,8.665666484815421,9.837071988052963e-05,8.665666484815421,0.0027725363356744816
4583,8.667666848517912,9.761475828349081e-05,8.667666848517912,0.0027471851152176636
4584,8.669667212220403,9.686834820302987e-05,8.669667212220402,0.00272225392395144
4585,8.671667575922894,9.613132219649597e-05,8.671667575922894,0.002697732056117595
4586,8.673667939625386,9.540351657442892e-05,8.673667939625386,0.0026736091881341645
4587,8.675668303327877,9.468477129815645e-05,8.675668303327878,0.0026498753608051417
4588,8.67766866703037,9.39749298806811e-05,8.677668667030368,0.0026265209625516003
4589,8.67966903073286,9.327383929073828e-05,8.67966903073286,0.002603536713594606
4590,8.681669394435351,9.258134985990095e-05,8.681669394435351,0.0025809136510263715
4591,8.683669758137842,9.189731519262999e-05,8.683669758137844,0.0025586431147101487
4592,8.685670121840333,9.12215920791554e-05,8.685670121840333,0.0025367167339547603
4593,8.687670485542826,9.055404041108817e-05,8.687670485542826,0.002515126414913076
4594,8.689670849245317,8.989452309966714e-05,8.689670849245317,0.0024938643286581685
4595,8.691671212947808,8.924290599653853e-05,8.691671212947808,0.0024729228998935484
4596,8.6936715766503,8.859905781698801e-05,8.6936715766503,0.0024522947962577987
4597,8.69567194035279,8.796285006553054e-05,8.69567194035279,0.002431972918186272
4598,8.697672304055281,8.733415696377764e-05,8.697672304055283,0.0024119503892957
4599,8.699672667757774,8.671285538050116e-05,8.699672667757774,0.0023922205472593637
4600,8.701673031460265,8.60988247638191e-05,8.701673031460265,0.002372776935143372
4601,8.703673395162756,8.549194707542274e-05,8.703673395162756,0.0023536132931761804
4602,8.705673758865247,8.489210672678347e-05,8.705673758865249,0.0023347235509258903
4603,8.707674122567738,8.42991905172643e-05,8.70767412256774,0.002316101819860974
4604,8.70967448627023,8.371308757407228e-05,8.709674486270229,0.002297742386272369
4605,8.711674849972722,8.313368929399174e-05,8.711674849972722,0.00227963970453587
4606,8.713675213675213,8.256088928683048e-05,8.713675213675213,0.002261788390695626
4607,8.715675577377704,8.199458332053031e-05,8.715675577377706,0.0022441832163502262
4608,8.717675941080195,8.143466926787827e-05,8.717675941080195,0.002226819102824655
4609,8.719676304782686,8.088104705476849e-05,8.719676304782688,0.002209691115612021
4610,8.721676668485179,8.033361860996102e-05,8.721676668485179,0.0021927944590704514
4611,8.72367703218767,7.979228781629053e-05,8.723677032187672,0.002176124471360918
4612,8.72567739589016,7.925696046327148e-05,8.72567739589016,0.002159676619613184
4613,8.727677759592652,7.872754420106032e-05,8.727677759592654,0.002143446495307476
4614,8.729678123295143,7.820394849572533e-05,8.729678123295145,0.0021274298098606505
4615,8.731678486997636,7.768608458578301e-05,8.731678486997636,0.0021116223904057746
4616,8.733678850700127,7.717386543996127e-05,8.733678850700127,0.0020960201757552663
4617,8.735679214402618,7.666720571614452e-05,8.735679214402618,0.00208061921253791
4618,8.737679578105109,7.616602172146966e-05,8.73767957810511,0.0020654156515010624
4619,8.7396799418076,7.567023137353052e-05,8.739679941807601,0.002050405743969339
4620,8.74168030551009,7.517975416265761e-05,8.741680305510092,0.002035585838452132
4621,8.743680669212583,7.469451111523786e-05,8.743680669212583,0.0020209523773923248
4622,8.745681032915074,7.421442475804389e-05,8.745681032915076,0.002006501894049439
4623,8.747681396617565,7.373941908353519e-05,8.747681396617565,0.0019922310095103145
4624,8.749681760320057,7.326941951610822e-05,8.749681760320057,0.0019781364298212443
4625,8.75168212402255,7.280435287925979e-05,8.75168212402255,0.0019642149432357843
4626,8.75368248772504,7.234414736363746e-05,8.75368248772504,0.0019504634175724416
4627,8.755682851427531,7.188873249595106e-05,8.755682851427531,0.0019368787976772235
4628,8.757683215130022,7.143803910871323e-05,8.757683215130022,0.0019234581029859176
4629,8.759683578832515,7.099199931079075e-05,8.759683578832515,0.0019101984251816532
4630,8.761683942535006,7.055054645873636e-05,8.761683942535006,0.001897096925943042
4631,8.763684306237497,7.011361512887901e-05,8.763684306237497,0.0018841508347789283
4632,8.765684669939988,6.96811410901498e-05,8.765684669939988,0.001871357446945631
4633,8.767685033642481,6.925306127762185e-05,8.767685033642481,0.0018587141214431242
4634,8.769685397344972,6.882931376673887e-05,8.769685397344972,0.0018462182790863484
4635,8.771685761047463,6.84098377482177e-05,8.771685761047461,0.0018338674006484954
4636,8.773686124749954,6.79945735035995e-05,8.773686124749954,0.0018216590250729123
4637,8.775686488452447,6.758346238143278e-05,8.775686488452445,0.0018095907477507966
4638,8.777686852154938,6.717644677407003e-05,8.777686852154938,0.0017976602188615651
4639,8.779687215857429,6.677347009505581e-05,8.779687215857427,0.0017858651417733615
4640,8.78168757955992,6.637447675709467e-05,8.78168757955992,0.00177420327150097
4641,8.78368794326241,6.597941215057772e-05,8.78368794326241,0.00176267241321886
4642,8.785688306964902,6.558822262265283e-05,8.785688306964904,0.0017512704208267915
4643,8.787688670667395,6.520085545682235e-05,8.787688670667393,0.001739995195565942
4644,8.789689034369886,6.48172588530548e-05,8.789689034369884,0.0017288446846833087
4645,8.791689398072377,6.443738190839111e-05,8.791689398072377,0.0017178168801425444
4646,8.793689761774868,6.406117459803729e-05,8.793689761774868,0.0017069098173790977
4647,8.795690125477359,6.368858775692487e-05,8.795690125477359,0.0016961215740980142
4648,8.797690489179852,6.331957306172756e-05,8.79769048917985,0.0016854502691125218
4649,8.799690852882343,6.295408301332228e-05,8.799690852882343,0.00167489406122193
4650,8.801691216584834,6.259207091967798e-05,8.801691216584834,0.0016644511481270425
4651,8.803691580287325,6.223349087916548e-05,8.803691580287325,0.0016541197653817637
4652,8.805691943989816,6.187829776427266e-05,8.805691943989816,0.0016438981853793323
4653,8.807692307692307,6.1526447205715e-05,8.807692307692308,0.0016337847163719755
4654,8.8096926713948,6.117789557693001e-05,8.8096926713948,0.001623777701522488
4655,8.81169303509729,6.083259997894663e-05,8.811693035097289,0.0016138755179866467
4656,8.813693398799781,6.049051822561486e-05,8.813693398799781,0.001604076576025148
4657,8.815693762502272,6.015160882919126e-05,8.815693762502272,0.0015943793181440998
4658,8.817694126204763,5.9815830986266576e-05,8.817694126204765,0.0015847822182627762
4659,8.819694489907256,5.948314456402725e-05,8.819694489907254,0.0015752837809077638
4660,8.821694853609747,5.91535100868431e-05,8.821694853609747,0.0015658825404323924
4661,8.823695217312238,5.882688872316849e-05,8.823695217312238,0.0015565770602606408
4662,8.82569558101473,5.850324227275349e-05,8.825695581014731,0.0015473659321544422
4663,8.82769594471722,5.818253315415286e-05,8.82769594471722,0.0015382477755036556
4664,8.829696308419711,5.786472439252657e-05,8.829696308419711,0.0015292212366377754
4665,8.831696672122204,5.7549779607723126e-05,8.831696672122204,0.0015202849881587128
4666,8.833697035824695,5.723766300264004e-05,8.833697035824695,0.0015114377282937242
4667,8.835697399527186,5.6928339351850156e-05,8.835697399527186,0.0015026781802678925
4668,8.837697763229677,5.6621773990491746e-05,8.837697763229677,0.0014940050916953571
4669,8.839698126932168,5.6317932803411664e-05,8.83969812693217,0.0014854172339887597
4670,8.841698490634661,5.601678221455625e-05,8.841698490634661,0.0014769134017861036
4671,8.843698854337152,5.5718289176604596e-05,8.843698854337152,0.001468492412394524
4672,8.845699218039643,5.542242116083418e-05,8.845699218039643,0.0014601531052503105
4673,8.847699581742134,5.51291461472178e-05,8.847699581742136,0.001451894341394713
4674,8.849699945444625,5.483843261474189e-05,8.849699945444627,0.0014437150029648544
4675,8.851700309147116,5.455024953194232e-05,8.851700309147116,0.0014356139926993319
4676,8.853700672849609,5.426456634765126e-05,8.853700672849609,0.0014275902334579334
4677,8.8557010365521,5.398135298195123e-05,8.8557010365521,0.0014196426677550967
4678,8.85770140025459,5.3700579817327584e-05,8.857701400254593,0.001411770257306499
4679,8.859701763957082,5.342221769001892e-05,8.859701763957082,0.0014039719825884622
4680,8.861702127659573,5.3146237881556896e-05,8.861702127659575,0.0013962468424096454
4681,8.863702491362066,5.287261211049184e-05,8.863702491362066,0.0013885938534947428
4682,8.865702855064557,5.2601312524300696e-05,8.865702855064557,0.001381012050079651
4683,8.867703218767048,5.233231169146911e-05,8.867703218767048,0.0013735004835177835
4684,8.869703582469539,5.206558259374796e-05,8.869703582469539,0.001366058221897249
4685,8.87170394617203,5.180109861857655e-05,8.871703946172032,0.00135868434966839
4686,8.87370430987452,5.153883355166956e-05,8.87370430987452,0.0013513779672814702
4687,8.875704673577014,5.1278761569763543e-05,8.875704673577014,0.0013441381908340932
4688,8.877705037279505,5.102085723351977e-05,8.877705037279505,0.0013369641517281554
4689,8.879705400981996,5.076509548057707e-05,8.879705400981997,0.0013298549963358906
4690,8.881705764684487,5.051145161875452e-05,8.881705764684487,0.0013228098856748333
4691,8.883706128386978,5.025990131939761e-05,8.88370612838698,0.0013158279950913263
4692,8.88570649208947,5.001042061086536e-05,8.88570649208947,0.0013089085139524254
4693,8.887706855791961,4.976298587215563e-05,8.887706855791963,0.0013020506453457993
4694,8.889707219494452,4.9517573826662795e-05,8.889707219494452,0.0012952536057874808
4695,8.891707583196943,4.927416153606819e-05,8.891707583196943,0.001288516624937158
4696,8.893707946899434,4.903272639435711e-05,8.893707946899436,0.001281838945320862
4697,8.895708310601925,4.879324612196082e-05,8.895708310601927,0.0012752198220607163
4698,8.897708674304418,4.8555698760020025e-05,8.897708674304418,0.0012686585226116176
4699,8.89970903800691,4.8320062664767796e-05,8.89970903800691,0.0012621543265045698
4700,8.9017094017094,4.8086316502026756e-05,8.901709401709402,0.001255706525096579
4701,8.903709765411891,4.7854439241821205e-05,8.903709765411893,0.0012493144213267698
4702,8.905710129114384,4.7624410153098825e-05,8.905710129114384,0.0012429773294786574
4703,8.907710492816875,4.739620879856013e-05,8.907710492816875,0.001236694574948306
4704,8.909710856519366,4.716981502959432e-05,8.909710856519366,0.0012304654940182977
4705,8.911711220221859,4.694520898131616e-05,8.911711220221859,0.0012242894336372291
4706,8.91371158392435,4.672237106770501e-05,8.913711583924348,0.0012181657512046608
4707,8.915711947626841,4.6501281976841244e-05,8.915711947626841,0.0012120938143612972
4708,8.917712311329332,4.628192266623856e-05,8.917712311329332,0.00120607300078433
4709,8.919712675031825,4.606427435826977e-05,8.919712675031825,0.0012001026979876921
4710,8.921713038734316,4.584831853568496e-05,8.921713038734314,0.0011941823031271636
4711,8.923713402436807,4.563403693721731e-05,8.923713402436807,0.001188311222810129
4712,8.925713766139298,4.54214115532778e-05,8.925713766139298,0.001182488872909938
4713,8.927714129841789,4.52104246217345e-05,8.92771412984179,0.001176714678384635
4714,8.929714493544282,4.500105862377525e-05,8.92971449354428,0.0011709880731000178
4715,8.931714857246773,4.47932962798525e-05,8.93171485724677,0.0011653084996568397
4716,8.933715220949264,4.4587120545706316e-05,8.933715220949264,0.0011596754092221247
4717,8.935715584651755,4.438251460846663e-05,8.935715584651755,0.0011540882613643828
4718,8.937715948354246,4.417946188283101e-05,8.937715948354246,0.0011485465238926847
4719,8.939716312056737,4.3977946007316715e-05,8.939716312056737,0.0011430496726994512
4720,8.94171667575923,4.377795084058554e-05,8.94171667575923,0.0011375971916069113
4721,8.94371703946172,4.3579460457840175e-05,8.94371703946172,0.0011321885722170514
4722,8.945717403164211,4.338245914728896e-05,8.945717403164211,0.001126823313765027
4723,8.947717766866703,4.318693140667972e-05,8.947717766866703,0.0011215009229758816
4724,8.949718130569194,4.299286193989954e-05,8.949718130569194,0.001116220913924579
4725,8.951718494271686,4.28002356536395e-05,8.951718494271686,0.001110982807899143
4726,8.953718857974177,4.260903765412355e-05,8.953718857974176,0.0011057861332669115
4727,8.955719221676668,4.241925324389829e-05,8.955719221676668,0.0011006304253437585
4728,8.95771958537916,4.223086791868486e-05,8.95771958537916,0.0010955152262662885
4729,8.95971994908165,4.204386736428967e-05,8.959719949081652,0.0010904400848668232
4730,8.961720312784141,4.185823745357346e-05,8.961720312784141,0.0010854045565511826
4731,8.963720676486634,4.1673964243477035e-05,8.963720676486634,0.0010804082031791401
4732,8.965721040189125,4.149103397210355e-05,8.965721040189125,0.0010754505929475471
4733,8.967721403891616,4.130943305585377e-05,8.967721403891618,0.0010705313002759682
4734,8.969721767594107,4.1129148086616177e-05,8.969721767594107,0.0010656499056948365
4735,8.971722131296598,4.095016582900836e-05,8.971722131296598,0.0010608059957360142
4736,8.973722494999091,4.077247321766973e-05,8.973722494999091,0.0010559991628257576
4737,8.975722858701582,4.0596057354604677e-05,8.975722858701582,0.0010512290051799462
4738,8.977723222404073,4.042090550657338e-05,8.977723222404073,0.001046495126701588
4739,8.979723586106564,4.0247005102531905e-05,8.979723586106564,0.0010417971368804821
4740,8.981723949809055,4.0074343731118367e-05,8.981723949809057,0.0010371346506950674
4741,8.983724313511546,3.990290913818522e-05,8.983724313511546,0.0010325072885163109
4742,8.985724677214039,3.9732689224376287e-05,8.985724677214039,0.0010279146760136249
4743,8.98772504091653,3.956367204274844e-05,8.98772504091653,0.0010233564440628017
4744,8.989725404619021,3.939584579643496e-05,8.989725404619021,0.0010188322286558396
4745,8.991725768321512,3.922919883635259e-05,8.991725768321512,0.0010143416708126734
4746,8.993726132024003,3.9063719658948856e-05,8.993726132024003,0.0010098844164947156
4747,8.995726495726496,3.889939690399015e-05,8.995726495726496,0.001005460116520234
4748,8.997726859428987,3.873621935238991e-05,8.997726859428987,0.0010010684264814343
4749,8.999727223131478,3.857417592407433e-05,8.999727223131478,0.0009967090066632686
4750,9.001727586833969,3.8413255675887274e-05,9.001727586833969,0.000992381521963891
4751,9.00372795053646,3.8253447799531845e-05,9.003727950536462,0.0009880856418167702
4752,9.00572831423895,3.80947416195485e-05,9.005728314238953,0.0009838210401143517
4753,9.007728677941444,3.7937126591328694e-05,9.007728677941442,0.0009795873951332881
4754,9.009729041643935,3.778059229916416e-05,9.009729041643935,0.0009753843894611574
4755,9.011729405346426,3.762512845432929e-05,9.011729405346426,0.0009712117099246931
4756,9.013729769048917,3.747072489319818e-05,9.013729769048918,0.0009670690475194171
4757,9.015730132751408,3.7317371575394065e-05,9.015730132751408,0.0009629560973406982
4758,9.0177304964539,3.716505858197101e-05,9.0177304964539,0.0009588725585161633
4759,9.019730860156391,3.701377611362766e-05,9.019730860156391,0.0009548181341394828
4760,9.021731223858882,3.6863514488950963e-05,9.021731223858884,0.000950792531205433
4761,9.023731587561374,3.671426414269123e-05,9.023731587561374,0.0009467954605462534
4762,9.025731951263865,3.6566015624066414e-05,9.025731951263866,0.0009428266367692352
4763,9.027732314966356,3.641875959509576e-05,9.027732314966357,0.000938885778195566
4764,9.029732678668848,3.6272486828961734e-05,9.029732678668848,0.000934972606800328
4765,9.03173304237134,3.6127188208400655e-05,9.03173304237134,0.0009310868481536865
4766,9.03373340607383,3.5982854724119574e-05,9.03373340607383,0.0009272282313631926
4767,9.035733769776321,3.5839477473241324e-05,9.035733769776323,0.000923396489017234
4768,9.037734133478812,3.5697047657775256e-05,9.037734133478814,0.0009195913571295404
4769,9.039734497181305,3.555555658311392e-05,9.039734497181305,0.0009158125750847696
4770,9.041734860883796,3.5414995656555714e-05,9.041734860883796,0.0009120598855851136
4771,9.043735224586287,3.527535638585119e-05,9.043735224586289,0.0009083330345979534
4772,9.045735588288778,3.5136630377775014e-05,9.04573558828878,0.0009046317713044745
4773,9.04773595199127,3.49988093367212e-05,9.04773595199127,0.000900955848049272
4774,9.049736315693762,3.486188506332191e-05,9.049736315693762,0.0008973050202908844
4775,9.051736679396253,3.472584945308925e-05,9.051736679396253,0.0008936790465532914
4776,9.053737043098744,3.4590694495080076e-05,9.053737043098746,0.0008900776883782838
4777,9.055737406801235,3.445641227058194e-05,9.055737406801235,0.0008865007102787439
4778,9.057737770503728,3.432299495182182e-05,9.057737770503728,0.0008829478796927715
4779,9.059738134206219,3.419043480069559e-05,9.059738134206219,0.000879418966938695
4780,9.06173849790871,3.405872416751838e-05,9.061738497908712,0.00087591374517088
4781,9.063738861611201,3.3927855489796044e-05,9.063738861611201,0.0008724319903363704
4782,9.065739225313694,3.3797821291015605e-05,9.065739225313694,0.0008689734811323051
4783,9.067739589016185,3.3668614179456584e-05,9.067739589016185,0.0008655379989641487
4784,9.069739952718676,3.354022684702109e-05,9.069739952718676,0.0008621253279046462
4785,9.071740316421167,3.3412652068083005e-05,9.071740316421167,0.0008587352546535484
4786,9.07374068012366,3.328588269835591e-05,9.073740680123658,0.0008553675684980425
4787,9.07574104382615,3.3159911673779525e-05,9.07574104382615,0.0008520220612739346
4788,9.077741407528642,3.303473200942334e-05,9.077741407528642,0.0008486985273274924
4789,9.079741771231133,3.291033679840876e-05,9.079741771231133,0.0008453967634779985
4790,9.081742134933624,3.2786719210848104e-05,9.081742134933624,0.0008421165689809489
4791,9.083742498636116,3.2663872492800585e-05,9.083742498636116,0.0008388577454919421
4792,9.085742862338607,3.2541789965245384e-05,9.085742862338607,0.0008356200970311787
4793,9.087743226041098,3.242046502307025e-05,9.087743226041097,0.0008324034299486067
4794,9.08974358974359,3.229989113407696e-05,9.08974358974359,0.0008292075528896665
4795,9.09174395344608,3.21800618380022e-05,9.09174395344608,0.000826032276761668
4796,9.093744317148571,3.2060970745554024e-05,9.093744317148573,0.000822877414700729
4797,9.095744680851064,3.194261153746329e-05,9.095744680851062,0.0008197427820393084
4798,9.097745044553555,3.1824977963550635e-05,9.097745044553555,0.00081662819627429
4799,9.099745408256046,3.170806384180712e-05,9.099745408256046,0.0008135334770356512
4800,9.101745771958537,3.1591863057490136e-05,9.101745771958537,0.0008104584460556462
4801,9.103746135661028,3.14763695622331e-05,9.103746135661028,0.000807402927138525
4802,9.105746499363521,3.136157737316891e-05,9.105746499363521,0.0008043667461307991
4803,9.107746863066012,3.124748057206753e-05,9.107746863066012,0.0008013497308919895
4804,9.109747226768503,3.113407330448609e-05,9.109747226768501,0.0007983517112658939
4805,9.111747590470994,3.102134977893298e-05,9.111747590470994,0.000795372519052327
4806,9.113747954173485,3.09093042660444e-05,9.113747954173485,0.0007924119879793713
4807,9.115748317875976,3.079793109777377e-05,9.115748317875978,0.0007894699536760703
4808,9.117748681578469,3.068722466659335e-05,9.117748681578467,0.0007865462536456024
4809,9.11974904528096,3.057717942470872e-05,9.11974904528096,0.000783640727238889
4810,9.121749408983451,3.0467789883284263e-05,9.121749408983451,0.0007807532156286762
4811,9.123749772685942,3.0359050611681375e-05,9.123749772685944,0.0007778835617840248
4812,9.125750136388433,3.0250956236707896e-05,9.125750136388433,0.0007750316104452418
4813,9.127750500090926,3.0143501441878857e-05,9.127750500090924,0.0007721972080992158
4814,9.129750863793417,3.0036680966688892e-05,9.129750863793417,0.0007693802029551884
4815,9.131751227495908,2.99304896058948e-05,9.131751227495908,0.0007665804449209024
4816,9.133751591198399,2.98249222088098e-05,9.133751591198399,0.0007637977855791601
4817,9.13575195490089,2.9719973678607906e-05,9.13575195490089,0.0007610320781647526
4818,9.13775231860338,2.9615638971638923e-05,9.137752318603383,0.0007582831775417946
4819,9.139752682305874,2.9511913096753558e-05,9.139752682305874,0.0007555509401814063
4820,9.141753046008365,2.9408791114639032e-05,9.141753046008365,0.0007528352241397744
4821,9.143753409710856,2.930626813716383e-05,9.143753409710856,0.0007501358890365581
4822,9.145753773413347,2.9204339326732935e-05,9.145753773413348,0.0007474527960336681
4823,9.147754137115838,2.9102999895652303e-05,9.14775413711584,0.0007447858078143696
4824,9.14975450081833,2.9002245105502702e-05,9.149754500818329,0.0007421347885627342
4825,9.151754864520822,2.8902070266523196e-05,9.151754864520822,0.0007394996039434108
4826,9.153755228223313,2.8802470737002973e-05,9.153755228223313,0.0007368801210817467
4827,9.155755591925804,2.8703441922682848e-05,9.155755591925805,0.0007342762085442025
4828,9.157755955628295,2.8604979276165196e-05,9.157755955628295,0.0007316877363190945
4829,9.159756319330787,2.8507078296332515e-05,9.159756319330787,0.0007291145757976324
4830,9.161756683033278,2.840973452777486e-05,9.161756683033278,0.0007265565997552808
4831,9.16375704673577,2.831294356022488e-05,9.163757046735771,0.0007240136823333916
4832,9.16575741043826,2.8216701028001798e-05,9.16575741043826,0.0007214856990211463
4833,9.167757774140751,2.8121002609463085e-05,9.167757774140751,0.0007189725266377627
4834,9.169758137843242,2.8025844026464242e-05,9.169758137843244,0.0007164740433150108
4835,9.171758501545735,2.7931221043826137e-05,9.171758501545735,0.0007139901284799785
4836,9.173758865248226,2.783712946881054e-05,9.173758865248226,0.0007115206628381169
4837,9.175759228950717,2.774356515060243e-05,9.175759228950717,0.0007090655283565446
4838,9.177759592653208,2.7650523979800403e-05,9.17775959265321,0.000706624608247628
4839,9.1797599563557,2.7558001887914107e-05,9.179759956355701,0.0007041977869527982
4840,9.181760320058192,2.7465994846868763e-05,9.181760320058192,0.0007017849501266291
4841,9.183760683760683,2.737449886851719e-05,9.183760683760683,0.0006993859846211515
4842,9.185761047463174,2.728351000415805e-05,9.185761047463176,0.0006970007784704292
4843,9.187761411165665,2.719302434406154e-05,9.187761411165667,0.0006946292208753501
4844,9.189761774868156,2.7103038017001617e-05,9.189761774868156,0.000692271202188666
4845,9.191762138570647,2.701354718979475e-05,9.191762138570649,0.0006899266139002439
4846,9.19376250227314,2.6924548066845222e-05,9.19376250227314,0.0006875953486225691
4847,9.195762865975631,2.68360368896971e-05,9.195762865975633,0.0006852773000764436
4848,9.197763229678122,2.6748009936591838e-05,9.197763229678122,0.0006829723630769167
4849,9.199763593380613,2.666046352203279e-05,9.199763593380615,0.0006806804335194135
4850,9.201763957083104,2.657339399635543e-05,9.201763957083106,0.000678401408366098
4851,9.203764320785597,2.648679774530358e-05,9.203764320785599,0.0006761351856324154
4852,9.205764684488088,2.640067118961191e-05,9.205764684488088,0.0006738816643738541
4853,9.207765048190579,2.631501078459349e-05,9.207765048190579,0.0006716407446728897
4854,9.209765411893072,2.622981301973383e-05,9.209765411893072,0.000669412327626149
4855,9.211765775595563,2.6145074418290108e-05,9.211765775595563,0.00066719631533174
4856,9.213766139298054,2.6060791536896094e-05,9.213766139298054,0.000664992610876787
4857,9.215766503000545,2.5976960965172355e-05,9.215766503000545,0.0006628011183251359
4858,9.217766866703037,2.5893579325342195e-05,9.217766866703037,0.0006606217427052623
4859,9.219767230405528,2.5810643271852213e-05,9.219767230405527,0.0006584543899983413
4860,9.22176759410802,2.5728149490998727e-05,9.22176759410802,0.0006562989671264906
4861,9.22376795781051,2.5646094700558896e-05,9.22376795781051,0.0006541553819412068
4862,9.225768321513003,2.5564475649426975e-05,9.225768321513003,0.0006520235432119491
4863,9.227768685215494,2.5483289117255767e-05,9.227768685215493,0.000649903360614904
4864,9.229769048917985,2.5402531914102325e-05,9.229769048917984,0.0006477947447219004
4865,9.231769412620476,2.53222008800791e-05,9.231769412620476,0.0006456976069895052
4866,9.233769776322967,2.5242292885009492e-05,9.233769776322967,0.0006436118597482606
4867,9.235770140025458,2.5162804828088073e-05,9.235770140025458,0.0006415374161920851
4868,9.237770503727951,2.5083733637545377e-05,9.23777050372795,0.0006394741903678185
4869,9.239770867430442,2.500507627031748e-05,9.239770867430442,0.0006374220971649362
4870,9.241771231132933,2.492682971171936e-05,9.241771231132933,0.000635381052305391
4871,9.243771594835424,2.4848990975123314e-05,9.243771594835424,0.0006333509723336151
4872,9.245771958537915,2.4771557101641295e-05,9.245771958537915,0.000631331774606649
4873,9.247772322240408,2.4694525159811523e-05,9.247772322240406,0.0006293233772844362
4874,9.249772685942899,2.461789224528958e-05,9.249772685942899,0.0006273256993202307
4875,9.25177304964539,2.4541655480542915e-05,9.251773049645388,0.0006253386604511573
4876,9.253773413347881,2.4465812014550147e-05,9.253773413347881,0.0006233621811888921
4877,9.255773777050372,2.439035902250387e-05,9.255773777050372,0.0006213961828104936
4878,9.257774140752863,2.4315293705517603e-05,9.257774140752865,0.0006194405873493438
4879,9.259774504455356,2.42406132903364e-05,9.259774504455354,0.0006174953175862308
4880,9.261774868157847,2.4166315029051638e-05,9.261774868157847,0.0006155602970405418
4881,9.263775231860338,2.4092396198818974e-05,9.263775231860338,0.0006136354499616
4882,9.265775595562829,2.4018854101580496e-05,9.26577559556283,0.0006117207013201037
4883,9.26777595926532,2.3945686063790273e-05,9.26777595926532,0.0006098159767996961
4884,9.269776322967813,2.38728894361435e-05,9.269776322967811,0.0006079212027886411
4885,9.271776686670304,2.3800461593309365e-05,9.271776686670304,0.0006060363063716322
4886,9.273777050372795,2.3728399933666927e-05,9.273777050372795,0.0006041612153216977
4887,9.275777414075286,2.3656701879044893e-05,9.275777414075286,0.0006022958580922284
4888,9.277777777777777,2.3585364874464527e-05,9.277777777777777,0.0006004401638091038
4889,9.279778141480268,2.3514386387885936e-05,9.27977814148027,0.0005985940622629449
4890,9.28177850518276,2.34437639099575e-05,9.28177850518276,0.000596757483901455
4891,9.283778868885252,2.337349495376892e-05,9.283778868885252,0.000594930359821877
4892,9.285779232587743,2.330357705460676e-05,9.285779232587743,0.0005931126217635418
4893,9.287779596290234,2.323400776971377e-05,9.287779596290234,0.0005913042021005374
4894,9.289779959992725,2.3164784678050933e-05,9.289779959992726,0.0005895050338344585
4895,9.291780323695217,2.30959053800626e-05,9.291780323695216,0.0005877150505872655
4896,9.293780687397708,2.3027367497444837e-05,9.293780687397708,0.0005859341865942308
4897,9.2957810511002,2.2959168672916253e-05,9.2957810511002,0.0005841623766969962
4898,9.29778141480269,2.2891306569992182e-05,9.297781414802692,0.0005823995563367074
4899,9.299781778505182,2.2823778872761525e-05,9.299781778505182,0.0005806456615472508
4900,9.301782142207673,2.2756583285666414e-05,9.301782142207674,0.0005789006289485706
4901,9.303782505910165,2.2689717533284643e-05,9.303782505910165,0.0005771643957400935
4902,9.305782869612656,2.262317936011508e-05,9.305782869612658,0.0005754368996942227
4903,9.307783233315147,2.2556966530365236e-05,9.307783233315147,0.0005737180791499299
4904,9.309783597017638,2.2491076827742053e-05,9.309783597017638,0.0005720078730064216
4905,9.31178396072013,2.242550805524501e-05,9.311783960720131,0.0005703062207169072
4906,9.313784324422622,2.2360258034961876e-05,9.313784324422622,0.0005686130622824319
4907,9.315784688125113,2.2295324607867156e-05,9.315784688125113,0.0005669283382458011
4908,9.317785051827604,2.2230705633622672e-05,9.317785051827604,0.0005652519896855767
4909,9.319785415530095,2.2166398990381018e-05,9.319785415530097,0.0005635839582101658
4910,9.321785779232586,2.210240257459125e-05,9.321785779232588,0.0005619241859519738
4911,9.323786142935077,2.203871430080699e-05,9.323786142935079,0.0005602726155616409
4912,9.32578650663757,2.1975332101496946e-05,9.32578650663757,0.0005586291902023475
4913,9.327786870340061,2.1912253926857862e-05,9.327786870340061,0.000556993853544206
4914,9.329787234042552,2.184947774462942e-05,9.329787234042554,0.0005553665497587137
4915,9.331787597745043,2.1787001539911817e-05,9.331787597745043,0.0005537472235132839
4916,9.333787961447534,2.1724823314985385e-05,9.333787961447536,0.0005521358199658405
4917,9.335788325150027,2.166294108913236e-05,9.335788325150027,0.0005505322847594973
4918,9.337788688852518,2.1601352898461134e-05,9.337788688852518,0.0005489365640172925
4919,9.339789052555009,2.1540056795732126e-05,9.339789052555009,0.0005473486043369893
4920,9.3417894162575,2.147905085018624e-05,9.341789416257502,0.0005457683527859606
4921,9.343789779959991,2.1418333147375217e-05,9.343789779959993,0.0005441957568961197
4922,9.345790143662482,2.135790178899406e-05,9.345790143662482,0.000542630764658929
4923,9.347790507364975,2.1297754892715422e-05,9.347790507364975,0.0005410733245204601
4924,9.349790871067466,2.1237890592026233e-05,9.349790871067466,0.0005395233853765346
4925,9.351791234769957,2.1178307036065886e-05,9.351791234769959,0.0005379808965679092
4926,9.353791598472448,2.111900238946676e-05,9.353791598472448,0.0005364458078755332
4927,9.35579196217494,2.105997483219645e-05,9.35579196217494,0.0005349180695158551
4928,9.357792325877432,2.100122255940192e-05,9.357792325877432,0.0005333976321362053
4929,9.359792689579923,2.0942743781255702e-05,9.359792689579924,0.0005318844468102195
4930,9.361793053282414,2.0884536722803502e-05,9.361793053282414,0.000530378465033333
4931,9.363793416984906,2.0826599623814096e-05,9.363793416984906,0.0005288796387183175
4932,9.365793780687397,2.0768930738630717e-05,9.365793780687397,0.0005273879201908922
4933,9.367794144389888,2.0711528336024346e-05,9.367794144389888,0.0005259032621853735
4934,9.369794508092381,2.065439069904861e-05,9.36979450809238,0.0005244256178403893
4935,9.371794871794872,2.0597516124896683e-05,9.37179487179487,0.0005229549406946359
4936,9.373795235497363,2.054090292475939e-05,9.373795235497363,0.0005214911846827034
4937,9.375795599199854,2.0484549423685474e-05,9.375795599199854,0.000520034304130939
4938,9.377795962902345,2.0428453960443226e-05,9.377795962902345,0.0005185842537533682
4939,9.379796326604838,2.03726148873838e-05,9.379796326604836,0.0005171409886476602
4940,9.381796690307329,2.031703057030631e-05,9.381796690307329,0.0005157044642911554
4941,9.38379705400982,2.026169938832408e-05,9.38379705400982,0.0005142746365369286
4942,9.385797417712311,2.02066197337329e-05,9.38579741771231,0.0005128514616099091
4943,9.387797781414802,2.0151790011880618e-05,9.387797781414802,0.0005114348961030386
4944,9.389798145117293,2.0097208641038248e-05,9.389798145117293,0.0005100248969734927
4945,9.391798508819786,2.0042874052272554e-05,9.391798508819786,0.0005086214215389315
4946,9.393798872522277,1.9988784689320356e-05,9.393798872522275,0.0005072244274738065
4947,9.395799236224768,1.993493900846382e-05,9.395799236224768,0.0005058338728057038
4948,9.397799599927259,1.988133547840765e-05,9.397799599927259,0.000504449715911744
4949,9.39979996362975,1.9827972580157464e-05,9.399799963629752,0.0005030719155150139
4950,9.401800327332243,1.9774848806899588e-05,9.401800327332241,0.0005017004306810479
4951,9.403800691034734,1.9721962663882396e-05,9.403800691034734,0.0005003352208143458
4952,9.405801054737225,1.96693126682987e-05,9.405801054737225,0.000498976245654943
4953,9.407801418439716,1.9616897349169773e-05,9.407801418439716,0.000497623465275012
4954,9.409801782142207,1.9564715247230578e-05,9.409801782142207,0.0004962768400755091
4955,9.411802145844698,1.9512764914816334e-05,9.411802145844698,0.0004949363307828571
4956,9.41380250954719,1.946104491575032e-05,9.41380250954719,0.0004936018984456772
4957,9.415802873249682,1.9409553825233158e-05,9.415802873249682,0.0004922735044315497
4958,9.417803236952173,1.9358290229732957e-05,9.417803236952173,0.0004909511104238182
4959,9.419803600654664,1.930725272687713e-05,9.419803600654664,0.000489634678418428
4960,9.421803964357155,1.925643992534517e-05,9.421803964357157,0.0004883241707208099
4961,9.423804328059648,1.9205850444762718e-05,9.423804328059648,0.0004870195499427928
4962,9.425804691762139,1.9155482915596965e-05,9.425804691762137,0.0004857207789995569
4963,9.42780505546463,1.9105335979052865e-05,9.42780505546463,0.0004844278211066172
4964,9.42980541916712,1.90554082869709e-05,9.42980541916712,0.00048314063977685477
4965,9.431805782869612,1.9005698501725785e-05,9.431805782869613,0.0004818591988175694
4966,9.433806146572103,1.895620529612639e-05,9.433806146572103,0.00048058346232757583
4967,9.435806510274595,1.8906927353316698e-05,9.435806510274595,0.0004793133946943248
4968,9.437806873977086,1.8857863366678066e-05,9.437806873977086,0.0004780489605910719
4969,9.439807237679577,1.8809012039732227e-05,9.43980723767958,0.0004767901249740656
4970,9.441807601382068,1.876037208604571e-05,9.441807601382068,0.00047553685307977607
4971,9.44380796508456,1.871194222913516e-05,9.443807965084561,0.00047428911042214926
4972,9.445808328787052,1.8663721202373718e-05,9.445808328787052,0.00047304686278990313
4973,9.447808692489543,1.8615707748898564e-05,9.447808692489543,0.00047181007624384655
4974,9.449809056192034,1.856790062151921e-05,9.449809056192034,0.000470578717114232
4975,9.451809419894525,1.8520298582627063e-05,9.451809419894525,0.0004693527519981358
4976,9.453809783597016,1.8472900404105915e-05,9.453809783597018,0.0004681321477568765
4977,9.455810147299507,1.8425704867243333e-05,9.455810147299507,0.0004669168715134564
4978,9.457810511002,1.83787107626431e-05,9.457810511002,0.00046570689065002853
4979,9.459810874704491,1.833191689013872e-05,9.459810874704491,0.0004645021728054054
4980,9.461811238406982,1.8285322058707538e-05,9.461811238406984,0.00046330268587258444
4981,9.463811602109473,1.823892508638617e-05,9.463811602109473,0.0004621083979963077
4982,9.465811965811964,1.8192724800186637e-05,9.465811965811964,0.00046091927757064313
4983,9.467812329514457,1.8146720036013437e-05,9.467812329514457,0.00045973529323660423
4984,9.469812693216948,1.8100909638581733e-05,9.469812693216948,0.00045855641387978655
4985,9.471813056919439,1.805529246133598e-05,9.471813056919439,0.00045738260862803544
4986,9.47381342062193,1.8009867366369907e-05,9.47381342062193,0.00045621384684913597
4987,9.475813784324421,1.796463322434707e-05,9.475813784324423,0.00045505009814853886
4988,9.477814148026912,1.7919588914422374e-05,9.477814148026914,0.0004538913323671001
4989,9.479814511729405,1.787473332416442e-05,9.479814511729405,0.0004527375195788543
4990,9.481814875431896,1.783006534947877e-05,9.481814875431896,0.00045158863008880513
4991,9.483815239134387,1.77855838945318e-05,9.483815239134389,0.0004504446344307521
4992,9.485815602836878,1.7741287871675623e-05,9.48581560283688,0.0004493055033651306
4993,9.487815966539369,1.7697176201373726e-05,9.487815966539369,0.0004481712078768822
4994,9.489816330241862,1.7653247812127323e-05,9.489816330241862,0.00044704171917334297
4995,9.491816693944353,1.7609501640402733e-05,9.491816693944353,0.00044591700868216506
4996,9.493817057646844,1.756593663055916e-05,9.493817057646845,0.00044479704804925124
4997,9.495817421349335,1.7522551734777548e-05,9.495817421349335,0.0004436818091367187
4998,9.497817785051826,1.7479345912990116e-05,9.497817785051827,0.0004425712640208795
4999,9.499818148754317,1.743631813281057e-05,9.499818148754319,0.00044146538499025153
5000,9.50181851245681,1.73934673694651e-05,9.501818512456811,0.0004403641445435849
5001,9.5038188761593,1.735079260572421e-05,9.5038188761593,0.0004392675153879123
5002,9.505819239861792,1.7308292831835004e-05,9.505819239861792,0.0004381754704366173
5003,9.507819603564284,1.726596704545444e-05,9.507819603564284,0.0004370879828075325
5004,9.509819967266775,1.7223814251583196e-05,9.509819967266775,0.0004360050258210496
5005,9.511820330969266,1.718183346250018e-05,9.511820330969266,0.0004349265729982547
5006,9.513820694671757,1.7140023697697882e-05,9.513820694671757,0.000433852598059079
5007,9.51582105837425,1.7098383983818166e-05,9.51582105837425,0.00043278307492048
5008,9.517821422076741,1.7056913354588932e-05,9.517821422076741,0.0004317179776946305
5009,9.519821785779232,1.7015610850761364e-05,9.519821785779232,0.00043065728068713584
5010,9.521822149481723,1.697447552004784e-05,9.521822149481723,0.0004296009583952625
5011,9.523822513184216,1.6933506417060466e-05,9.523822513184216,0.0004285489855061965
5012,9.525822876886707,1.689270260325037e-05,9.525822876886707,0.0004275013368953111
5013,9.527823240589198,1.6852063146847367e-05,9.527823240589196,0.0004264579876244583
5014,9.529823604291689,1.681158712280051e-05,9.529823604291689,0.0004254189129402728
5015,9.53182396799418,1.6771273612719154e-05,9.53182396799418,0.0004243840882725054
5016,9.533824331696673,1.673112170481455e-05,9.533824331696673,0.0004233534892323624
5017,9.535824695399164,1.6691130493842298e-05,9.535824695399162,0.0004223270916108703
5018,9.537825059101655,1.665129908104499e-05,9.537825059101655,0.00042130487137725107
5019,9.539825422804146,1.6611626574095807e-05,9.539825422804146,0.0004202868046773256
5020,9.541825786506637,1.657211208704252e-05,9.541825786506639,0.0004192728678319224
5021,9.543826150209128,1.6532754740252108e-05,9.543826150209128,0.00041826303733531164
5022,9.54582651391162,1.649355366035588e-05,9.545826513911619,0.00041725728985364833
5023,9.547826877614112,1.6454507980195362e-05,9.547826877614112,0.000416255602223442
5024,9.549827241316603,1.641561683876839e-05,9.549827241316603,0.0004152579514500324
5025,9.551827605019094,1.6376879381176056e-05,9.551827605019094,0.0004142643147060889
5026,9.553827968721585,1.6338294758570086e-05,9.553827968721585,0.00041327466933011747
5027,9.555828332424078,1.6299862128100688e-05,9.555828332424078,0.00041228899282499455
5028,9.557828696126569,1.6261580652865127e-05,9.557828696126569,0.00041130726285650677
5029,9.55982905982906,1.62234495018565e-05,9.55982905982906,0.00041032945725191056
5030,9.56182942353155,1.618546784991334e-05,9.56182942353155,0.00040935555399850297
5031,9.563829787234042,1.614763487766957e-05,9.563829787234043,0.00040838553124221427
5032,9.565830150936533,1.6109949771504978e-05,9.565830150936534,0.00040741936728620867
5033,9.567830514639025,1.607241172349621e-05,9.567830514639024,0.00040645704058950353
5034,9.569830878341516,1.603501993136831e-05,9.569830878341516,0.0004054985297655975
5035,9.571831242044007,1.5997773598446576e-05,9.571831242044007,0.00040454381358112255
5036,9.573831605746498,1.5960671933609064e-05,9.573831605746498,0.0004035928709545016
5037,9.57583196944899,1.592371415123955e-05,9.57583196944899,0.0004026456809546198
5038,9.577832333151482,1.5886899471180806e-05,9.577832333151482,0.00040170222279951835
5039,9.579832696853973,1.585022711868865e-05,9.579832696853973,0.00040076247585509175
5040,9.581833060556464,1.5813696324386056e-05,9.581833060556464,0.00039982641963380464
5041,9.583833424258955,1.5777306324218037e-05,9.583833424258955,0.0003988940337934164
5042,9.585833787961446,1.574105635940684e-05,9.585833787961446,0.0003979652981357275
5043,9.587834151663937,1.5704945676407602e-05,9.58783415166394,0.0003970401926053296
5044,9.58983451536643,1.566897352686444e-05,9.589834515366428,0.00039611869728837465
5045,9.591834879068921,1.5633139167567076e-05,9.591834879068921,0.0003952007924113506
5046,9.593835242771412,1.559744186040765e-05,9.593835242771412,0.00039428645833987776
5047,9.595835606473903,1.5561880872338215e-05,9.595835606473905,0.0003933756755775102
5048,9.597835970176394,1.5526455475328484e-05,9.597835970176394,0.0003924684247645533
5049,9.599836333878887,1.549116494632407e-05,9.599836333878887,0.000391564686676889
5050,9.601836697581378,1.5456008567205213e-05,9.601836697581378,0.00039066444222482055
5051,9.603837061283869,1.5420985624745612e-05,9.60383706128387,0.0003897676724519212
5052,9.60583742498636,1.538609541057202e-05,9.60583742498636,0.00038887435853389955
5053,9.607837788688851,1.5351337221124017e-05,9.607837788688851,0.00038798448177747075
5054,9.609838152391342,1.5316710357614237e-05,9.609838152391344,0.0003870980236192481
5055,9.611838516093835,1.5282214125988957e-05,9.611838516093835,0.00038621496562463723
5056,9.613838879796326,1.5247847836889193e-05,9.613838879796326,0.00038533528948674577
5057,9.615839243498817,1.5213610805611905e-05,9.615839243498817,0.0003844589770253001
5058,9.617839607201308,1.517950235207185e-05,9.61783960720131,0.0003835860101855805
5059,9.619839970903799,1.5145521800763674e-05,9.6198399709038,0.0003827163710373582
5060,9.621840334606292,1.511166848072437e-05,9.621840334606292,0.0003818500417738495
5061,9.623840698308783,1.5077941725496202e-05,9.623840698308783,0.0003809870047106736
5062,9.625841062011274,1.5044340873089778e-05,9.625841062011274,0.00038012724228483045
5063,9.627841425713765,1.5010865265947683e-05,9.627841425713767,0.00037927073705367945
5064,9.629841789416256,1.4977514250908383e-05,9.629841789416256,0.00037841747169393427
5065,9.631842153118747,1.4944287179170445e-05,9.631842153118749,0.00037756742900066137
5066,9.63384251682124,1.491118340625713e-05,9.63384251682124,0.00037672059188629826
5067,9.63584288052373,1.4878202291981411e-05,9.635842880523732,0.000375876943379671
5068,9.637843244226222,1.4845343200411074e-05,9.637843244226222,0.00037503646662502934
5069,9.639843607928713,1.481260549983446e-05,9.639843607928714,0.00037419914488108323
5070,9.641843971631204,1.4779988562726314e-05,9.641843971631205,0.00037336496152005926
5071,9.643844335333696,1.4747491765714033e-05,9.643844335333698,0.0003725339000267575
5072,9.645844699036187,1.4715114489544326e-05,9.645844699036187,0.00037170594399762167
5073,9.647845062738678,1.4682856119049963e-05,9.647845062738678,0.000370881077139815
5074,9.64984542644117,1.4650716043117059e-05,9.649845426441171,0.0003700592832703118
5075,9.65184579014366,1.4618693654652555e-05,9.651845790143662,0.0003692405463149906
5076,9.653846153846153,1.4586788350552049e-05,9.653846153846153,0.00036842485030774133
5077,9.655846517548644,1.455499953166788e-05,9.655846517548644,0.00036761217938957504
5078,9.657846881251135,1.4523326602777639e-05,9.657846881251137,0.00036680251780775105
5079,9.659847244953626,1.4491768972552752e-05,9.659847244953628,0.00036599584991490525
5080,9.66184760865612,1.4460326053527572e-05,9.66184760865612,0.0003651921601681901
5081,9.66384797235861,1.4428997262068659e-05,9.66384797235861,0.00036439143312842005
5082,9.665848336061101,1.4397782018344345e-05,9.665848336061101,0.00036359365345923025
5083,9.667848699763594,1.4366679746294704e-05,9.667848699763594,0.0003627988059262391
5084,9.669849063466085,1.4335689873601546e-05,9.669849063466083,0.0003620068753962206
5085,9.671849427168576,1.430481183165895e-05,9.671849427168576,0.00036121784683628165
5086,9.673849790871067,1.427404505554395e-05,9.673849790871067,0.00036043170531305403
5087,9.675850154573558,1.4243388983987511e-05,9.67585015457356,0.0003596484359918871
5088,9.67785051827605,1.4212843059345742e-05,9.677850518276049,0.00035886802413605186
5089,9.679850881978542,1.4182406727571506e-05,9.679850881978542,0.0003580904551059501
5090,9.681851245681033,1.415207943818606e-05,9.681851245681033,0.0003573157143583354
5091,9.683851609383524,1.4121860644251183e-05,9.683851609383522,0.00035654378744553805
5092,9.685851973086015,1.4091749802341456e-05,9.685851973086015,0.000355774660014695
5093,9.687852336788508,1.4061746372516766e-05,9.687852336788506,0.00035500831780699543
5094,9.689852700490999,1.4031849818295226e-05,9.689852700490999,0.0003542447466569244
5095,9.69185306419349,1.4002059606626076e-05,9.691853064193488,0.00035348393249151985
5096,9.69385342789598,1.3972375207863075e-05,9.69385342789598,0.00035272586132963085
5097,9.695853791598472,1.3942796095738024e-05,9.695853791598472,0.00035197051928119075
5098,9.697854155300963,1.3913321747334552e-05,9.697854155300965,0.0003512178925464902
5099,9.699854519003456,1.3883951643062134e-05,9.699854519003454,0.00035046796741546016
5100,9.701854882705947,1.3854685266630404e-05,9.701854882705947,0.0003497207302669587
5101,9.703855246408438,1.3825522105023558e-05,9.703855246408438,0.0003489761675680712
5102,9.705855610110929,1.3796461648475162e-05,9.705855610110929,0.00034823426587340896
5103,9.70785597381342,1.3767503390443066e-05,9.70785597381342,0.0003474950118244206
5104,9.709856337515912,1.3738646827584603e-05,9.70985633751591,0.0003467583921487036
5105,9.711856701218403,1.3709891459732065e-05,9.711856701218403,0.0003460243936593308
5106,9.713857064920894,1.368123678986821e-05,9.713857064920894,0.0003452930032541754
5107,9.715857428623385,1.3652682324102202e-05,9.715857428623385,0.00034456420791524644
5108,9.717857792325876,1.3624227571645656e-05,9.717857792325876,0.00034383799470802677
5109,9.719858156028367,1.3595872044788937e-05,9.71985815602837,0.00034311435078082333
5110,9.72185851973086,1.3567615258877638e-05,9.72185851973086,0.0003423932633641175
5111,9.723858883433351,1.3539456732289356e-05,9.72385888343335,0.0003416747197699242
5112,9.725859247135842,1.351139598641051e-05,9.725859247135842,0.00034095870739115486
5113,9.727859610838333,1.3483432545613537e-05,9.727859610838333,0.00034024521370099015
5114,9.729859974540824,1.3455565937234214e-05,9.729859974540826,0.00033953422625225506
5115,9.731860338243317,1.3427795691549162e-05,9.731860338243315,0.00033882573267680097
5116,9.733860701945808,1.3400121341753672e-05,9.733860701945808,0.000338119720684891
5117,9.7358610656483,1.3372542423939502e-05,9.7358610656483,0.000337416178064597
5118,9.73786142935079,1.3345058477073105e-05,9.737861429350792,0.00033671509268119526
5119,9.739861793053281,1.331766904297393e-05,9.739861793053281,0.0003360164524765726
5120,9.741862156755772,1.3290373666292922e-05,9.741862156755774,0.0003353202454686329
5121,9.743862520458265,1.3263171894491222e-05,9.743862520458265,0.00033462645975071594
5122,9.745862884160756,1.3236063277819157e-05,9.745862884160756,0.00033393508349101536
5123,9.747863247863247,1.3209047369295173e-05,9.747863247863247,0.0003332461049320052
5124,9.749863611565738,1.31821237246852e-05,9.749863611565738,0.00033255951238986845
5125,9.751863975268229,1.3155291902482077e-05,9.75186397526823,0.0003318752942539364
5126,9.753864338970722,1.312855146388517e-05,9.753864338970722,0.0003311934389861274
5127,9.755864702673213,1.3101901972780242e-05,9.755864702673213,0.0003305139351203941
5128,9.757865066375704,1.3075342995719347e-05,9.757865066375704,0.0003298367712621718
5129,9.759865430078195,1.3048874101901054e-05,9.759865430078197,0.0003291619360878385
5130,9.761865793780686,1.3022494863150768e-05,9.761865793780688,0.00032848941834417306
5131,9.763866157483179,1.2996204853901216e-05,9.763866157483177,0.0003278192068478222
5132,9.76586652118567,1.2970003651173215e-05,9.76586652118567,0.00032715129048476875
5133,9.76786688488816,1.2943890834556387e-05,9.76786688488816,0.0003264856582098101
5134,9.769867248590652,1.2917865986190262e-05,9.769867248590653,0.00032582229904603644
5135,9.771867612293143,1.2891928690745439e-05,9.771867612293143,0.0003251612020843156
5136,9.773867975995634,1.286607853540491e-05,9.773867975995636,0.00032450235648278074
5137,9.775868339698127,1.2840315109845583e-05,9.775868339698127,0.00032384575146632717
5138,9.777868703400618,1.2814638006219978e-05,9.77786870340062,0.0003231913763261082
5139,9.779869067103109,1.2789046819137963e-05,9.779869067103109,0.00032253922041903925
5140,9.7818694308056,1.2763541145648823e-05,9.781869430805601,0.00032188927316730226
5141,9.78386979450809,1.273812058522334e-05,9.783869794508092,0.00032124152405786096
5142,9.785870158210583,1.2712784739736095e-05,9.785870158210583,0.0003205959626419741
5143,9.787870521913074,1.2687533213447987e-05,9.787870521913074,0.00031995257853471696
5144,9.789870885615565,1.2662365612988681e-05,9.789870885615565,0.00031931136141450273
5145,9.791871249318056,1.2637281547339475e-05,9.791871249318058,0.0003186723010226149
5146,9.793871613020547,1.2612280627816121e-05,9.79387161302055,0.0003180353871627378
5147,9.795871976723038,1.2587362468051916e-05,9.79587197672304,0.0003174006097004939
5148,9.797872340425531,1.2562526683980821e-05,9.797872340425531,0.0003167679585629823
5149,9.799872704128022,1.2537772893820888e-05,9.799872704128024,0.0003161374237383277
5150,9.801873067830513,1.2513100718057604e-05,9.801873067830513,0.00031550899527522653
5151,9.803873431533004,1.248850977942759e-05,9.803873431533004,0.00031488266328249875
5152,9.805873795235497,1.246399970290232e-05,9.805873795235497,0.0003142584179286473
5153,9.807874158937988,1.2439570115671983e-05,9.807874158937988,0.0003136362494414166
5154,9.809874522640479,1.2415220647129605e-05,9.809874522640479,0.0003130161481073579
5155,9.81187488634297,1.2390950928855072e-05,9.81187488634297,0.0003123981042713954
5156,9.813875250045463,1.2366760594599521e-05,9.813875250045463,0.00031178210833640075
5157,9.815875613747954,1.2342649280269724e-05,9.815875613747954,0.00031116815076276736
5158,9.817875977450445,1.2318616623912668e-05,9.817875977450445,0.0003105562220679898
5159,9.819876341152936,1.2294662265700213e-05,9.819876341152936,0.0003099463128262447
5160,9.821876704855429,1.2270785847913973e-05,9.821876704855429,0.0003093384136679812
5161,9.82387706855792,1.2246987014930188e-05,9.82387706855792,0.00030873251527950774
5162,9.82587743226041,1.2223265413204813e-05,9.825877432260409,0.00030812860840258717
5163,9.827877795962902,1.219962069125875e-05,9.827877795962902,0.00030752668383403185
5164,9.829878159665395,1.2176052499663122e-05,9.829878159665393,0.00030692673242530683
5165,9.831878523367886,1.2152560491024788e-05,9.831878523367886,0.0003063287450821322
5166,9.833878887070377,1.2129144319971806e-05,9.833878887070375,0.00030573271276409077
5167,9.835879250772868,1.2105803643139208e-05,9.835879250772868,0.0003051386264842376
5168,9.837879614475359,1.2082538119154744e-05,9.837879614475359,0.0003045464773087159
5169,9.83987997817785,1.2059347408624855e-05,9.839879978177851,0.0003039562563563733
5170,9.841880341880342,1.2036231174120666e-05,9.84188034188034,0.0003033679547983829
5171,9.843880705582833,1.201318908016421e-05,9.843880705582832,0.0003027815638578651
5172,9.845881069285324,1.1990220793214612e-05,9.845881069285324,0.00030219707480951745
5173,9.847881432987815,1.1967325981654536e-05,9.847881432987815,0.00030161447897924284
5174,9.849881796690307,1.194450431577666e-05,9.849881796690307,0.00030103376774378405
5175,9.8518821603928,1.192175546777028e-05,9.851882160392798,0.00030045493253035764
5176,9.85388252409529,1.1899079111708077e-05,9.85388252409529,0.00029987796481629645
5177,9.855882887797781,1.187647492353287e-05,9.855882887797781,0.00029930285612869023
5178,9.857883251500272,1.1853942581044608e-05,9.857883251500272,0.0002987295980440324
5179,9.859883615202763,1.1831481763887395e-05,9.859883615202763,0.0002981581821878654
5180,9.861883978905254,1.1809092153536646e-05,9.861883978905256,0.00029758860023443675
5181,9.863884342607747,1.1786773433286331e-05,9.863884342607747,0.00029702084390634996
5182,9.865884706310238,1.1764525288236397e-05,9.865884706310236,0.00029645490497422347
5183,9.86788507001273,1.1742347405280133e-05,9.86788507001273,0.0002958907752563484
5184,9.86988543371522,1.1720239473091811e-05,9.86988543371522,0.00029532844661835496
5185,9.871885797417711,1.169820118211433e-05,9.871885797417713,0.00029476791097287567
5186,9.873886161120204,1.1676232224546968e-05,9.873886161120202,0.00029420916027921533
5187,9.875886524822695,1.1654332294333328e-05,9.875886524822695,0.00029365218654301995
5188,9.877886888525186,1.1632501087149184e-05,9.877886888525186,0.00029309698181595407
5189,9.879887252227677,1.1610738300390644e-05,9.879887252227679,0.0002925435381953755
5190,9.881887615930168,1.158904363316227e-05,9.881887615930168,0.00029199184782401565
5191,9.883887979632659,1.1567416786265342e-05,9.883887979632659,0.00029144190288965923
5192,9.885888343335152,1.15458574621862e-05,9.885888343335152,0.000290893695624833
5193,9.887888707037643,1.1524365365084753e-05,9.887888707037643,0.00029034721830648963
5194,9.889889070740134,1.150294020078292e-05,9.889889070740134,0.0002898024632557001
5195,9.891889434442625,1.1481581676753328e-05,9.891889434442625,0.000289259422837343
5196,9.893889798145116,1.1460289502108022e-05,9.893889798145118,0.00028871808945980294
5197,9.895890161847609,1.1439063387587263e-05,9.895890161847609,0.00028817845557466636
5198,9.8978905255501,1.1417903045548498e-05,9.8978905255501,0.0002876405136764217
5199,9.89989088925259,1.1396808189955256e-05,9.89989088925259,0.0002871042563021606
5200,9.901891252955082,1.1375778536366292e-05,9.901891252955084,0.0002865696760312855
5201,9.903891616657573,1.1354813801924745e-05,9.903891616657575,0.0002860367654852146
5202,9.905891980360064,1.1333913705347394e-05,9.905891980360064,0.00028550551732709314
5203,9.907892344062557,1.1313077966913973e-05,9.907892344062557,0.00028497592426150286
5204,9.909892707765048,1.1292306308456687e-05,9.909892707765048,0.00028444797903417985
5205,9.911893071467539,1.1271598453349587e-05,9.91189307146754,0.000283921674431729
5206,9.91389343517003,1.1250954126498274e-05,9.91389343517003,0.0002833970032813437
5207,9.91589379887252,1.1230373054329521e-05,9.915893798872522,0.0002828739584505259
5208,9.917894162575013,1.1209854964781042e-05,9.917894162575013,0.0002823525328468123
5209,9.919894526277504,1.1189399587291384e-05,9.919894526277504,0.0002818327194174981
5210,9.921894889979995,1.116900665278975e-05,9.921894889979995,0.0002813145111493645
5211,9.923895253682486,1.1148675893686076e-05,9.923895253682486,0.00028079790106841113
5212,9.925895617384977,1.1128407043861083e-05,9.92589561738498,0.00028028288223958664
5213,9.927895981087469,1.1108199838656432e-05,9.927895981087469,0.0002797694477665245
5214,9.929896344789961,1.108805401486496e-05,9.929896344789961,0.00027925759079127727
5215,9.931896708492452,1.1067969310721028e-05,9.931896708492452,0.0002787473044940586
5216,9.933897072194943,1.1047945465890846e-05,9.933897072194945,0.00027823858209298226
5217,9.935897435897434,1.1027982221462977e-05,9.935897435897434,0.0002777314168438056
5218,9.937897799599925,1.1008079319938867e-05,9.937897799599927,0.00027722580203967304
5219,9.939898163302418,1.0988236505223443e-05,9.939898163302418,0.00027672173101086616
5220,9.94189852700491,1.0968453522615855e-05,9.941898527004911,0.0002762191971245502
5221,9.9438988907074,1.0948730118800155e-05,9.9438988907074,0.00027571819378452683
5222,9.945899254409891,1.0929066041836177e-05,9.945899254409891,0.00027521871443098484
5223,9.947899618112382,1.090946104115042e-05,9.947899618112384,0.0002747207525402581
5224,9.949899981814873,1.0889914867527042e-05,9.949899981814875,0.00027422430162458067
5225,9.951900345517366,1.0870427273098868e-05,9.951900345517366,0.0002737293552318469
5226,9.953900709219857,1.0850998011338574e-05,9.953900709219857,0.0002732359069453698
5227,9.955901072922348,1.083162683704977e-05,9.95590107292235,0.00027274395038364715
5228,9.957901436624839,1.081231350635832e-05,9.95790143662484,0.0002722534792001236
5229,9.959901800327332,1.0793057776703643e-05,9.959901800327332,0.0002717644870829588
5230,9.961902164029823,1.0773859406830072e-05,9.961902164029823,0.0002712769677547929
5231,9.963902527732314,1.075471815677838e-05,9.963902527732314,0.0002707909149725206
5232,9.965902891434807,1.0735633787877203e-05,9.965902891434807,0.0002703063225270598
5233,9.967903255137298,1.0716606062734677e-05,9.967903255137296,0.0002698231842431276
5234,9.969903618839789,1.0697634745230077e-05,9.969903618839789,0.0002693414939790131
5235,9.97190398254228,1.0678719600505531e-05,9.97190398254228,0.0002688612456263575
5236,9.973904346244773,1.065986039495777e-05,9.973904346244773,0.0002683824331099317
5237,9.975904709947264,1.064105689623004e-05,9.975904709947262,0.0002679050503874174
5238,9.977905073649755,1.0622308873203895e-05,9.977905073649755,0.0002674290914491878
5239,9.979905437352246,1.0603616095991249e-05,9.979905437352246,0.00026695455031809526
5240,9.981905801054737,1.0584978335926356e-05,9.981905801054738,0.00026648142104925395
5241,9.98390616475723,1.0566395365557889e-05,9.983906164757228,0.00026600969772982904
5242,9.98590652845972,1.0547866958641162e-05,9.985906528459719,0.0002655393744788241
5243,9.987906892162211,1.052939289013022e-05,9.987906892162211,0.00026507044544687433
5244,9.989907255864702,1.0510972936170182e-05,9.989907255864702,0.00026460290481603705
5245,9.991907619567193,1.049260687408954e-05,9.991907619567193,0.00026413674679958706
5246,9.993907983269684,1.0474294482392554e-05,9.993907983269684,0.00026367196564180983
5247,9.995908346972177,1.045603554075166e-05,9.995908346972177,0.0002632085556178017
5248,9.997908710674668,1.0437829830000032e-05,9.997908710674668,0.0002627465110332669
5249,9.99990907437716,1.0419677132124055e-05,9.99990907437716,0.0002622858262243188
5250,10.00190943807965,1.040157723025598e-05,10.00190943807965,0.00026182649555727913
5251,10.003909801782141,1.0383529908666587e-05,10.003909801782141,0.00026136851342848543
5252,10.005910165484634,1.036553495275789e-05,10.005910165484634,0.0002609118742640929
5253,10.007910529187125,1.0347592149055954e-05,10.007910529187123,0.00026045657251988225
5254,10.009910892889616,1.032970128520367e-05,10.009910892889616,0.00026000260268106554
5255,10.011911256592107,1.0311862149953666e-05,10.011911256592107,0.00025954995926209844
5256,10.013911620294598,1.029407453316124e-05,10.0139116202946,0.0002590986368064889
5257,10.01591198399709,1.0276338225777358e-05,10.01591198399709,0.0002586486298866103
5258,10.017912347699582,1.0258653019841681e-05,10.017912347699582,0.0002581999331035135
5259,10.019912711402073,1.0241018708475703e-05,10.019912711402073,0.0002577525410867447
5260,10.021913075104564,1.0223435085875824e-05,10.021913075104566,0.0002573064484941597
5261,10.023913438807055,1.0205901947306604e-05,10.023913438807055,0.0002568616500117427
5262,10.025913802509546,1.0188419089093993e-05,10.025913802509546,0.00025641814035342464
5263,10.027914166212039,1.0170986308618616e-05,10.027914166212039,0.00025597591426090513
5264,10.02991452991453,1.0153603404309177e-05,10.02991452991453,0.0002555349665034738
5265,10.03191489361702,1.0136270175635783e-05,10.03191489361702,0.00025509529187783386
5266,10.033915257319512,1.0118986423103422e-05,10.033915257319512,0.0002546568852079253
5267,10.035915621022003,1.0101751948245464e-05,10.035915621022005,0.00025421974134475346
5268,10.037915984724494,1.0084566553617216e-05,10.037915984724494,0.00025378385516621485
5269,10.039916348426987,1.0067430042789457e-05,10.039916348426987,0.000253349221576925
5270,10.041916712129478,1.0050342220342173e-05,10.041916712129478,0.00025291583550805
5271,10.043917075831969,1.003330289185814e-05,10.043917075831969,0.0002524836919171369
5272,10.04591743953446,1.001631186391672e-05,10.04591743953446,0.00025205278578794627
5273,10.04791780323695,9.999368944087609e-06,10.04791780323695,0.00025162311213028485
5274,10.049918166939444,9.982473940924673e-06,10.049918166939444,0.0002511946659798425
5275,10.051918530641935,9.965626663959841e-06,10.051918530641935,0.000250767442398027
5276,10.053918894344426,9.948826923696966e-06,10.053918894344426,0.000250341436471802
5277,10.055919258046917,9.932074531605814e-06,10.055919258046917,0.00024991664331352434
5278,10.057919621749408,9.91536930011608e-06,10.05791962174941,0.00024949305806078593
5279,10.059919985451899,9.898711042611406e-06,10.0599199854519,0.00024907067587625345
5280,10.061920349154391,9.882099573423472e-06,10.06192034915439,0.00024864949194751125
5281,10.063920712856882,9.865534707826186e-06,10.063920712856882,0.000248229501486903
5282,10.065921076559373,9.849016262029775e-06,10.065921076559373,0.0002478106997313786
5283,10.067921440261864,9.83254405317506e-06,10.067921440261866,0.0002473930819423386
5284,10.069921803964355,9.816117899327693e-06,10.069921803964355,0.00024697664340548117
5285,10.071922167666848,9.799737619472464e-06,10.071922167666848,0.00024656137943064924
5286,10.07392253136934,9.783403033507676e-06,10.07392253136934,0.0002461472853516813
5287,10.07592289507183,9.767113962239476e-06,10.075922895071832,0.00024573435652626034
5288,10.077923258774321,9.750870227376304e-06,10.077923258774321,0.00024532258833576576
5289,10.079923622476812,9.734671651523366e-06,10.079923622476814,0.00024491197618512443
5290,10.081923986179303,9.718518058177138e-06,10.081923986179305,0.0002445025155026661
5291,10.083924349881796,9.702409271719882e-06,10.083924349881796,0.00024409420173997692
5292,10.085924713584287,9.686345117414305e-06,10.085924713584287,0.00024368703037175513
5293,10.087925077286778,9.67032542139809e-06,10.087925077286778,0.000243280996895667
5294,10.08992544098927,9.654350010678609e-06,10.089925440989271,0.00024287609683220618
5295,10.09192580469176,9.638418713127616e-06,10.091925804691762,0.00024247232572455126
5296,10.093926168394253,9.62253135747598e-06,10.093926168394253,0.0002420696791384261
5297,10.095926532096744,9.606687773308496e-06,10.095926532096744,0.00024166815266195958
5298,10.097926895799235,9.590887791058631e-06,10.097926895799237,0.00024126774190554907
5299,10.099927259501726,9.575131242003424e-06,10.099927259501728,0.00024086844250172223
5300,10.101927623204217,9.559417958258362e-06,10.101927623204217,0.00024047025010500136
5301,10.10392798690671,9.543747772772308e-06,10.10392798690671,0.00024007316039176675
5302,10.1059283506092,9.528120519322442e-06,10.1059283506092,0.00023967716906012488
5303,10.107928714311692,9.512536032509303e-06,10.107928714311694,0.00023928227182977346
5304,10.109929078014183,9.49699414775176e-06,10.109929078014183,0.00023888846444186998
5305,10.111929441716676,9.481494701282115e-06,10.111929441716676,0.00023849574265889906
5306,10.113929805419167,9.466037530141206e-06,10.113929805419167,0.00023810410226454413
5307,10.115930169121658,9.450622472173516e-06,10.11593016912166,0.0002377135390635565
5308,10.117930532824149,9.435249366022404e-06,10.117930532824149,0.00023732404888162804
5309,10.119930896526641,9.419918051125239e-06,10.119930896526641,0.0002369356275652614
5310,10.121931260229132,9.404628367708674e-06,10.121931260229132,0.00023654827098164622
5311,10.123931623931623,9.389380156783925e-06,10.123931623931623,0.00023616197501853163
5312,10.125931987634115,9.374173260142063e-06,10.125931987634115,0.00023577673558410224
5313,10.127932351336607,9.359007520349348e-06,10.127932351336606,0.00023539254860685256
5314,10.129932715039098,9.343882780742652e-06,10.129932715039098,0.00023500941003546625
5315,10.13193307874159,9.328798885424777e-06,10.13193307874159,0.00023462731583869274
5316,10.13393344244408,9.313755679259962e-06,10.13393344244408,0.0002342462620052262
5317,10.135933806146571,9.29875300786932e-06,10.135933806146571,0.00023386624454358392
5318,10.137934169849064,9.28379071762634e-06,10.137934169849064,0.00023348725948198887
5319,10.139934533551555,9.268868655652457e-06,10.139934533551555,0.00023310930286824953
5320,10.141934897254046,9.253986669812558e-06,10.141934897254044,0.00023273237076964262
5321,10.143935260956537,9.2391446087106e-06,10.143935260956537,0.00023235645927279468
5322,10.145935624659028,9.224342321685257e-06,10.145935624659028,0.00023198156448356823
5323,10.14793598836152,9.209579658805538e-06,10.147935988361521,0.00023160768252694443
5324,10.149936352064012,9.1948564708665e-06,10.14993635206401,0.00023123480954690973
5325,10.151936715766503,9.180172609384971e-06,10.151936715766503,0.0002308629417063405
5326,10.153937079468994,9.165527926595261e-06,10.153937079468994,0.00023049207518689195
5327,10.155937443171485,9.150922275444963e-06,10.155937443171485,0.00023012220618888533
5328,10.157937806873976,9.136355509590754e-06,10.157937806873976,0.0002297533309311952
5329,10.159938170576469,9.121827483394209e-06,10.159938170576469,0.00022938544565114115
5330,10.16193853427896,9.107338051917716e-06,10.16193853427896,0.00022901854660437629
5331,10.163938897981451,9.092887070920302e-06,10.16393889798145,0.00022865263006477916
5332,10.165939261683942,9.078474396853598e-06,10.165939261683942,0.00022828769232434404
5333,10.167939625386433,9.064099886857756e-06,10.167939625386433,0.00022792372969307546
5334,10.169939989088924,9.049763398757456e-06,10.169939989088926,0.0002275607384988801
5335,10.171940352791417,9.035464791057866e-06,10.171940352791415,0.00022719871508746116
5336,10.173940716493908,9.021203922940748e-06,10.173940716493908,0.0002268376558222123
5337,10.175941080196399,9.006980654260418e-06,10.175941080196399,0.00022647755708411462
5338,10.17794144389889,8.992794845539908e-06,10.177941443898892,0.00022611841527163178
5339,10.17994180760138,8.978646357967038e-06,10.17994180760138,0.0002257602268006074
5340,10.181942171303874,8.964535053390563e-06,10.181942171303872,0.0002254029881041615
5341,10.183942535006365,8.950460794316372e-06,10.183942535006365,0.00022504669563259074
5342,10.185942898708856,8.936423443903616e-06,10.185942898708856,0.00022469134585326628
5343,10.187943262411347,8.922422865960967e-06,10.187943262411347,0.00022433693525053387
5344,10.189943626113838,8.90845892494286e-06,10.189943626113838,0.0002239834603256133
5345,10.191943989816329,8.894531485945744e-06,10.19194398981633,0.0002236309175965014
5346,10.193944353518821,8.88064041470438e-06,10.193944353518821,0.00022327930359787248
5347,10.195944717221312,8.866785577588201e-06,10.195944717221312,0.00022292861488098153
5348,10.197945080923803,8.852966841597583e-06,10.197945080923803,0.00022257884801356597
5349,10.199945444626294,8.839184074360266e-06,10.199945444626296,0.0002222299995797517
5350,10.201945808328786,8.825437144127731e-06,10.201945808328787,0.00022188206617995598
5351,10.203946172031278,8.811725919771611e-06,10.203946172031277,0.00022153504443079338
5352,10.20594653573377,8.798050270780178e-06,10.20594653573377,0.00022118893096498033
5353,10.20794689943626,8.78441006725474e-06,10.20794689943626,0.00022084372243124327
5354,10.209947263138751,8.77080517990617e-06,10.209947263138753,0.00022049941549422486
5355,10.211947626841242,8.75723548005143e-06,10.211947626841242,0.000220156006834392
5356,10.213947990543733,8.743700839610075e-06,10.213947990543735,0.00021981349314794294
5357,10.215948354246226,8.730201131100831e-06,10.215948354246226,0.00021947187114671837
5358,10.217948717948717,8.716736227638218e-06,10.217948717948719,0.00021913113755810958
5359,10.219949081651208,8.703306002929074e-06,10.219949081651208,0.00021879128912496933
5360,10.2219494453537,8.68991033126924e-06,10.2219494453537,0.00021845232260552148
5361,10.22394980905619,8.676549087540213e-06,10.223949809056192,0.00021811423477327435
5362,10.225950172758683,8.663222147205787e-06,10.225950172758683,0.00021777702241693132
5363,10.227950536461174,8.649929386308802e-06,10.227950536461174,0.00021744068234030435
5364,10.229950900163665,8.63667068146781e-06,10.229950900163665,0.00021710521136222564
5365,10.231951263866156,8.623445909873835e-06,10.231951263866158,0.00021677060631646383
5366,10.233951627568647,8.610254949287148e-06,10.233951627568649,0.00021643686405163634
5367,10.235951991271138,8.597097678034033e-06,10.23595199127114,0.00021610398143112592
5368,10.23795235497363,8.583973975003599e-06,10.23795235497363,0.0002157719553329943
5369,10.239952718676122,8.570883719644626e-06,10.239952718676124,0.00021544078264990047
5370,10.241953082378613,8.557826791962378e-06,10.241953082378615,0.00021511046028901585
5371,10.243953446081104,8.544803072515485e-06,10.243953446081104,0.00021478098517194256
5372,10.245953809783595,8.531812442412845e-06,10.245953809783597,0.0002144523542346297
5373,10.247954173486088,8.518854783310504e-06,10.247954173486088,0.0002141245644272936
5374,10.249954537188579,8.50592997740865e-06,10.24995453718858,0.00021379761271433565
5375,10.25195490089107,8.493037907448481e-06,10.25195490089107,0.00021347149607426214
5376,10.25395526459356,8.480178456709232e-06,10.253955264593563,0.0002131462114996032
5377,10.255955628296052,8.467351509005134e-06,10.255955628296054,0.0002128217559968351
5378,10.257955991998545,8.45455694868246e-06,10.257955991998546,0.00021249812658630005
5379,10.259956355701036,8.441794660616511e-06,10.259956355701036,0.00021217532030212854
5380,10.261956719403527,8.42906453020873e-06,10.261956719403527,0.00021185333419215997
5381,10.26395708310602,8.416366443383687e-06,10.26395708310602,0.00021153216531786742
5382,10.26595744680851,8.403700286586234e-06,10.26595744680851,0.0002112118107542793
5383,10.267957810511001,8.391065946778588e-06,10.267957810511001,0.00021089226758990378
5384,10.269958174213492,8.378463311437442e-06,10.269958174213492,0.00021057353292665163
5385,10.271958537915985,8.365892268551166e-06,10.271958537915985,0.00021025560387976288
5386,10.273958901618476,8.353352706616901e-06,10.273958901618474,0.00020993847757773084
5387,10.275959265320967,8.340844514637783e-06,10.275959265320967,0.00020962215116222702
5388,10.277959629023458,8.32836758212013e-06,10.277959629023458,0.0002093066217880291
5389,10.27995999272595,8.315921799070666e-06,10.279959992725951,0.00020899188662294615
5390,10.281960356428442,8.303507055993757e-06,10.28196035642844,0.0002086779428477467
5391,10.283960720130933,8.29112324388868e-06,10.283960720130931,0.00020836478765608486
5392,10.285961083833424,8.278770254246869e-06,10.285961083833424,0.0002080524182544304
5393,10.287961447535915,8.266447979049217e-06,10.287961447535915,0.00020774083186199575
5394,10.289961811238406,8.254156310763396e-06,10.289961811238406,0.0002074300257106663
5395,10.291962174940899,8.241895142341155e-06,10.291962174940897,0.00020711999704492792
5396,10.29396253864339,8.229664367215715e-06,10.29396253864339,0.00020681074312179926
5397,10.295962902345881,8.217463879299066e-06,10.295962902345881,0.00020650226121076082
5398,10.297963266048372,8.205293572979383e-06,10.297963266048372,0.00020619454859368625
5399,10.299963629750863,8.193153343118411e-06,10.299963629750863,0.00020588760256477263
5400,10.301963993453354,8.181043085048877e-06,10.301963993453354,0.00020558142043047427
5401,10.303964357155847,8.168962694571903e-06,10.303964357155847,0.00020527599950943305
5402,10.305964720858338,8.156912067954495e-06,10.305964720858336,0.00020497133713241245
5403,10.307965084560829,8.144891101926945e-06,10.307965084560829,0.00020466743064222903
5404,10.30996544826332,8.132899693680346e-06,10.30996544826332,0.00020436427739368778
5405,10.31196581196581,8.120937740864072e-06,10.311965811965813,0.0002040618747535151
5406,10.313966175668304,8.109005141583277e-06,10.313966175668302,0.0002037602201002934
5407,10.315966539370795,8.097101794396467e-06,10.315966539370795,0.00020345931082439527
5408,10.317966903073286,8.085227598312977e-06,10.317966903073286,0.00020315914432792004
5409,10.319967266775777,8.073382452790566e-06,10.319967266775778,0.0002028597180246285
5410,10.321967630478268,8.061566257732979e-06,10.321967630478268,0.00020256102933987954
5411,10.323967994180759,8.049778913487542e-06,10.323967994180759,0.00020226307571056528
5412,10.325968357883252,8.038020320842751e-06,10.325968357883252,0.00020196585458505024
5413,10.327968721585743,8.026290381025917e-06,10.327968721585743,0.0002016693634231068
5414,10.329969085288234,8.014588995700762e-06,10.329969085288234,0.00020137359969585404
5415,10.331969448990725,8.002916066965098e-06,10.331969448990725,0.00020107856088569432
5416,10.333969812693216,7.991271497348475e-06,10.333969812693217,0.00020078424448625394
5417,10.335970176395708,7.979655189809861e-06,10.335970176395708,0.00020049064800232053
5418,10.3379705400982,7.968067047735357e-06,10.3379705400982,0.00020019776894978305
5419,10.33997090380069,7.956506974935866e-06,10.33997090380069,0.00019990560485557045
5420,10.341971267503181,7.944974875644848e-06,10.341971267503181,0.00019961415325759317
5421,10.343971631205672,7.93347065451603e-06,10.343971631205674,0.0001993234117046831
5422,10.345971994908165,7.921994216621177e-06,10.345971994908163,0.00019903337775653397
5423,10.347972358610656,7.910545467447864e-06,10.347972358610656,0.00019874404898364252
5424,10.349972722313147,7.899124312897226e-06,10.349972722313147,0.00019845542296725093
5425,10.351973086015638,7.88773065928177e-06,10.35197308601564,0.00019816749729928838
5426,10.35397344971813,7.876364413323179e-06,10.35397344971813,0.00019788026958231334
5427,10.35597381342062,7.865025482150132e-06,10.355973813420622,0.00019759373742945558
5428,10.357974177123113,7.853713773296137e-06,10.357974177123113,0.00019730789846436058
5429,10.359974540825604,7.842429194697395e-06,10.359974540825606,0.0001970227503211322
5430,10.361974904528095,7.831171654690631e-06,10.361974904528095,0.00019673829064427678
5431,10.363975268230586,7.819941062010989e-06,10.363975268230586,0.00019645451708864627
5432,10.365975631933077,7.808737325789918e-06,10.365975631933079,0.00019617142731938447
5433,10.36797599563557,7.797560355553068e-06,10.36797599563557,0.0001958890190118705
5434,10.369976359338061,7.786410061218223e-06,10.369976359338061,0.00019560728985166485
5435,10.371976723040552,7.775286353093195e-06,10.371976723040552,0.00019532623753445378
5436,10.373977086743043,7.764189141873795e-06,10.373977086743045,0.00019504585976599668
5437,10.375977450445534,7.75311833864176e-06,10.375977450445536,0.0001947661542620714
5438,10.377977814148025,7.742073854862748e-06,10.377977814148027,0.00019448711874842133
5439,10.379978177850518,7.731055602384284e-06,10.379978177850518,0.00019420875096070106
5440,10.381978541553009,7.720063493433798e-06,10.381978541553009,0.00019393104864442553
5441,10.3839789052555,7.70909744061657e-06,10.383978905255502,0.00019365400955491627
5442,10.38597926895799,7.698157356913786e-06,10.38597926895799,0.00019337763145724993
5443,10.387979632660482,7.687243155680555e-06,10.387979632660484,0.00019310191212620556
5444,10.389979996362975,7.676354750643938e-06,10.389979996362975,0.00019282684934621456
5445,10.391980360065466,7.665492055901037e-06,10.391980360065466,0.00019255244091130876
5446,10.393980723767957,7.654654985917015e-06,10.393980723767957,0.00019227868462506917
5447,10.395981087470448,7.64384345552319e-06,10.39598108747045,0.00019200557830057654
5448,10.397981451172939,7.633057379915131e-06,10.39798145117294,0.00019173311976036057
5449,10.39998181487543,7.622296674650751e-06,10.39998181487543,0.00019146130683635044
5450,10.401982178577923,7.611561255648411e-06,10.401982178577923,0.000191190137369824
5451,10.403982542280414,7.600851039185076e-06,10.403982542280414,0.00019091960921136048
5452,10.405982905982905,7.590165941894399e-06,10.405982905982906,0.0001906497202207902
5453,10.407983269685396,7.579505880764901e-06,10.407983269685396,0.00019038046826714663
5454,10.409983633387888,7.568870773138127e-06,10.409983633387888,0.00019011185122861691
5455,10.41198399709038,7.558260536706795e-06,10.41198399709038,0.00018984386699249546
5456,10.41398436079287,7.547675089513016e-06,10.413984360792872,0.0001895765134551352
5457,10.415984724495361,7.537114349946435e-06,10.415984724495361,0.00018930978852190052
5458,10.417985088197854,7.526578236742467e-06,10.417985088197854,0.00018904369010711933
5459,10.419985451900345,7.516066668980496e-06,10.419985451900345,0.0001887782161340375
5460,10.421985815602836,7.505579566082108e-06,10.421985815602836,0.0001885133645347714
5461,10.423986179305329,7.495116847809313e-06,10.423986179305327,0.00018824913325026204
5462,10.42598654300782,7.484678434262817e-06,10.425986543007818,0.00018798552023022839
5463,10.427986906710311,7.474264245880245e-06,10.427986906710311,0.00018772252343312259
5464,10.429987270412802,7.463874203434423e-06,10.429987270412802,0.0001874601408260841
5465,10.431987634115293,7.4535082280316575e-06,10.431987634115293,0.00018719837038489465
5466,10.433987997817786,7.443166241110015e-06,10.433987997817784,0.00018693721009393265
5467,10.435988361520277,7.432848164437651e-06,10.435988361520277,0.00018667665794612986
5468,10.437988725222768,7.422553920111062e-06,10.437988725222768,0.00018641671194292617
5469,10.439989088925259,7.412283430553452e-06,10.439989088925257,0.0001861573700942261
5470,10.44198945262775,7.402036618513039e-06,10.44198945262775,0.00018589863041835393
5471,10.443989816330241,7.3918134070614016e-06,10.443989816330241,0.0001856404909420117
5472,10.445990180032734,7.381613719591819e-06,10.445990180032734,0.00018538294970023487
5473,10.447990543735225,7.371437479817657e-06,10.447990543735223,0.00018512600473635004
5474,10.449990907437716,7.3612846117706944e-06,10.449990907437716,0.00018486965410193117
5475,10.451991271140207,7.3511550397995314e-06,10.451991271140207,0.00018461389585675835
5476,10.453991634842698,7.341048688567971e-06,10.4539916348427,0.0001843587280687749
5477,10.45599199854519,7.330965483053404e-06,10.455991998545189,0.00018410414881404576
5478,10.457992362247682,7.32090534854525e-06,10.457992362247682,0.00018385015617671492
5479,10.459992725950173,7.3108682106433345e-06,10.459992725950173,0.00018359674824896535
5480,10.461993089652664,7.3008539952563375e-06,10.461993089652664,0.00018334392313097673
5481,10.463993453355155,7.290862628600224e-06,10.463993453355155,0.00018309167893088525
5482,10.465993817057646,7.280894037196692e-06,10.465993817057646,0.00018284001376474174
5483,10.467994180760138,7.270948147871613e-06,10.467994180760138,0.00018258892575647278
5484,10.46999454446263,7.261024887753539e-06,10.46999454446263,0.0001823384130378394
5485,10.47199490816512,7.251124184272111e-06,10.47199490816512,0.0001820884737483976
5486,10.473995271867611,7.241245965156586e-06,10.473995271867611,0.000181839106035458
5487,10.475995635570102,7.231390158434318e-06,10.475995635570104,0.00018159030805404717
5488,10.477995999272595,7.221556692429241e-06,10.477995999272595,0.0001813420779668681
5489,10.479996362975086,7.2117454957604224e-06,10.479996362975085,0.000181094413944261
5490,10.481996726677577,7.201956497340524e-06,10.481996726677577,0.00018084731416416429
5491,10.483997090380068,7.192189626374362e-06,10.483997090380068,0.0001806007768120767
5492,10.48599745408256,7.182444812357432e-06,10.485997454082561,0.00018035480008101864
5493,10.48799781778505,7.172721985074461e-06,10.48799781778505,0.00018010938217149426
5494,10.489998181487543,7.163021074597948e-06,10.489998181487543,0.00017986452129145272
5495,10.491998545190034,7.153342011286744e-06,10.491998545190034,0.00017962021565625202
5496,10.493998908892525,7.143684725784598e-06,10.493998908892527,0.00017937646348862045
5497,10.495999272595016,7.134049149018742e-06,10.495999272595016,0.00017913326301862025
5498,10.497999636297507,7.124435212198486e-06,10.497999636297509,0.00017889061248360928
5499,10.5,7.1148428468138045e-06,10.5,0.00017864851012820593
